/*--------------------------------*- C++ -*----------------------------------*\
| =========                 |                                                 |
| \\      /  F ield         | OpenFOAM: The Open Source CFD Toolbox           |
|  \\    /   O peration     | Version:  2506                                  |
|   \\  /    A nd           | Website:  www.openfoam.com                      |
|    \\/     M anipulation  |                                                 |
\*---------------------------------------------------------------------------*/
FoamFile
{
    version     2.0;
    format      ascii;
    arch        "LSB;label=32;scalar=64";
    class       volScalarField;
    location    "119.9718890538999";
    object      p;
}
// * * * * * * * * * * * * * * * * * * * * * * * * * * * * * * * * * * * * * //

dimensions      [0 2 -2 0 0 0 0];

internalField   nonuniform List<scalar> 
9700
(
0.00112729
0.00113023
0.00260323
0.0011189
0.0026138
0.00468824
0.00111954
0.00260998
0.00469651
0.00659352
0.00110469
0.00263018
0.00468387
0.00660041
0.0085575
0.00110158
0.00263877
0.00469371
0.00658514
0.00856291
0.0104989
0.00107077
0.0026716
0.00468222
0.00658946
0.00854508
0.0105037
0.0124444
0.0010546
0.00270826
0.00468239
0.00657028
0.00854358
0.0104852
0.0124499
0.0143831
0.00103042
0.0027446
0.00468164
0.00656145
0.00851582
0.0104806
0.0124327
0.0143909
0.0163168
0.00100251
0.00279424
0.00468323
0.00653776
0.00849211
0.0104481
0.0124284
0.0143773
0.0163285
0.0182405
0.000985787
0.00290727
0.00468972
0.00651224
0.00844478
0.0104143
0.0123957
0.0143776
0.0163212
0.0182577
0.0201493
0.000983725
0.00306785
0.00471801
0.00647599
0.00838485
0.0103492
0.0123577
0.0143503
0.0163306
0.0182591
0.0201734
0.0220381
0.00101809
0.00329693
0.00477397
0.00644231
0.00829655
0.0102596
0.0122828
0.0143164
0.0163153
0.0182824
0.0201858
0.0220702
0.0239015
0.00111481
0.00363321
0.00487743
0.00641065
0.00818174
0.0101223
0.012173
0.0142428
0.0162952
0.0182858
0.0202271
0.0220953
0.0239421
0.0257327
0.00133411
0.00410074
0.00506085
0.00638858
0.00802587
0.00992842
0.0119981
0.0141275
0.0162362
0.0182893
0.0202551
0.0221579
0.0239811
0.0257819
0.0275254
0.00172415
0.00475611
0.00535169
0.00638575
0.00782074
0.00964521
0.0117382
0.0139348
0.0161343
0.0182589
0.0202914
0.0222155
0.0240669
0.0258353
0.0275828
0.0292753
0.00237247
0.00564384
0.00581076
0.00640796
0.0075394
0.00924217
0.0113422
0.0136356
0.0159504
0.0181906
0.0203027
0.0222917
0.0241571
0.0259448
0.0276499
0.0293398
0.0309773
0.00335309
0.00673462
0.00645168
0.00646459
0.00715196
0.00864793
0.0107541
0.0131635
0.0156494
0.0180445
0.0202872
0.0223554
0.0242781
0.0260686
0.0277823
0.0294196
0.0310477
0.0326278
0.00513519
0.00790856
0.00721819
0.00642009
0.00656019
0.00778838
0.00985808
0.0124376
0.0151562
0.0177844
0.0202066
0.0224085
0.0244013
0.0262361
0.0279387
0.0295724
0.0311382
0.0327024
0.0342253
0.00800615
0.00940525
0.00796189
0.00613816
0.00544093
0.0063836
0.00853116
0.011309
0.0143729
0.0173328
0.0200283
0.0224165
0.0245335
0.0264214
0.0281512
0.0297583
0.0313082
0.0328014
0.0343025
0.0357685
0.0115814
0.011343
0.00875997
0.00532323
0.00342623
0.00389333
0.00625331
0.00957952
0.0131378
0.0165874
0.0196784
0.0223543
0.0246458
0.0266372
0.028397
0.0300115
0.0315189
0.0329842
0.0344073
0.0358465
0.0372572
0.0145896
0.0133359
0.0094873
0.00410942
0.000106983
-0.000411912
0.0022736
0.00648265
0.0111843
0.0153883
0.0190608
0.0221567
0.0247233
0.0268604
0.0286942
0.030312
0.0318059
0.0332137
0.0345981
0.0359542
0.0373344
0.0386928
0.0152043
0.0149686
0.0101565
0.00245742
-0.00409661
-0.00704023
-0.00455792
0.00108885
0.00764744
0.0134372
0.0180247
0.0217426
0.0247131
0.0270878
0.0290257
0.0306829
0.032152
0.0335262
0.0348398
0.0361483
0.0374424
0.0387678
0.0400778
0.0133972
0.0151361
0.0103904
0.000719255
-0.00902854
-0.0151955
-0.0147091
-0.0085708
0.00110392
0.00985883
0.0162766
0.0209774
0.0245553
0.0272797
0.0293998
0.031112
0.0325842
0.0339064
0.0351683
0.0363954
0.0376351
0.0388736
0.0401494
0.0414142
0.0100094
0.013718
0.00968126
-0.00106711
-0.0138805
-0.02441
-0.0273525
-0.022115
-0.0106176
0.0029659
0.0129777
0.0195993
0.0241396
0.0274004
0.0297889
0.0316182
0.0330937
0.0343841
0.0355696
0.03673
0.0378808
0.0390609
0.0402511
0.0414818
0.0427048
0.006118
0.0106478
0.00783829
-0.0028882
-0.0181093
-0.0332787
-0.0414697
-0.0386529
-0.0277694
-0.00911401
0.00639817
0.0168611
0.0232582
0.0273644
0.0301806
0.0321833
0.0337088
0.0349528
0.0360752
0.0371393
0.0382123
0.0392995
0.0404296
0.0415779
0.042768
0.0439535
0.00281643
0.00645936
0.004468
-0.00489088
-0.0212905
-0.0405945
-0.0548857
-0.0575794
-0.0469944
-0.026435
-0.00507383
0.0112302
0.0213271
0.0270234
0.0305106
0.0328162
0.0344172
0.0356479
0.0366795
0.0376546
0.0386169
0.0396195
0.0406564
0.0417454
0.0428578
0.0440124
0.045163
-0.000414483
0.00251724
0.000329872
-0.00750675
-0.0231278
-0.0453031
-0.0657416
-0.0756143
-0.069632
-0.0495587
-0.0216771
0.000914854
0.0171763
0.0259656
0.0306825
0.0334689
0.035246
0.0364597
0.0374227
0.0382704
0.0391246
0.0400083
0.0409582
0.041957
0.0430132
0.0440957
0.0452179
0.0463356
-0.00392996
-0.00206069
-0.00351005
-0.0098187
-0.0236655
-0.0465986
-0.0723187
-0.0901832
-0.0918286
-0.0749258
-0.0459105
-0.0155018
0.00912767
0.0233813
0.0304161
0.0340864
0.0361586
0.0374304
0.0382948
0.0390289
0.0397292
0.0404929
0.0413221
0.0422359
0.0432077
0.0442389
0.0452952
0.0463874
0.0474738
-0.00758752
-0.00688799
-0.00820406
-0.0115189
-0.0227665
-0.044742
-0.0731883
-0.0989315
-0.109966
-0.100309
-0.0723844
-0.0367104
-0.00436351
0.0179392
0.0292136
0.0344782
0.0371322
0.0385293
0.0393495
0.0399186
0.0404717
0.0410661
0.041771
0.0425684
0.0434614
0.0444164
0.0454275
0.0464597
0.0475235
0.0485793
-0.0113979
-0.0118635
-0.0129258
-0.0138722
-0.0215552
-0.0398309
-0.0688331
-0.0996539
-0.121286
-0.121527
-0.0991543
-0.0619302
-0.0225214
0.00832387
0.0261602
0.0343645
0.038031
0.0397608
0.040557
0.0409997
0.0413385
0.0417643
0.042296
0.0429727
0.0437591
0.0446449
0.0455893
0.0465831
0.0475923
0.048628
0.0496524
-0.0149251
-0.016899
-0.0174501
-0.0161926
-0.0203554
-0.0348506
-0.0597291
-0.0929638
-0.122478
-0.13554
-0.122292
-0.0879814
-0.0447589
-0.00586473
0.0201671
0.0332401
0.0386841
0.0410191
0.0419448
0.0422395
0.0423913
0.0425725
0.0429268
0.0434377
0.0441143
0.0449077
0.0457949
0.0467321
0.0477095
0.0486949
0.0497013
0.0506925
-0.0180517
-0.0212271
-0.0214444
-0.0178716
-0.0187157
-0.0293106
-0.0510384
-0.0794998
-0.114239
-0.13817
-0.138131
-0.111268
-0.0682997
-0.02381
0.0106249
0.0303528
0.0388638
0.0421742
0.0434234
0.0436806
0.043592
0.043546
0.0436464
0.0439843
0.0445127
0.0452137
0.0460259
0.0469191
0.0478497
0.0488092
0.049768
0.0507426
0.0516992
-0.0207501
-0.0245706
-0.0243458
-0.0187517
-0.0164014
-0.0232237
-0.0409496
-0.0671358
-0.0976073
-0.128825
-0.142534
-0.127663
-0.0899586
-0.0435842
-0.00240158
0.0250259
0.0381611
0.0431087
0.0448872
0.0452477
0.0449883
0.044643
0.0444974
0.0445925
0.0449658
0.0455449
0.0462871
0.0471243
0.0480239
0.0489451
0.0498826
0.0508107
0.0517514
0.0526707
-0.0222326
-0.0269486
-0.0257463
-0.0185277
-0.0135421
-0.0167267
-0.0299746
-0.0525284
-0.0825061
-0.110905
-0.13395
-0.133418
-0.105728
-0.0624248
-0.017757
0.0168333
0.0360662
0.0436391
0.046203
0.0468609
0.0465179
0.0459104
0.045436
0.0452892
0.04545
0.045904
0.0465568
0.0473492
0.0482116
0.0491135
0.0500189
0.0509286
0.0518222
0.0527255
0.0536051
-0.0214602
-0.0271595
-0.0256107
-0.0168671
-0.010172
-0.00976495
-0.0183768
-0.0369455
-0.0643306
-0.094484
-0.116696
-0.12839
-0.112814
-0.0770075
-0.0335292
0.0061323
0.0319013
0.0434859
0.0472637
0.0483277
0.0481131
0.0472808
0.0464994
0.0460273
0.0459732
0.0462614
0.0468299
0.0475688
0.0484118
0.0492932
0.0501883
0.0510696
0.0519457
0.0527999
0.0536625
0.0545008
-0.0184442
-0.0239518
-0.0234445
-0.0134924
-0.00595067
-0.00238856
-0.00634404
-0.0209226
-0.0451426
-0.0742477
-0.100693
-0.113673
-0.112385
-0.0855393
-0.0479008
-0.00604835
0.0254457
0.04196
0.0479114
0.0495833
0.0495525
0.048689
0.0476038
0.0468227
0.0464826
0.0466068
0.0470693
0.0477717
0.0485976
0.0494824
0.0503701
0.0512465
0.0520948
0.0529306
0.0537409
0.0545606
0.0553562
-0.0127374
-0.0175035
-0.0185048
-0.00897723
-0.00100239
0.00555801
0.00584768
-0.00493957
-0.0255209
-0.0529733
-0.0803322
-0.0996525
-0.1021
-0.0885361
-0.0589617
-0.0186574
0.0168735
0.0385686
0.0476016
0.0503875
0.0508368
0.049937
0.0486818
0.0475749
0.0469661
0.0468785
0.0472491
0.0479136
0.0487528
0.0496539
0.0505627
0.0514394
0.0522843
0.0530901
0.0538792
0.0546427
0.0554178
0.0561701
-0.00641015
-0.00896352
-0.00977275
-0.00295698
0.00498378
0.0142418
0.0176579
0.0106159
-0.00628442
-0.0310295
-0.0587822
-0.0814774
-0.0917129
-0.0837648
-0.063839
-0.0306909
0.00641321
0.0326024
0.0457836
0.0501306
0.0514613
0.0509064
0.049556
0.0482016
0.0473031
0.0470301
0.0472933
0.0479563
0.0488283
0.0497887
0.05074
0.0516484
0.0524958
0.0532955
0.05405
0.0547882
0.0555031
0.0562326
0.0569417
-0.00130349
0.000169283
6.29761e-05
0.00606695
0.0137642
0.0231325
0.0288405
0.0252266
0.0120535
-0.00977481
-0.0362448
-0.0613234
-0.077208
-0.0780473
-0.0625773
-0.0386179
-0.00551503
0.0234919
0.0412031
0.0485904
0.0506782
0.0510659
0.0499209
0.0484919
0.0473709
0.0469134
0.0471214
0.0478056
0.0487766
0.0498369
0.0508833
0.0518503
0.0527318
0.0535304
0.0542727
0.0549697
0.0556543
0.0563199
0.0570041
0.0576715
0.00256726
0.00636648
0.00958998
0.0158088
0.0242326
0.0335084
0.0391181
0.0386323
0.028923
0.0103085
-0.0144749
-0.0400822
-0.0602285
-0.0684822
-0.0602107
-0.0437691
-0.0148001
0.01069
0.0332134
0.0441256
0.0486566
0.0497704
0.049398
0.0480998
0.0469018
0.0463533
0.046548
0.0473529
0.0484895
0.0497448
0.0509455
0.0520288
0.0529734
0.0538003
0.0545327
0.0552086
0.0558445
0.0564746
0.0570919
0.0577327
0.0583603
0.0053494
0.00984934
0.0172704
0.0247421
0.0336964
0.0431493
0.0505692
0.0503102
0.0440194
0.0284871
0.00608861
-0.019307
-0.0419317
-0.0560652
-0.0556639
-0.0458259
-0.0269496
-0.000111217
0.0199466
0.0365635
0.0436445
0.0468965
0.0474084
0.0466229
0.0455149
0.0450075
0.0453463
0.0463673
0.0478352
0.0493976
0.0508723
0.0521435
0.0532088
0.0540913
0.054839
0.0554925
0.0560968
0.0566705
0.0572473
0.0578194
0.0584192
0.0590096
0.00696086
0.0123235
0.0221209
0.0312673
0.0408654
0.0512646
0.0593311
0.0629934
0.0565721
0.0444974
0.0245253
0.000326872
-0.0236756
-0.0419854
-0.0490522
-0.0459927
-0.034635
-0.0167821
0.00714068
0.0229618
0.0356729
0.0411068
0.043422
0.0434169
0.0426811
0.0423941
0.0430672
0.0445647
0.0465396
0.0486446
0.0505563
0.0521448
0.0534068
0.0543975
0.0551829
0.0558335
0.0564005
0.0569317
0.0574451
0.0579725
0.0585031
0.0590652
0.0596218
0.00736919
0.0125481
0.0244502
0.034713
0.0451402
0.0561203
0.0658502
0.070981
0.0699351
0.0573312
0.0406787
0.018037
-0.0063293
-0.0276169
-0.0407092
-0.0444968
-0.0410023
-0.0273073
-0.0120837
0.0081264
0.0219215
0.0322294
0.0365887
0.0379265
0.037737
0.0378289
0.0391108
0.0413373
0.0443088
0.0471519
0.0498505
0.0519404
0.0535275
0.0546984
0.0555646
0.0562275
0.0567704
0.0572488
0.0577095
0.0581678
0.0586509
0.0591447
0.0596733
0.0602001
0.00673584
0.0116968
0.0242015
0.0351808
0.0463233
0.0576358
0.0683105
0.07629
0.0772673
0.0709182
0.0532124
0.0335444
0.00957715
-0.0138342
-0.0313466
-0.0417993
-0.0452822
-0.0374971
-0.0247109
-0.0120492
0.00598366
0.018453
0.0266663
0.0296316
0.0301771
0.0306085
0.0326771
0.0359711
0.040288
0.0448975
0.0484732
0.0513916
0.053499
0.0549661
0.0559748
0.0566806
0.0572062
0.0576387
0.0580322
0.0584292
0.0588393
0.0592844
0.0597472
0.0602469
0.0607473
0.00557973
0.0104987
0.0223386
0.0333135
0.0447808
0.0562908
0.0673009
0.0767425
0.0821136
0.0783361
0.0667175
0.0451853
0.023515
-0.000823579
-0.0218569
-0.0380351
-0.0477237
-0.0462468
-0.0380427
-0.025429
-0.0139827
0.00240262
0.0127978
0.0183241
0.0198223
0.0203058
0.0227725
0.0273761
0.0335796
0.0404886
0.0461354
0.0502484
0.0532017
0.055153
0.0563975
0.0571935
0.0577188
0.0581038
0.0584311
0.0587488
0.0590914
0.059462
0.0598764
0.0603142
0.0607892
0.0612667
0.00451763
0.00929084
0.0198821
0.0301921
0.041427
0.0527538
0.0638443
0.0736697
0.0814456
0.0828513
0.0747135
0.0581755
0.0338652
0.0107204
-0.0128962
-0.0335172
-0.0485071
-0.0536553
-0.0503018
-0.0407464
-0.0269907
-0.0162909
-0.00332636
0.00411871
0.00655972
0.0071951
0.00907676
0.0144092
0.0220758
0.033149
0.0418725
0.0481841
0.0524342
0.055165
0.0568097
0.0577605
0.0583171
0.0586582
0.0589102
0.0591447
0.0593992
0.059699
0.0600399
0.0604313
0.0608493
0.0613038
0.0617619
0.00377232
0.00827342
0.0174905
0.0268031
0.0373112
0.0480863
0.0588206
0.068941
0.0769074
0.0819654
0.0790775
0.0669906
0.0459498
0.019488
-0.00489189
-0.0287535
-0.0481094
-0.0593706
-0.0615209
-0.0550966
-0.0430279
-0.0284044
-0.0197819
-0.0120754
-0.00844663
-0.00868538
-0.00745451
-0.00247369
0.00616936
0.0208037
0.0344358
0.0443271
0.0508962
0.0548595
0.0571428
0.0583811
0.0590022
0.0593167
0.0594854
0.0596211
0.0597803
0.0599871
0.060257
0.0605782
0.0609535
0.0613565
0.0617946
0.0622357
0.00326519
0.00744959
0.0154314
0.0236997
0.0332102
0.043183
0.053313
0.0630792
0.0717356
0.0774497
0.0787604
0.0719884
0.0555207
0.0301189
0.00191782
-0.0240697
-0.0470605
-0.0632384
-0.0708926
-0.0686535
-0.0581941
-0.0436743
-0.0305114
-0.0258713
-0.0249461
-0.0250804
-0.0265051
-0.0224396
-0.0127321
0.00415177
0.0224974
0.0372007
0.04782
0.0539816
0.0573114
0.0590056
0.0597932
0.0600839
0.0601745
0.0601948
0.0602376
0.0603424
0.0605187
0.0607718
0.0610824
0.0614472
0.0618405
0.0622648
0.0626908
0.00289171
0.0067692
0.0137487
0.0210575
0.029537
0.0385686
0.0479434
0.0571808
0.0656672
0.0724722
0.0756276
0.072968
0.0617246
0.0403446
0.0106468
-0.0188717
-0.0454119
-0.0654953
-0.0776624
-0.0801695
-0.0723708
-0.0584309
-0.043887
-0.0348857
-0.0361192
-0.042531
-0.044834
-0.0448864
-0.0350573
-0.018183
0.00585405
0.0254177
0.0418374
0.0519114
0.0570983
0.0595996
0.0606484
0.0609942
0.0609832
0.060883
0.0607878
0.060766
0.0608391
0.0610023
0.0612506
0.0615586
0.0619191
0.0623049
0.062717
0.0631291
0.00260287
0.00621304
0.0123909
0.0188771
0.0263951
0.0345036
0.0430275
0.0516156
0.0597555
0.066723
0.0713146
0.0714567
0.0644721
0.0479158
0.0215356
-0.0120343
-0.0414392
-0.0662705
-0.0820064
-0.0884088
-0.0844265
-0.0716158
-0.056946
-0.0454262
-0.0435059
-0.0514531
-0.0638223
-0.0653682
-0.0607095
-0.0423281
-0.0178705
0.00847133
0.0316832
0.0474625
0.0560367
0.0599682
0.0615777
0.062002
0.0619562
0.0616921
0.061445
0.0612729
0.0612167
0.0612809
0.0614472
0.0617014
0.0620136
0.0623737
0.0627525
0.0631536
0.063552
0.00237672
0.00576197
0.0112927
0.01709
0.0237764
0.0310193
0.0387267
0.0465778
0.0542363
0.0610933
0.0663163
0.0683409
0.0648697
0.0529089
0.0307424
-0.000170666
-0.036144
-0.0631117
-0.0838408
-0.0942611
-0.0928659
-0.0825629
-0.0678711
-0.055656
-0.0503369
-0.0580517
-0.0706928
-0.0859874
-0.0826702
-0.0702544
-0.0430275
-0.0124866
0.0164736
0.0394307
0.0531429
0.0597817
0.0623874
0.0631604
0.0630357
0.0626692
0.0622158
0.0618726
0.0616639
0.0616033
0.0616802
0.0618637
0.0621326
0.0624532
0.0628132
0.0631861
0.0635761
0.0639599
0.002203
0.00539163
0.0104054
0.015629
0.0216106
0.0280968
0.0350279
0.0421837
0.0492483
0.0558407
0.0612382
0.0644708
0.063541
0.055794
0.0384989
0.011086
-0.0229518
-0.0585244
-0.0807976
-0.0956416
-0.0983479
-0.0899105
-0.076144
-0.0633797
-0.0555453
-0.0626392
-0.0766951
-0.0916008
-0.105007
-0.0924189
-0.0709147
-0.0369587
-0.00222342
0.0271149
0.0472687
0.0582531
0.062858
0.0642426
0.0643217
0.0637461
0.0631406
0.0625711
0.0621843
0.0619782
0.061942
0.0620505
0.0622626
0.0625514
0.0628817
0.0632418
0.0636073
0.0639847
0.0643523
0.00206539
0.0050924
0.0096858
0.0144389
0.019829
0.0256625
0.0319104
0.0383945
0.0449029
0.0510736
0.056474
0.0602576
0.0612207
0.0568673
0.0444461
0.0220937
-0.00924924
-0.0438388
-0.0760194
-0.0909168
-0.0988764
-0.0930352
-0.0808338
-0.0681391
-0.0593769
-0.0663546
-0.078433
-0.0972952
-0.110713
-0.117183
-0.0930018
-0.0628252
-0.0248696
0.0106966
0.0376356
0.0543706
0.0623284
0.0651312
0.0655112
0.0650616
0.0641503
0.0633939
0.0627829
0.0624027
0.0622369
0.0622504
0.0624057
0.0626536
0.0629643
0.0633033
0.0636613
0.0640164
0.0643789
0.0647281
0.00196259
0.00484549
0.00910879
0.0134687
0.0183701
0.0236485
0.0292994
0.0351907
0.0411459
0.0469182
0.0521091
0.0562131
0.0582439
0.0566357
0.0485417
0.0316538
0.00531052
-0.027626
-0.059183
-0.0859966
-0.0924457
-0.0917645
-0.081235
-0.0699076
-0.0630089
-0.0671642
-0.0783735
-0.0966929
-0.116223
-0.123544
-0.11974
-0.0849544
-0.0482486
-0.00931106
0.0240376
0.0471927
0.0599803
0.065195
0.066653
0.066232
0.0653954
0.064278
0.063471
0.0628791
0.0625549
0.0624632
0.062547
0.0627589
0.0630451
0.063376
0.0637203
0.0640721
0.0644128
0.0647575
0.0650856
0.00187881
0.00465304
0.00864059
0.0126861
0.0171764
0.0219905
0.0271282
0.0324951
0.0379593
0.0433131
0.0482844
0.0524349
0.0551668
0.0553311
0.0509776
0.0393833
0.0187515
-0.00948126
-0.0409816
-0.0664323
-0.0860609
-0.0847176
-0.0778691
-0.068361
-0.0648321
-0.0646459
-0.0762853
-0.0938196
-0.114573
-0.129832
-0.126485
-0.1119
-0.0701254
-0.0304334
0.00680945
0.0361614
0.054788
0.0638278
0.0669869
0.0675093
0.0664602
0.0653819
0.0642098
0.0634032
0.0628941
0.0626714
0.0626817
0.0628493
0.0631213
0.0634436
0.0637897
0.0641332
0.0644731
0.0647951
0.0651184
0.0654225
0.00182342
0.00449323
0.00827507
0.0120504
0.0162095
0.0206275
0.025332
0.0302427
0.0352661
0.0402416
0.0449457
0.0490769
0.0521567
0.0534928
0.0517749
0.0448865
0.0301952
0.00732004
-0.0196098
-0.0468611
-0.0650032
-0.0769208
-0.0702514
-0.0631552
-0.0614434
-0.0602387
-0.0710287
-0.0887155
-0.110084
-0.128886
-0.134409
-0.119133
-0.0959127
-0.0520911
-0.0126793
0.0213362
0.0458807
0.0600147
0.0660524
0.0678831
0.0676394
0.0662736
0.065043
0.0639429
0.0632346
0.0628675
0.0627847
0.0629156
0.0631726
0.0635018
0.0638532
0.0642059
0.0645408
0.0648625
0.0651608
0.065459
0.0657365
0.00177449
0.00438241
0.00797942
0.0115506
0.015423
0.0195182
0.0238483
0.0283701
0.0330037
0.037632
0.0420798
0.0461098
0.0493921
0.0514181
0.05143
0.047999
0.0386972
0.0211729
-0.000184188
-0.0236013
-0.0444742
-0.0553331
-0.0609426
-0.0548649
-0.0528138
-0.0530784
-0.062883
-0.0806006
-0.102735
-0.122871
-0.134473
-0.127745
-0.104161
-0.0758912
-0.0343198
0.00289294
0.0329446
0.0526801
0.0630154
0.0669689
0.0679286
0.0671511
0.0657193
0.0644891
0.0635436
0.0630154
0.0628409
0.0629259
0.0631857
0.0635289
0.0639058
0.0642746
0.0646229
0.0649403
0.065237
0.0655069
0.0657766
0.0660249
0.00175564
0.00428634
0.00776863
0.0111487
0.0148016
0.0186131
0.0226353
0.0268152
0.0311126
0.035425
0.0396267
0.0435293
0.046888
0.0493516
0.0504172
0.0492729
0.0443762
0.0325954
0.0165194
-0.00216432
-0.0212025
-0.0347932
-0.0403145
-0.0435642
-0.0418739
-0.0426733
-0.052674
-0.0698966
-0.0919886
-0.114061
-0.128621
-0.129351
-0.113312
-0.0868608
-0.0563478
-0.0188675
0.0152164
0.04105
0.0566784
0.0642141
0.0668836
0.0673009
0.0662689
0.0648668
0.0637756
0.0630765
0.062799
0.0628569
0.0631232
0.0635089
0.0639259
0.0643342
0.0647054
0.065037
0.0653276
0.065593
0.0658302
0.0660683
0.0662854
0.00173422
0.00424533
0.00759724
0.0108575
0.0143032
0.0178948
0.0216417
0.0255377
0.0295331
0.0335689
0.0375334
0.0412953
0.0446585
0.0473799
0.0491069
0.0493861
0.0473083
0.0414146
0.0305178
0.0180292
0.000704803
-0.0128348
-0.0203332
-0.0240802
-0.0265723
-0.0311099
-0.0401509
-0.0572522
-0.0785384
-0.101429
-0.119434
-0.125847
-0.117206
-0.0968601
-0.0723921
-0.0394687
-0.00706102
0.0238909
0.0457424
0.0584765
0.0640121
0.0663049
0.066136
0.065025
0.063792
0.0629732
0.0626111
0.0626419
0.062955
0.063401
0.0638958
0.064365
0.0647838
0.0651404
0.0654426
0.0656979
0.0659263
0.0661275
0.0663317
0.0665162
0.00420044
0.00751354
0.0106264
0.0139385
0.0173184
0.0208497
0.0244866
0.0282284
0.0320074
0.0357587
0.0393644
0.0426926
0.0455468
0.0477019
0.0488261
0.0485421
0.0459844
0.0403404
0.0318044
0.0199271
0.00791032
-0.000345258
-0.00460525
-0.00901571
-0.0129027
-0.0272928
-0.0426267
-0.0636319
-0.0860417
-0.106091
-0.117459
-0.116206
-0.102852
-0.0840539
-0.06013
-0.0270183
0.000566192
0.0291798
0.0476604
0.0589402
0.0633631
0.0649562
0.0644976
0.0634621
0.0625757
0.0621652
0.0622223
0.0625999
0.0631695
0.0637749
0.0643494
0.0648419
0.0652474
0.0655721
0.0658331
0.0660458
0.0662329
0.0663957
0.0665644
0.0667158
0.0074396
0.0105068
0.0136531
0.0168937
0.0202131
0.0236449
0.0271492
0.0307096
0.0342526
0.0377097
0.0409612
0.0438806
0.0462834
0.0479786
0.0486891
0.04816
0.0458457
0.0410873
0.0336131
0.0244115
0.0182755
0.0134157
0.00978648
0.00290247
-0.00532137
-0.0285377
-0.0470371
-0.0693572
-0.0900673
-0.104907
-0.109941
-0.104238
-0.0920059
-0.0738821
-0.0524811
-0.0197881
0.00458326
0.0317661
0.0477608
0.0577991
0.0618076
0.0628978
0.0624041
0.061687
0.0613228
0.0614475
0.0619865
0.0627231
0.0635238
0.0642491
0.0648633
0.0653465
0.0657147
0.0659912
0.0662013
0.066366
0.066509
0.0666325
0.0667648
0.0668831
0.0104096
0.0135001
0.0165638
0.0197412
0.0229666
0.0262808
0.0296294
0.0329913
0.0362895
0.0394552
0.0423716
0.0449269
0.0469615
0.0483331
0.0488612
0.0484747
0.0467992
0.043088
0.0380556
0.0331889
0.0293401
0.0260302
0.0211389
0.0101495
-0.00358864
-0.0316919
-0.050982
-0.0723321
-0.089652
-0.0994575
-0.101111
-0.0952762
-0.085744
-0.0676027
-0.05073
-0.0172083
0.00624255
0.0324168
0.0469489
0.0559541
0.0593683
0.060171
0.0599489
0.0598138
0.0601602
0.0609265
0.0619783
0.0630475
0.064025
0.0648159
0.0654237
0.0658641
0.0661728
0.0663881
0.0665403
0.0666539
0.0667517
0.0668359
0.0669319
0.0670164
0.0133825
0.0163829
0.0193762
0.0224612
0.0255783
0.0287553
0.0319336
0.0350889
0.0381434
0.0410314
0.0436468
0.0459005
0.047669
0.0488767
0.0494725
0.0494948
0.0486035
0.0466154
0.0442029
0.0416996
0.0393033
0.0358369
0.0284051
0.0129748
-0.00502264
-0.0349388
-0.0536302
-0.0722702
-0.0858638
-0.0939399
-0.0940835
-0.0930626
-0.0819183
-0.0682643
-0.0525922
-0.0175241
0.0061453
0.0314873
0.04533
0.0531038
0.055969
0.0568234
0.0572538
0.0579955
0.0592326
0.0607168
0.0622564
0.0635863
0.0646636
0.0654559
0.0660101
0.0663769
0.0666085
0.0667534
0.0668439
0.0669056
0.0669589
0.0670048
0.0670665
0.0671174
0.0162485
0.019173
0.022071
0.0250525
0.0280451
0.0310723
0.034073
0.0370215
0.0398418
0.0424768
0.0448384
0.0468647
0.0484815
0.0496886
0.0505364
0.0511007
0.0512238
0.0509198
0.0501785
0.0490802
0.0468733
0.0419534
0.0316819
0.012806
-0.00802729
-0.0388295
-0.054259
-0.0699575
-0.0829279
-0.0899948
-0.0945056
-0.0929828
-0.0859312
-0.0725434
-0.0550439
-0.0199691
0.00643328
0.0299366
0.042465
0.0489251
0.0515417
0.0529592
0.0545156
0.0564251
0.0587095
0.0609144
0.0628421
0.0643275
0.0654129
0.0661397
0.0665976
0.0668665
0.0670089
0.0670789
0.0671074
0.0671187
0.0671295
0.0671388
0.067167
0.0671862
0.0190255
0.0218512
0.0246464
0.0275109
0.0303687
0.0332396
0.0360617
0.0388093
0.0414133
0.04383
0.0459923
0.0478715
0.0494495
0.0507843
0.0519869
0.0531774
0.0542718
0.0550718
0.0553065
0.0545355
0.0515152
0.0445303
0.0319882
0.0103428
-0.0129426
-0.0401999
-0.0535363
-0.0693939
-0.0832547
-0.0926886
-0.100485
-0.100806
-0.0937758
-0.0777023
-0.0580468
-0.0220399
0.00633782
0.0270527
0.0377403
0.0431239
0.0461107
0.0488158
0.051983
0.0553743
0.0587554
0.0615567
0.0637204
0.0652333
0.0662311
0.0668318
0.0671602
0.0673152
0.0673632
0.0673584
0.0673275
0.0672917
0.0672631
0.0672384
0.0672344
0.0672235
0.0216941
0.0244157
0.0270978
0.0298367
0.0325543
0.0352676
0.0379147
0.0404739
0.0428873
0.0451248
0.0471456
0.0489563
0.0505845
0.0521268
0.0537303
0.0554835
0.0572267
0.0585862
0.0590299
0.0577889
0.0535312
0.044552
0.0304126
0.00846193
-0.0155291
-0.0400655
-0.0559726
-0.07391
-0.0898039
-0.105611
-0.113049
-0.112758
-0.102627
-0.0816213
-0.0587371
-0.0214126
0.004665
0.0217379
0.030588
0.0355719
0.0400166
0.0446941
0.0500615
0.0551458
0.0594498
0.0626306
0.064842
0.0662434
0.0670675
0.0674955
0.0676735
0.0677085
0.0676631
0.067588
0.0675028
0.0674247
0.0673602
0.0673044
0.0672697
0.0672302
0.0242528
0.0268615
0.0294244
0.0320335
0.0346097
0.0371672
0.039648
0.0420375
0.0442885
0.0463881
0.0483233
0.0501282
0.051864
0.0536466
0.0556088
0.0577305
0.0597664
0.0611529
0.0612376
0.0591839
0.0537233
0.0432111
0.0279801
0.00580119
-0.0193838
-0.0448529
-0.0638714
-0.084968
-0.106767
-0.12172
-0.12942
-0.125574
-0.10945
-0.081927
-0.0549828
-0.0222294
-4.83481e-05
0.013075
0.0206768
0.0267991
0.0337535
0.0412332
0.0493526
0.0558708
0.0607865
0.0640665
0.0661204
0.0672836
0.0678695
0.0680971
0.0681177
0.0680354
0.0679037
0.0677659
0.0676335
0.0675187
0.0674221
0.067338
0.0672743
0.0672071
0.0266958
0.0291871
0.0316285
0.0341068
0.0365426
0.0389503
0.0412785
0.0435185
0.045637
0.0476387
0.0495331
0.0513737
0.053241
0.0552391
0.0574419
0.0597115
0.0617111
0.062803
0.0622307
0.0592968
0.0528234
0.0412742
0.0248627
0.00146991
-0.026954
-0.054733
-0.0783539
-0.104415
-0.126599
-0.142324
-0.146506
-0.135514
-0.111011
-0.0773235
-0.0511617
-0.0263947
-0.00908234
0.000490492
0.00855681
0.0173835
0.0278928
0.0397031
0.0501221
0.05757
0.0626591
0.0657358
0.0674457
0.068278
0.0685898
0.0686096
0.0684786
0.0682898
0.0680834
0.0678931
0.0677213
0.0675756
0.0674507
0.0673407
0.0672493
0.0671552
0.0290216
0.0313942
0.033714
0.0360623
0.0383618
0.0406299
0.0428201
0.044932
0.0469472
0.0488831
0.0507668
0.0526615
0.0546465
0.0567864
0.0590836
0.0612917
0.063074
0.0637218
0.0623979
0.0585837
0.0511404
0.0384974
0.0201303
-0.00605778
-0.039256
-0.0706942
-0.100614
-0.129051
-0.151023
-0.163425
-0.159683
-0.138913
-0.105859
-0.0711679
-0.0512892
-0.0357338
-0.0232373
-0.0156584
-0.00490827
0.00657379
0.0245796
0.0405053
0.0522838
0.060086
0.0648824
0.0674707
0.0687069
0.0691604
0.0691921
0.0690148
0.0687487
0.0684701
0.0682035
0.0679721
0.0677692
0.0675981
0.0674482
0.067314
0.0671959
0.0670753
0.0312312
0.0334859
0.0356852
0.0379067
0.0400778
0.0422168
0.0442845
0.0462897
0.0482248
0.0501173
0.0520047
0.0539464
0.0560032
0.058186
0.0604359
0.0624128
0.0639126
0.0638962
0.0619085
0.0571784
0.0485708
0.0342224
0.0126842
-0.0179004
-0.0576714
-0.0932775
-0.128688
-0.156746
-0.175145
-0.17948
-0.164458
-0.134137
-0.0971222
-0.0685395
-0.0570894
-0.0516321
-0.0423294
-0.0339358
-0.0197499
0.000170055
0.0252679
0.0431346
0.0556759
0.063151
0.0672037
0.069107
0.0698092
0.0698817
0.0696525
0.0693033
0.0689267
0.068579
0.0682684
0.0680073
0.067781
0.0675892
0.0674167
0.0672594
0.0671149
0.0669679
0.0333273
0.0354654
0.0375472
0.0396482
0.0416986
0.0437199
0.0456811
0.0475967
0.0494682
0.0513288
0.0532171
0.0551771
0.0572413
0.0593632
0.0614508
0.0630675
0.0641204
0.063389
0.0607338
0.0549678
0.0447494
0.0277985
0.00170438
-0.0348991
-0.082684
-0.121013
-0.15896
-0.182862
-0.193145
-0.185425
-0.159192
-0.123438
-0.0901896
-0.0719727
-0.0698398
-0.0741353
-0.064694
-0.0521416
-0.0287655
0.00323336
0.0280087
0.047574
0.0599215
0.0663484
0.0693729
0.0705103
0.070687
0.0704122
0.0699603
0.0694749
0.0690172
0.0686226
0.0682843
0.0680043
0.0677611
0.0675519
0.0673582
0.0671779
0.0670069
0.066833
0.0353125
0.0373371
0.0393068
0.0412933
0.0432315
0.0451472
0.0470145
0.048853
0.0506705
0.052499
0.0543704
0.0563056
0.0583073
0.0602748
0.0621061
0.0632924
0.0637067
0.0623615
0.0588408
0.0517658
0.0393272
0.0186862
-0.0134862
-0.0572207
-0.112633
-0.150526
-0.185609
-0.202219
-0.199523
-0.179394
-0.146369
-0.112588
-0.0890758
-0.0835887
-0.0894978
-0.101037
-0.086644
-0.0655477
-0.0271885
0.00622483
0.0335333
0.0535082
0.0643195
0.0692922
0.071191
0.0715948
0.0713048
0.0707405
0.0701174
0.0695372
0.0690297
0.0686102
0.0682591
0.0679692
0.0677138
0.0674889
0.0672741
0.0670702
0.0668719
0.0666705
0.0371906
0.039107
0.0409693
0.0428479
0.0446834
0.046503
0.048286
0.0500552
0.05182
0.0536056
0.0554321
0.0572942
0.0591668
0.0609041
0.0623931
0.0631169
0.0628637
0.0608079
0.0561909
0.0474417
0.0320076
0.00642344
-0.0329589
-0.0835892
-0.14296
-0.17654
-0.202684
-0.207359
-0.192591
-0.164236
-0.132267
-0.106355
-0.0966683
-0.103782
-0.11431
-0.12748
-0.102322
-0.0696711
-0.0248849
0.0115811
0.0419048
0.0596944
0.0682957
0.0716915
0.072544
0.0723214
0.0716515
0.0708725
0.0701363
0.0695036
0.0689771
0.068553
0.0682015
0.0679082
0.067643
0.0674024
0.0671654
0.0669364
0.0667096
0.0664797
0.038967
0.0407796
0.0425398
0.0443182
0.0460581
0.047789
0.0494944
0.0511966
0.0529025
0.0546271
0.0563762
0.0581173
0.0598027
0.061252
0.0623271
0.0625432
0.0616172
0.0586987
0.0527772
0.0418889
0.0225109
-0.00894569
-0.0555248
-0.110432
-0.167836
-0.191898
-0.205803
-0.197025
-0.174771
-0.146735
-0.120793
-0.108966
-0.113529
-0.130513
-0.140587
-0.147402
-0.10646
-0.0644107
-0.0177064
0.0236438
0.050664
0.0652306
0.0714534
0.0734034
0.0734026
0.0726805
0.0717391
0.0708279
0.070037
0.0693923
0.0688747
0.0684628
0.06812
0.0678267
0.0675518
0.0672937
0.0670323
0.0667762
0.0665193
0.0662599
0.040646
0.0423594
0.0440237
0.0457076
0.0473579
0.049006
0.0506366
0.0522685
0.0539043
0.0555461
0.0571844
0.0587622
0.0602125
0.0613336
0.0619543
0.0616339
0.0599744
0.0560861
0.0486049
0.0350072
0.0110631
-0.0263728
-0.0783914
-0.131402
-0.181985
-0.192309
-0.192939
-0.176174
-0.153422
-0.130075
-0.118275
-0.122011
-0.137351
-0.159451
-0.162695
-0.158392
-0.101286
-0.0507593
-0.00202834
0.0356162
0.058547
0.0695114
0.0736161
0.0744492
0.0737652
0.0726961
0.0716001
0.0706354
0.0698448
0.0692246
0.0687391
0.068352
0.0680227
0.0677294
0.0674421
0.0671632
0.0668741
0.0665886
0.0663
0.0660103
0.0422317
0.0438516
0.0454245
0.0470188
0.0485846
0.0501529
0.0517075
0.0532625
0.0548141
0.0563503
0.0578473
0.0592273
0.0604069
0.0611723
0.0613262
0.060438
0.058004
0.0530222
0.0437182
0.0270916
-0.0015203
-0.04394
-0.0969675
-0.140855
-0.181564
-0.178017
-0.169129
-0.152088
-0.13416
-0.123105
-0.129639
-0.14211
-0.164999
-0.184077
-0.173081
-0.153245
-0.0860765
-0.0317554
0.0138555
0.046415
0.0645991
0.0723023
0.0748582
0.0748158
0.0736706
0.0724235
0.0712766
0.0703289
0.0695883
0.0690232
0.068587
0.0682317
0.0679158
0.0676189
0.0673143
0.0670098
0.0666894
0.0663722
0.0660506
0.0657302
0.0437291
0.0452594
0.046745
0.0482543
0.0497388
0.0512274
0.0527025
0.0541721
0.0556241
0.0570335
0.0583638
0.0595205
0.0604064
0.0608029
0.0604847
0.0590133
0.0557743
0.0496097
0.0383678
0.0188235
-0.0150516
-0.0581602
-0.106207
-0.138194
-0.16683
-0.153765
-0.14295
-0.132355
-0.125187
-0.130652
-0.145123
-0.167872
-0.190703
-0.197017
-0.170843
-0.13711
-0.065956
-0.0129328
0.0279714
0.0548794
0.0683666
0.0737338
0.0752245
0.0745351
0.0732145
0.0719231
0.0708155
0.0699467
0.069298
0.0688114
0.0684341
0.0681112
0.0678037
0.0674962
0.0671673
0.0668317
0.0664763
0.0661254
0.0657699
0.0654193
0.0451413
0.0465857
0.047988
0.0494154
0.0508197
0.0522272
0.0536182
0.0549925
0.0563308
0.057596
0.0587408
0.0596595
0.060242
0.0602682
0.0594852
0.0574363
0.0533922
0.0460794
0.0329796
0.00997791
-0.0267319
-0.0644748
-0.103662
-0.124202
-0.141549
-0.127564
-0.123363
-0.121871
-0.124673
-0.142827
-0.167897
-0.194374
-0.207064
-0.195213
-0.154428
-0.112158
-0.0462847
0.00286539
0.0388353
0.060295
0.0700746
0.0740657
0.0747549
0.0738085
0.0724804
0.0712544
0.0702667
0.0695292
0.0690046
0.0686107
0.0682936
0.0679966
0.0676877
0.0673596
0.0669982
0.0666259
0.0662322
0.0658464
0.0654575
0.0650779
0.0464714
0.0478336
0.0491557
0.0505028
0.0518271
0.0531515
0.0544525
0.0557224
0.0569353
0.0580438
0.0589918
0.0596673
0.0599493
0.0596184
0.0583969
0.0558085
0.0510382
0.0427093
0.027924
0.00213005
-0.0275266
-0.0627857
-0.0903566
-0.102129
-0.111919
-0.107792
-0.108767
-0.115356
-0.134372
-0.161849
-0.192336
-0.214164
-0.209323
-0.179152
-0.131775
-0.0865592
-0.0299541
0.0144969
0.045682
0.0628497
0.0702222
0.0734811
0.0737556
0.0727771
0.071543
0.0704786
0.0696819
0.0691179
0.0687379
0.0684401
0.0681746
0.0678904
0.067566
0.0672054
0.066803
0.0663889
0.0659547
0.0655351
0.065113
0.0647072
0.0477225
0.0490055
0.0502496
0.0515174
0.0527616
0.0539999
0.0552055
0.056364
0.0574432
0.0583882
0.0591364
0.0595735
0.0595712
0.0589138
0.0573063
0.0542675
0.0489361
0.0398515
0.0243623
0.0024198
-0.0247042
-0.0531579
-0.0693688
-0.0773293
-0.0848627
-0.091153
-0.0997853
-0.121272
-0.149613
-0.182732
-0.210917
-0.21847
-0.195724
-0.154948
-0.110545
-0.0646412
-0.0185746
0.0216869
0.0486958
0.0633997
0.0690152
0.0724371
0.072403
0.0715014
0.0704781
0.0696606
0.0691142
0.0687534
0.0685243
0.0683134
0.0680813
0.0677903
0.0674332
0.0670275
0.0665763
0.0661171
0.0656416
0.0651893
0.0647375
0.0643094
0.0488975
0.0501033
0.0512711
0.0524609
0.0536242
0.0547737
0.0558801
0.0569226
0.0578639
0.058645
0.0591991
0.0594137
0.0591575
0.0582251
0.0563198
0.0529734
0.0473752
0.0383434
0.0241714
0.00533752
-0.019494
-0.0362146
-0.0457287
-0.0545803
-0.0625572
-0.0822838
-0.102842
-0.132782
-0.166691
-0.197808
-0.214657
-0.20486
-0.172034
-0.131719
-0.096538
-0.0498543
-0.0129721
0.0250755
0.0488219
0.0632393
0.0683774
0.0708464
0.0707574
0.0700628
0.0693632
0.0688686
0.0686173
0.0684734
0.0683843
0.0682373
0.0680113
0.0676894
0.0672812
0.0668186
0.0663124
0.0658057
0.0652914
0.0648104
0.0643329
0.0638877
0.0499983
0.0511291
0.052223
0.053335
0.0544168
0.0554763
0.0564812
0.0574062
0.0582106
0.0588342
0.0592085
0.0592279
0.0587645
0.0576333
0.0555566
0.0521281
0.0468066
0.038863
0.0263829
0.00949442
-0.00520055
-0.0162399
-0.0238742
-0.0360931
-0.0475546
-0.0838833
-0.110856
-0.145626
-0.178811
-0.200489
-0.202345
-0.181582
-0.149305
-0.11852
-0.09015
-0.0429878
-0.0123629
0.0260754
0.0475128
0.0614266
0.0668162
0.0688218
0.0688937
0.0685487
0.0682812
0.0681735
0.0682435
0.0683093
0.0683294
0.0682098
0.0679557
0.0675763
0.0670993
0.0665701
0.0660056
0.0654536
0.0649037
0.0643996
0.0639024
0.0634469
0.0510275
0.0520857
0.0531074
0.0541425
0.0551432
0.0561124
0.0570161
0.0578257
0.0584993
0.0589786
0.0591968
0.0590605
0.0584536
0.0572248
0.0551501
0.0519744
0.0475288
0.0409663
0.0309264
0.0201429
0.01082
0.00307592
-0.00603552
-0.0235713
-0.0413521
-0.0897103
-0.119251
-0.153674
-0.179904
-0.189509
-0.181279
-0.159716
-0.138187
-0.112458
-0.0929028
-0.0436606
-0.013933
0.0259229
0.0463328
0.0595691
0.0645939
0.0664552
0.0669045
0.0670565
0.0673212
0.0676498
0.0680397
0.0682804
0.0683585
0.0682192
0.0678987
0.0674358
0.0668754
0.0662736
0.0656514
0.0650581
0.0644793
0.06396
0.0634507
0.0629929
0.0519881
0.0529759
0.0539274
0.0548873
0.0558082
0.0566886
0.0574938
0.0581943
0.0587486
0.0591036
0.0591983
0.0589577
0.0582875
0.0570883
0.0552321
0.0526335
0.0493979
0.044658
0.0383723
0.0320569
0.0259595
0.019262
0.00674987
-0.0174738
-0.0417228
-0.0950249
-0.123416
-0.151613
-0.168457
-0.170699
-0.161709
-0.148824
-0.134211
-0.115633
-0.103741
-0.0477098
-0.0164419
0.0245241
0.0453135
0.0571494
0.0618118
0.0638463
0.0648981
0.0656938
0.0665836
0.0673713
0.0680382
0.0683877
0.0684568
0.068244
0.0678194
0.0672509
0.0665972
0.0659218
0.0652462
0.0646193
0.0640209
0.0634961
0.062984
0.0625332
0.0528829
0.0538029
0.0546871
0.055574
0.0564174
0.0572126
0.0579253
0.0585268
0.0589783
0.0592355
0.0592476
0.0589643
0.0583259
0.0573021
0.0558706
0.0541537
0.0523047
0.0498528
0.0467317
0.043282
0.0387265
0.030907
0.0143617
-0.0156521
-0.045676
-0.0989086
-0.119801
-0.139676
-0.151315
-0.154209
-0.149632
-0.147464
-0.138811
-0.129561
-0.11435
-0.0556876
-0.0146257
0.0240029
0.0436608
0.0539145
0.058562
0.0611111
0.0629947
0.0645963
0.0661809
0.067395
0.0682446
0.0686113
0.0685966
0.0682549
0.0676934
0.0670039
0.0662536
0.065509
0.0647889
0.0641393
0.0635328
0.0630139
0.0625098
0.0620764
0.0537154
0.0545708
0.0553912
0.0562081
0.0569778
0.0576937
0.0583225
0.0588389
0.0592091
0.0594004
0.0593777
0.0591208
0.0586168
0.0579055
0.0570772
0.0563595
0.0560146
0.0555621
0.054605
0.0526421
0.0478387
0.0376772
0.0180318
-0.0153062
-0.0514351
-0.0946157
-0.108962
-0.125272
-0.138122
-0.144247
-0.151369
-0.155344
-0.15673
-0.146157
-0.122287
-0.0606244
-0.0111461
0.0232451
0.0406947
0.0497984
0.0549571
0.0583676
0.0613623
0.0639486
0.0662101
0.0677417
0.0686302
0.0689182
0.0687357
0.0682172
0.0674958
0.0666785
0.0658359
0.065032
0.0642804
0.0636221
0.0630213
0.062521
0.062037
0.061632
0.0544898
0.0552844
0.0560445
0.0567958
0.0574974
0.0581416
0.0586981
0.0591465
0.0594607
0.0596224
0.0596161
0.0594573
0.0591798
0.0588917
0.0587549
0.0590667
0.059984
0.0608755
0.0610287
0.0591669
0.0531105
0.0403383
0.0193663
-0.0151954
-0.0504709
-0.0839587
-0.0983584
-0.116544
-0.133254
-0.149257
-0.165574
-0.177483
-0.179518
-0.158676
-0.121699
-0.0539448
-0.00846712
0.0206032
0.0360195
0.0448144
0.0510573
0.0557737
0.0602946
0.0639284
0.0667154
0.0683903
0.0691725
0.069245
0.0688262
0.0680958
0.0672035
0.0662617
0.0653384
0.0644908
0.0637246
0.063074
0.0624944
0.0620268
0.0615758
0.061211
0.0552107
0.055948
0.0566526
0.0573441
0.0579842
0.0585663
0.0590645
0.059465
0.059751
0.0599212
0.0599826
0.059985
0.0600049
0.0601973
0.0607622
0.0619435
0.0636894
0.0651847
0.0653921
0.0628047
0.055252
0.0403939
0.0192169
-0.0137678
-0.0446174
-0.0762949
-0.094639
-0.117637
-0.142127
-0.169794
-0.192054
-0.205862
-0.199488
-0.159186
-0.109226
-0.0481227
-0.00888046
0.0150079
0.0294271
0.0389374
0.0468735
0.0538112
0.0601068
0.0646243
0.0676729
0.0692422
0.0697615
0.0695231
0.0688175
0.0678578
0.0667971
0.0657449
0.0647598
0.0638889
0.063128
0.0625035
0.0619619
0.0615415
0.0611372
0.0608248
0.0558831
0.0565678
0.0572215
0.0578596
0.0584466
0.0589781
0.0594337
0.0598076
0.060094
0.0603099
0.0604837
0.060694
0.0610499
0.061721
0.0628916
0.0646584
0.0667618
0.0681736
0.0677452
0.0641395
0.0554325
0.0395872
0.0184116
-0.0114809
-0.0439199
-0.0759109
-0.100687
-0.131459
-0.16582
-0.198304
-0.22483
-0.232215
-0.206442
-0.146853
-0.0933753
-0.046625
-0.0140689
0.00566179
0.0209137
0.0318062
0.0431965
0.0531565
0.0609715
0.0660236
0.0689806
0.0702068
0.0703041
0.0696816
0.0686637
0.0674761
0.0662638
0.0651244
0.0641027
0.0632328
0.0624998
0.0619211
0.0614351
0.0610768
0.0607332
0.0604854
0.0565116
0.0571508
0.0577586
0.0583497
0.058893
0.0593865
0.059816
0.0601847
0.0604991
0.0607917
0.0611112
0.0615537
0.0622444
0.0633269
0.0649278
0.0669596
0.0689979
0.0699824
0.0686269
0.0640183
0.0546823
0.0388702
0.0178388
-0.0116854
-0.0483469
-0.084116
-0.118637
-0.157788
-0.196609
-0.234379
-0.255699
-0.24519
-0.193844
-0.127487
-0.084267
-0.0515552
-0.0253655
-0.0077876
0.00910779
0.024233
0.0414378
0.0541289
0.0629246
0.067996
0.0704776
0.0711342
0.0707003
0.0696558
0.0683267
0.0669318
0.0655975
0.0644025
0.0633745
0.0625329
0.0618517
0.0613391
0.0609266
0.0606453
0.0603764
0.060205
0.0571006
0.0576998
0.0582691
0.0588214
0.059331
0.0597993
0.060219
0.0606033
0.0609682
0.0613599
0.0618426
0.0625151
0.0634965
0.0648738
0.0666971
0.0686926
0.0704977
0.070815
0.0685928
0.0631539
0.0534403
0.0376773
0.0156234
-0.0163027
-0.0602742
-0.101683
-0.147882
-0.19192
-0.234349
-0.271416
-0.272585
-0.237055
-0.16973
-0.112399
-0.0847023
-0.0657186
-0.0437362
-0.0269621
-0.00602896
0.0200097
0.0419408
0.0567926
0.0658214
0.0702834
0.0719476
0.0718772
0.0708599
0.0693931
0.0677801
0.0662163
0.0648005
0.0635874
0.0625867
0.0618023
0.0611974
0.0607714
0.06045
0.06026
0.0600793
0.0599959
0.0576578
0.0582221
0.0587594
0.0592812
0.059767
0.0602227
0.0606476
0.0610637
0.0614962
0.061999
0.0626432
0.0635157
0.0647109
0.0662421
0.0680922
0.069822
0.0712802
0.070726
0.0679086
0.0618255
0.0515933
0.0351133
0.0102915
-0.0267766
-0.0811539
-0.127686
-0.183603
-0.228928
-0.271579
-0.293162
-0.26703
-0.21107
-0.147163
-0.107671
-0.0952665
-0.0912366
-0.0695614
-0.0503551
-0.0120316
0.0202592
0.0450446
0.0609611
0.0692394
0.0725557
0.0731774
0.0723096
0.0707097
0.0688569
0.0670117
0.0653311
0.0638817
0.0626924
0.0617544
0.0610566
0.0605526
0.060233
0.0600193
0.0599343
0.0598548
0.0598696
0.0581877
0.0587232
0.0592351
0.0597343
0.060206
0.0606608
0.0611042
0.0615634
0.0620718
0.0626848
0.0634699
0.0644901
0.0658055
0.0673485
0.0690714
0.0703821
0.0712539
0.0699812
0.0666372
0.0599183
0.0487433
0.0304403
0.000762749
-0.0436874
-0.109756
-0.158558
-0.219016
-0.259542
-0.29332
-0.285104
-0.241126
-0.182072
-0.135435
-0.115957
-0.11688
-0.126418
-0.0980162
-0.0606865
-0.010747
0.0249634
0.0510941
0.066017
0.0726423
0.0744937
0.0739917
0.0723317
0.0702003
0.0680312
0.0660235
0.0642876
0.0628573
0.0617355
0.0608959
0.0603138
0.059934
0.0597394
0.0596493
0.0596814
0.059715
0.0598356
0.0586957
0.0592083
0.0597007
0.060185
0.0606515
0.0611148
0.061585
0.0620938
0.0626776
0.0633868
0.0642772
0.0653804
0.0667193
0.0681536
0.0696238
0.0704466
0.07065
0.0688008
0.0648041
0.0572788
0.0445649
0.0230404
-0.0132731
-0.0659043
-0.141215
-0.188623
-0.245477
-0.273166
-0.285563
-0.255982
-0.208415
-0.163236
-0.137969
-0.139748
-0.14891
-0.161994
-0.114782
-0.0601386
-0.00691492
0.0343885
0.0588947
0.0711504
0.0755633
0.0758601
0.0742555
0.0718749
0.0693111
0.0669197
0.0648304
0.063106
0.0617491
0.0607384
0.0600322
0.0595931
0.0593593
0.0593068
0.0593543
0.059514
0.0596721
0.0599052
0.0591867
0.0596817
0.060159
0.0606367
0.0611046
0.0615827
0.0620843
0.0626427
0.0632922
0.064073
0.0650242
0.0661417
0.067417
0.0686509
0.0697697
0.070082
0.0696276
0.0672269
0.0624553
0.0538419
0.0388214
0.0128441
-0.0307529
-0.090519
-0.167532
-0.210465
-0.253771
-0.265287
-0.254314
-0.221453
-0.184345
-0.15915
-0.156617
-0.179064
-0.185347
-0.186139
-0.114601
-0.0541635
0.00561519
0.0456439
0.0667503
0.0756025
0.0776925
0.0764885
0.0738739
0.0709142
0.0680503
0.0655431
0.0634582
0.0618133
0.0605834
0.059726
0.0591857
0.0589147
0.0588466
0.0589513
0.0591483
0.0594446
0.0597364
0.0600952
0.0596649
0.0601476
0.060616
0.06109
0.0615639
0.0620603
0.0625934
0.0631947
0.0638928
0.0647142
0.0656779
0.0667467
0.0678853
0.0688576
0.0695686
0.0694508
0.0683368
0.0653046
0.05965
0.0495958
0.0315167
0.000540007
-0.0506206
-0.111723
-0.182553
-0.214556
-0.238241
-0.236538
-0.218689
-0.193439
-0.17489
-0.17111
-0.192901
-0.225101
-0.2166
-0.196946
-0.103349
-0.0354089
0.0211702
0.056419
0.0734632
0.0788849
0.0788423
0.0762448
0.0728188
0.0694669
0.0664488
0.0639358
0.0619412
0.0604422
0.0593901
0.0587247
0.0583798
0.0582995
0.0584142
0.0586884
0.0590438
0.0594852
0.0599116
0.0604084
0.0601332
0.0606051
0.0610696
0.0615443
0.0620266
0.0625416
0.0631014
0.0637336
0.0644587
0.0652864
0.0662164
0.0671838
0.0681306
0.0688104
0.0691114
0.0685365
0.0668127
0.0631211
0.056462
0.0446175
0.0230377
-0.0136117
-0.0685644
-0.121392
-0.184862
-0.199612
-0.20802
-0.201374
-0.189591
-0.181463
-0.182466
-0.204782
-0.239262
-0.264745
-0.229983
-0.18685
-0.0816121
-0.0130402
0.0360546
0.0656187
0.0783853
0.0808404
0.0787796
0.0750884
0.0711298
0.0675803
0.0645536
0.0621427
0.06032
0.0590289
0.0582009
0.057762
0.0576386
0.0577682
0.0580793
0.0585319
0.059053
0.0596458
0.0602046
0.0608295
0.0605938
0.061059
0.0615201
0.0619975
0.0624883
0.0630184
0.0635965
0.0642444
0.064972
0.0657729
0.0666292
0.0674555
0.0681765
0.0685577
0.0684538
0.0674337
0.0651398
0.0607698
0.053014
0.0390944
0.0140472
-0.0262476
-0.073512
-0.118209
-0.172944
-0.172007
-0.174251
-0.174454
-0.177553
-0.186969
-0.211324
-0.249384
-0.28607
-0.284607
-0.223528
-0.161366
-0.0574838
0.00612907
0.0488356
0.0724987
0.0814529
0.0811114
0.0774262
0.073098
0.0688891
0.0653206
0.0624234
0.0602157
0.0586398
0.0576118
0.0570484
0.0568659
0.0569859
0.0573404
0.057857
0.0584953
0.0591885
0.0599344
0.0606358
0.0613841
0.0610477
0.0615081
0.0619664
0.0624463
0.0629432
0.0634822
0.0640679
0.064714
0.06542
0.0661652
0.0669161
0.0675762
0.0680574
0.0681421
0.0676588
0.0662241
0.0634073
0.0583788
0.049485
0.0335969
0.00668075
-0.0271793
-0.0706707
-0.104314
-0.146467
-0.142703
-0.149245
-0.161894
-0.180969
-0.20781
-0.255542
-0.302163
-0.319512
-0.279021
-0.195872
-0.125781
-0.035756
0.0218071
0.0582479
0.0768702
0.0823456
0.0796086
0.0749878
0.0703915
0.0661842
0.0627674
0.0601239
0.0582109
0.0569473
0.0562299
0.0559654
0.0560644
0.0564443
0.057033
0.0577625
0.0585936
0.05946
0.0603493
0.0611922
0.0620832
0.0614951
0.0619513
0.062406
0.0628865
0.0633849
0.0639252
0.0645059
0.065133
0.0657958
0.066462
0.0670864
0.067569
0.067811
0.0676165
0.0667938
0.0649947
0.0617284
0.0561265
0.0462427
0.0297048
0.00469537
-0.0245275
-0.0613075
-0.0825925
-0.113883
-0.120432
-0.135748
-0.162324
-0.196758
-0.250096
-0.30911
-0.346596
-0.325056
-0.249475
-0.1608
-0.0916016
-0.0178779
0.0334588
0.0639098
0.0786471
0.0806199
0.0767142
0.0717021
0.0671075
0.0631199
0.060006
0.0577252
0.0561859
0.0552895
0.054922
0.0549845
0.0553829
0.0560323
0.0568629
0.0578139
0.0588386
0.0598669
0.0608949
0.0618967
0.0628002
0.0619355
0.0623866
0.0628358
0.0633133
0.0638077
0.0643402
0.0649034
0.0654957
0.0660979
0.0666692
0.0671567
0.0674617
0.0674799
0.0670377
0.065932
0.0638466
0.0602483
0.0542983
0.0440998
0.0289012
0.00728441
-0.0198173
-0.0410548
-0.0596096
-0.0849563
-0.107923
-0.133734
-0.174897
-0.232265
-0.302435
-0.357827
-0.361101
-0.298265
-0.206807
-0.131584
-0.065383
-0.00488921
0.040729
0.0661529
0.0774622
0.0768088
0.0727317
0.0677403
0.0633895
0.0598039
0.0571248
0.0552986
0.0541977
0.0537129
0.0537262
0.0541349
0.0548423
0.055769
0.056852
0.0580266
0.0592275
0.060406
0.0615924
0.0626259
0.0634657
0.0623672
0.0628112
0.0632519
0.0637222
0.0642062
0.0647217
0.0652561
0.0658009
0.06633
0.0667982
0.0671478
0.0672867
0.0671093
0.0664662
0.0651535
0.0628969
0.059167
0.0533133
0.0438772
0.0309825
0.0136118
-0.00540855
-0.0198772
-0.0395395
-0.0640849
-0.105969
-0.144038
-0.204927
-0.279126
-0.348769
-0.376431
-0.335816
-0.251094
-0.170087
-0.112259
-0.0475675
0.00249964
0.0439031
0.0652722
0.0738451
0.071876
0.0679045
0.0632723
0.0593748
0.056345
0.0542122
0.0529141
0.052302
0.0522621
0.0526757
0.0534392
0.0544635
0.0556811
0.0570205
0.0583949
0.0597501
0.0611027
0.0623399
0.0633014
0.0641961
0.0627878
0.0632219
0.0636511
0.0641093
0.0645762
0.0650666
0.0655626
0.0660507
0.0665002
0.0668646
0.0670849
0.0670794
0.066747
0.0659663
0.0645455
0.0622817
0.0587323
0.0535221
0.0457763
0.0359471
0.0240328
0.0108989
-0.00180231
-0.0243099
-0.0514758
-0.115615
-0.168396
-0.243297
-0.31837
-0.365205
-0.352132
-0.284762
-0.208227
-0.147085
-0.104222
-0.036694
0.00398675
0.0437986
0.0616236
0.0685186
0.0662269
0.0624903
0.0584614
0.0551967
0.0528513
0.0513548
0.0506396
0.0505513
0.0509746
0.0517947
0.0529205
0.0542792
0.0557946
0.0573592
0.0588985
0.0604391
0.0618853
0.0630285
0.0640438
0.0649873
0.0631945
0.0636159
0.06403
0.0644711
0.0649153
0.0653736
0.0658245
0.0662509
0.0666201
0.0668869
0.0669953
0.0668771
0.0664418
0.0656036
0.0642035
0.0621404
0.0591401
0.055053
0.0496858
0.0435555
0.0357281
0.0260104
0.0123269
-0.0148089
-0.0469903
-0.134601
-0.196608
-0.272838
-0.328883
-0.341039
-0.299202
-0.237229
-0.181858
-0.137407
-0.108966
-0.0337836
-0.000957545
0.041057
0.0570708
0.0621369
0.0599268
0.056684
0.0534636
0.0509881
0.0494291
0.0486362
0.0485385
0.0489881
0.0498754
0.0511077
0.052618
0.0543225
0.0560954
0.0578344
0.0595793
0.0612669
0.0626019
0.0637864
0.0648487
0.0658362
0.0635849
0.0639905
0.0643862
0.0648058
0.0652224
0.0656437
0.0660459
0.06641
0.0667036
0.0668859
0.0669073
0.0667171
0.0662425
0.0654427
0.0642205
0.0625791
0.0604513
0.057885
0.055191
0.0521189
0.046847
0.0386541
0.0221422
-0.0113189
-0.0507091
-0.153486
-0.215771
-0.273964
-0.303377
-0.289504
-0.249093
-0.2062
-0.171422
-0.14193
-0.126709
-0.0400822
-0.0142388
0.0373006
0.051138
0.0548811
0.0531505
0.0506554
0.048436
0.0468833
0.0461842
0.0461334
0.0466588
0.0476367
0.0489892
0.0506614
0.0525736
0.0545733
0.0565333
0.0585006
0.0604703
0.062019
0.0633898
0.064608
0.0657127
0.0667382
0.0639566
0.0643433
0.0647179
0.0651126
0.0654981
0.0658798
0.0662327
0.0665381
0.066766
0.0668829
0.066849
0.0666351
0.066194
0.0655408
0.0646512
0.0636322
0.0626009
0.0617517
0.0613497
0.0601751
0.0562252
0.0477094
0.0277542
-0.0126511
-0.0591665
-0.16836
-0.207991
-0.244554
-0.25503
-0.238753
-0.215683
-0.195564
-0.179084
-0.161052
-0.151263
-0.0479282
-0.00906272
0.0328979
0.0440581
0.046997
0.0460721
0.044581
0.0435379
0.0430221
0.0432168
0.0439011
0.0450222
0.0465193
0.0483697
0.0505076
0.0527594
0.0549602
0.0571789
0.0594705
0.0612722
0.0628448
0.0642423
0.0654901
0.0666306
0.0676886
0.0643074
0.0646732
0.0650245
0.0653918
0.0657444
0.0660862
0.0663925
0.0666466
0.0668232
0.0668987
0.0668464
0.0666624
0.0663321
0.0659293
0.0654936
0.0652448
0.0653769
0.0661032
0.0672215
0.0668387
0.0629581
0.0528368
0.0298045
-0.0157793
-0.0619685
-0.152407
-0.179955
-0.202748
-0.20873
-0.208699
-0.207363
-0.207367
-0.20349
-0.193985
-0.172636
-0.0663192
-0.00550233
0.0264599
0.0357547
0.0386528
0.0389027
0.0386561
0.0389464
0.0395411
0.0405962
0.0419556
0.043644
0.0456957
0.0480801
0.0506082
0.0530776
0.0555751
0.0582491
0.0603344
0.0621503
0.0637358
0.0651564
0.0664265
0.0675973
0.0686817
0.0646362
0.0649794
0.0653061
0.0656449
0.0659646
0.0662685
0.0665338
0.0667474
0.0668908
0.0669523
0.0669215
0.0668219
0.0666744
0.0666021
0.066705
0.067266
0.0684491
0.0703414
0.0721438
0.0715792
0.0668639
0.054353
0.0297289
-0.0178064
-0.0690194
-0.126835
-0.148297
-0.167914
-0.186325
-0.20304
-0.220472
-0.236848
-0.244938
-0.230778
-0.169118
-0.0618282
-0.00557185
0.0178888
0.0264794
0.0300228
0.0318687
0.0331385
0.0348611
0.0365307
0.0383323
0.0402979
0.0425857
0.0452394
0.0480693
0.0508334
0.0536478
0.0567682
0.0591914
0.0612773
0.0630934
0.0646895
0.0661255
0.0674114
0.0686056
0.0697101
0.0649425
0.0652621
0.0655638
0.0658741
0.0661626
0.0664328
0.0666652
0.0668515
0.0669822
0.0670589
0.0670896
0.0671236
0.0672177
0.0675248
0.0681952
0.0694807
0.0714533
0.0739468
0.0757714
0.0743109
0.0684545
0.0534476
0.0288459
-0.0152721
-0.0616315
-0.104035
-0.127222
-0.154587
-0.184957
-0.215707
-0.253462
-0.286082
-0.300887
-0.237786
-0.141834
-0.0532911
-0.0112565
0.00765715
0.016507
0.0213078
0.025269
0.028373
0.0314374
0.0339872
0.0363997
0.0389815
0.041928
0.045082
0.0481686
0.0513387
0.0549913
0.0578065
0.0602159
0.0622847
0.0641001
0.0656985
0.0671432
0.0684369
0.0696466
0.0707666
0.0652262
0.0655221
0.0657994
0.0660826
0.066343
0.0665854
0.0667947
0.0669689
0.0671085
0.0672286
0.0673563
0.0675626
0.0679338
0.0686323
0.0698187
0.071651
0.0740642
0.0766535
0.0782227
0.0754566
0.0685429
0.0518036
0.0273744
-0.011028
-0.053893
-0.0937586
-0.122554
-0.159573
-0.201134
-0.254381
-0.314364
-0.359012
-0.325207
-0.211217
-0.109205
-0.0529638
-0.0211926
-0.004191
0.00610994
0.0128818
0.0196164
0.0246502
0.0286861
0.0318407
0.0348238
0.0380847
0.0415771
0.045008
0.0485795
0.052863
0.0561468
0.0589308
0.0613035
0.0633569
0.0651625
0.0667564
0.0682007
0.0694922
0.0707113
0.0720231
0.0654879
0.065761
0.0660152
0.066274
0.0665105
0.0667321
0.0669295
0.0671071
0.0672761
0.0674647
0.0677168
0.0681184
0.0687723
0.069828
0.0714136
0.0735673
0.0760549
0.0786461
0.0793169
0.0754517
0.0676021
0.0506083
0.0269736
-0.00805607
-0.0518314
-0.0964711
-0.133459
-0.183319
-0.245722
-0.32612
-0.399087
-0.400403
-0.296597
-0.167428
-0.0974087
-0.0614558
-0.0344958
-0.0177608
-0.00442547
0.00576839
0.0154997
0.021978
0.0264774
0.0300584
0.0336572
0.0374774
0.0412626
0.0452807
0.0503188
0.0541607
0.0573931
0.0601161
0.062457
0.064485
0.0662739
0.0678533
0.0692852
0.0705678
0.0719812
0.0734904
0.065729
0.0659805
0.0662134
0.0664522
0.0666689
0.066878
0.0670747
0.0672705
0.0674867
0.0677624
0.068155
0.0687548
0.0696665
0.0710034
0.0728341
0.0750859
0.0773594
0.0796298
0.0789491
0.074408
0.0657745
0.0492198
0.0256921
-0.00913188
-0.0575318
-0.11007
-0.163505
-0.234782
-0.324286
-0.41403
-0.452267
-0.38037
-0.241255
-0.137919
-0.102641
-0.0777135
-0.0513389
-0.0333327
-0.0137241
0.00151908
0.0131187
0.0200805
0.0246524
0.0286194
0.0327103
0.0368258
0.0413316
0.0472716
0.0517883
0.0555553
0.0586975
0.0613689
0.0636666
0.0656626
0.0674239
0.0689741
0.0703852
0.0718636
0.0734688
0.0749773
0.065951
0.0661822
0.0663955
0.0666175
0.0668221
0.0670267
0.0672333
0.0674596
0.0677368
0.0681099
0.0686446
0.0694251
0.0705419
0.0720574
0.0739733
0.0761168
0.0780253
0.0791922
0.0777589
0.0725318
0.0632524
0.0467956
0.0222622
-0.0148062
-0.0728128
-0.136488
-0.219882
-0.31395
-0.404517
-0.470554
-0.435241
-0.314433
-0.189726
-0.131482
-0.119199
-0.103426
-0.0731281
-0.0490101
-0.018765
0.000735943
0.0121471
0.0185805
0.0230037
0.0272227
0.0315771
0.0365916
0.0436103
0.0489481
0.0533627
0.0570038
0.0600713
0.0626783
0.0649261
0.0668783
0.0685951
0.0701065
0.0717226
0.0733841
0.0749757
0.0764713
0.066156
0.0663688
0.0665668
0.0667748
0.0669726
0.0671801
0.0674051
0.0676714
0.0680166
0.0684878
0.0691518
0.0700769
0.0713278
0.0729096
0.0747658
0.0766125
0.0780132
0.0779734
0.0759643
0.0701247
0.0601181
0.0431844
0.0165977
-0.0249836
-0.102054
-0.179347
-0.293506
-0.380485
-0.451177
-0.450357
-0.363201
-0.243123
-0.169511
-0.143589
-0.148954
-0.145995
-0.100928
-0.0575823
-0.0180063
0.00242102
0.011852
0.0169459
0.0210143
0.0253822
0.0308823
0.0391883
0.0455358
0.0507401
0.0549859
0.0585249
0.0615024
0.0640379
0.0662236
0.0681123
0.0697738
0.0715038
0.0732961
0.0749231
0.0764886
0.07796
0.0663455
0.0665432
0.0667271
0.0669255
0.0671209
0.0673372
0.0675875
0.0678982
0.0683116
0.0688717
0.0696393
0.0706597
0.0719657
0.0735057
0.0751753
0.076589
0.0773742
0.0765881
0.0737647
0.0673606
0.0565101
0.0386273
0.00894044
-0.0419825
-0.148291
-0.230975
-0.346466
-0.409311
-0.427396
-0.375166
-0.284598
-0.2098
-0.172919
-0.175078
-0.200885
-0.210764
-0.119591
-0.0514128
-0.0125843
0.00477897
0.0109255
0.0142392
0.0181161
0.0239755
0.0338081
0.0414129
0.0475914
0.0525754
0.0566862
0.0601043
0.062984
0.0654354
0.0675378
0.0693501
0.0712494
0.0731503
0.0748877
0.0764668
0.0779947
0.0794318
0.0665207
0.0667049
0.0668782
0.0670693
0.0672673
0.0674962
0.0677746
0.0681294
0.0686038
0.0692347
0.0700707
0.0711304
0.0724133
0.0738174
0.0751988
0.0761276
0.0763063
0.074853
0.0713147
0.0643729
0.0526005
0.0333643
-0.00101117
-0.0721515
-0.197029
-0.267603
-0.359232
-0.375875
-0.352971
-0.299697
-0.239577
-0.204032
-0.198399
-0.237619
-0.279671
-0.253285
-0.10342
-0.0328066
-0.00424681
0.00560601
0.00742578
0.00973054
0.015599
0.0272036
0.0363906
0.0437876
0.0496849
0.0544945
0.0584467
0.0617345
0.0645036
0.0668489
0.0688534
0.0709263
0.0729914
0.0748133
0.0764812
0.0780019
0.0794823
0.0808764
0.0666833
0.0668548
0.0670199
0.0672066
0.0674089
0.0676521
0.0679579
0.0683513
0.0688734
0.0695499
0.070414
0.0714566
0.0726463
0.0738418
0.0748764
0.0753381
0.0749335
0.0729206
0.0687672
0.0613188
0.0485986
0.0274305
-0.0176802
-0.103868
-0.2233
-0.256306
-0.306003
-0.304148
-0.281338
-0.248302
-0.226739
-0.221505
-0.257578
-0.344934
-0.346549
-0.240969
-0.0710018
-0.009753
0.00295715
0.00145524
0.000267382
0.00537185
0.0190296
0.0302102
0.0391526
0.0461966
0.0518727
0.0564776
0.0602586
0.063403
0.0660411
0.0682628
0.0705556
0.0727899
0.074748
0.0764744
0.0780627
0.0795162
0.0809407
0.0822848
0.0668331
0.0669941
0.0671508
0.0673347
0.0675419
0.0677985
0.0681272
0.0685493
0.0691006
0.0697936
0.0706445
0.0716185
0.0726589
0.0736013
0.0742721
0.0742966
0.0733786
0.070916
0.0662606
0.0584031
0.044537
0.0202427
-0.0401542
-0.115763
-0.218211
-0.223248
-0.238408
-0.238003
-0.231697
-0.230699
-0.238922
-0.27236
-0.381604
-0.455501
-0.34459
-0.19696
-0.0434731
0.00602481
-7.29189e-05
-0.0097754
-0.00734585
0.00869706
0.0225421
0.0334435
0.0419501
0.0487167
0.054131
0.0585122
0.0621091
0.0650946
0.0675817
0.0701213
0.072571
0.0746647
0.0764972
0.0781188
0.0796188
0.0809986
0.0823608
0.0836492
0.0669703
0.0671213
0.0672693
0.0674504
0.067661
0.0679273
0.0682712
0.0687084
0.0692675
0.0699469
0.0707461
0.0716094
0.0724627
0.0731346
0.0734519
0.0730907
0.0717539
0.0689613
0.0639496
0.0558018
0.0404011
0.0130689
-0.0425552
-0.10326
-0.180397
-0.169983
-0.180077
-0.193933
-0.211583
-0.24114
-0.286712
-0.398559
-0.520127
-0.481726
-0.255878
-0.070701
-0.00196691
0.0046401
-0.0176577
-0.0228003
-0.00472028
0.0128356
0.0263343
0.0367265
0.0448856
0.0513182
0.056441
0.0605863
0.0639935
0.0667968
0.0696336
0.0723247
0.0745928
0.0765248
0.0782229
0.0797319
0.0811384
0.0824398
0.0837348
0.0849631
0.0670943
0.0672344
0.0673727
0.0675491
0.06776
0.0680297
0.0683786
0.068815
0.0693594
0.0699966
0.0707118
0.0714346
0.0720813
0.0724867
0.0724845
0.0718093
0.0701645
0.0671938
0.0619811
0.053722
0.0378
0.0122328
-0.035261
-0.0751799
-0.123041
-0.122557
-0.140831
-0.173062
-0.219476
-0.289123
-0.400152
-0.561358
-0.580747
-0.381788
-0.112833
0.0945817
0.0138487
-0.0224934
-0.0407324
-0.0214141
0.000117614
0.0173115
0.0302204
0.0401883
0.0479212
0.0539722
0.058792
0.0627135
0.0659048
0.0690875
0.0720686
0.074527
0.0765896
0.0783523
0.0799091
0.0813019
0.0826114
0.0838318
0.0850564
0.0862215
0.0672032
0.0673306
0.0674572
0.0676257
0.0678318
0.0680969
0.0684388
0.0688575
0.0693657
0.0699361
0.0705431
0.0711086
0.0715459
0.0717071
0.071438
0.0705373
0.0687155
0.0657457
0.0605777
0.0528927
0.0391514
0.0172332
-0.0207492
-0.0320269
-0.0651533
-0.0881556
-0.119277
-0.17548
-0.258228
-0.377707
-0.56407
-0.653087
-0.498273
-0.218129
0.0199485
0.167154
-0.0148151
-0.0647137
-0.0427221
-0.0160387
0.00553292
0.0219681
0.0343531
0.0437805
0.0510107
0.0566695
0.061228
0.0648965
0.0684917
0.0718074
0.0744912
0.0766904
0.0785413
0.0801293
0.081543
0.0828183
0.08403
0.0851683
0.0863205
0.0874203
0.0672944
0.0674065
0.0675182
0.0676743
0.0678693
0.0681205
0.0684426
0.0688273
0.0692803
0.0697649
0.0702485
0.0706522
0.0708921
0.070846
0.0703778
0.069357
0.0675103
0.064773
0.0601899
0.0541978
0.0442989
0.0276031
0.0154121
0.00635071
-0.0172377
-0.0708458
-0.117777
-0.201093
-0.32274
-0.506639
-0.649758
-0.5735
-0.337299
-0.0894862
0.0948737
0.0737912
-0.090642
-0.0790479
-0.0367784
-0.0096831
0.0112868
0.0269851
0.0386701
0.0474288
0.054147
0.0595034
0.0637687
0.0678529
0.0715628
0.0744983
0.0768557
0.078792
0.080428
0.081842
0.0831137
0.0842731
0.0853878
0.0864442
0.0875232
0.0885569
0.0673648
0.0674581
0.0675509
0.0676892
0.0678658
0.0680932
0.068383
0.0687191
0.0691016
0.0694876
0.0698415
0.0700898
0.070157
0.0699525
0.0693655
0.0683445
0.0666619
0.0644918
0.0612499
0.0577797
0.05319
0.0468687
0.0491873
0.0369039
0.0162808
-0.0738712
-0.136019
-0.246241
-0.411447
-0.55653
-0.571545
-0.42586
-0.229599
-0.0278154
0.0771205
-0.107597
-0.130598
-0.0715308
-0.0297628
-0.00267021
0.0175518
0.0322791
0.0430503
0.0511302
0.0575014
0.0625205
0.0671902
0.0713582
0.0745796
0.0771046
0.079136
0.0808095
0.0822347
0.0834791
0.0846131
0.08566
0.0866799
0.0876559
0.088662
0.0896296
0.0674104
0.067481
0.0675504
0.0676647
0.0678152
0.0680091
0.0682552
0.0685306
0.0688317
0.0691128
0.069339
0.0694475
0.0693761
0.0690711
0.0684564
0.0675699
0.0662908
0.0650751
0.063755
0.0635801
0.0653718
0.068455
0.073861
0.0582475
0.0350194
-0.0895068
-0.162858
-0.291033
-0.428888
-0.501148
-0.454276
-0.351712
-0.195164
-0.0330536
-0.0759552
-0.171451
-0.121274
-0.0619398
-0.0211366
0.00514043
0.0241928
0.0376471
0.047496
0.0551772
0.0611627
0.0665337
0.0712344
0.0747712
0.0774752
0.0795962
0.0813067
0.0827266
0.0839497
0.0850324
0.0860351
0.0869744
0.0879031
0.088801
0.0897355
0.0906377
0.0674274
0.0674706
0.0675117
0.0675958
0.0677127
0.067864
0.0680569
0.0682624
0.0684757
0.0686516
0.0687591
0.0687504
0.0685817
0.0682399
0.0676963
0.0670909
0.0664622
0.0664949
0.0673946
0.0710668
0.077526
0.086116
0.0918695
0.071738
0.0392429
-0.104783
-0.178217
-0.287871
-0.379535
-0.413363
-0.410496
-0.361948
-0.230976
-0.116038
-0.22098
-0.283232
-0.163505
-0.106133
-0.0490826
-0.0110941
0.0136166
0.0308919
0.0430929
0.0524862
0.0597243
0.0659382
0.0712501
0.0751294
0.0780119
0.0802149
0.081945
0.083351
0.0845315
0.085565
0.0864963
0.0873757
0.0882135
0.0890553
0.0898783
0.090743
0.0915812
0.0674113
0.0674226
0.0674304
0.0674783
0.0675545
0.0676551
0.0677873
0.0679175
0.0680409
0.0681163
0.0681197
0.0680211
0.0678001
0.0674869
0.0671144
0.066924
0.0671196
0.0685255
0.0716725
0.0783938
0.0870407
0.098921
0.102156
0.0775731
0.0299988
-0.101843
-0.172058
-0.253677
-0.327043
-0.390521
-0.471232
-0.463107
-0.338551
-0.232952
-0.43504
-0.44165
-0.27353
-0.154817
-0.0863073
-0.0348173
0.000136985
0.0222429
0.0376955
0.0493902
0.0582748
0.0654956
0.0714966
0.0757313
0.07878
0.0810404
0.0827678
0.0841336
0.0852571
0.0862169
0.0870758
0.0878674
0.0886326
0.0893758
0.0901358
0.0908875
0.0916849
0.0924609
0.0673581
0.0673326
0.0673029
0.0673088
0.0673384
0.0673823
0.0674481
0.0675002
0.0675356
0.067519
0.0674364
0.0672773
0.0670487
0.066825
0.0667071
0.0670168
0.0680954
0.0707901
0.0757252
0.0837935
0.0930191
0.104792
0.101999
0.0691381
0.000192247
-0.103423
-0.163473
-0.237612
-0.336796
-0.486826
-0.665065
-0.63784
-0.407039
-0.4403
-0.603052
-0.581664
-0.385006
-0.244003
-0.134023
-0.0661949
-0.0191282
0.0115342
0.0310546
0.0458573
0.0569496
0.0653641
0.0721117
0.0766897
0.0798661
0.0821416
0.0838243
0.085117
0.0861512
0.0870188
0.0877791
0.0884798
0.0891445
0.0898053
0.0904612
0.0911448
0.0918291
0.0925621
0.0932782
0.0672644
0.0671971
0.067126
0.0670844
0.0670625
0.0670455
0.067042
0.0670161
0.0669681
0.0668705
0.0667211
0.0665297
0.0663326
0.0662442
0.066426
0.0672475
0.069124
0.0727504
0.0785364
0.0864269
0.0949649
0.100622
0.09138
0.0477462
-0.0281062
-0.121321
-0.188085
-0.287173
-0.45591
-0.765144
-0.941275
-0.696463
-0.521828
-0.568243
-0.621048
-0.614839
-0.50452
-0.319528
-0.205329
-0.106937
-0.0442547
-0.0035566
0.0231032
0.0419999
0.0560169
0.0658031
0.0733089
0.0781651
0.081391
0.0836067
0.0851823
0.0863488
0.0872541
0.0879939
0.0886346
0.0892174
0.0897771
0.090328
0.0908944
0.0914705
0.0920833
0.0927044
0.0933761
0.094035
0.0671265
0.0670146
0.0668974
0.0668038
0.0667271
0.0666462
0.0665725
0.0664707
0.0663457
0.0661788
0.0659802
0.0657794
0.0656396
0.0657052
0.0661765
0.0674234
0.0698137
0.0737792
0.0793833
0.0857782
0.0912014
0.0882572
0.0703537
0.0182767
-0.0624647
-0.162781
-0.257849
-0.431189
-0.79501
-1.16424
-1.03737
-0.757056
-0.605686
-0.567703
-0.539196
-0.570846
-0.566847
-0.410441
-0.254133
-0.163218
-0.0763824
-0.0219092
0.0122838
0.0379895
0.0560349
0.067264
0.0754099
0.0803912
0.0835192
0.0855543
0.0869257
0.0878921
0.0886096
0.0891789
0.089663
0.0901061
0.090534
0.0909698
0.0914199
0.0919017
0.0924055
0.0929531
0.0935152
0.094129
0.0947335
0.0669402
0.0667825
0.0666155
0.0664672
0.0663329
0.0661867
0.0660433
0.0658689
0.0656738
0.0654479
0.0652135
0.0650159
0.0649385
0.0651385
0.0658201
0.0672884
0.0697772
0.0733838
0.0777669
0.0812763
0.0813847
0.0696015
0.0420117
-0.0181558
-0.107786
-0.233548
-0.403941
-0.75963
-1.20987
-1.25947
-1.03061
-0.773185
-0.601342
-0.506822
-0.573846
-0.476787
-0.300513
-0.196129
-0.123301
-0.0460732
0.00147445
0.0337103
0.0577753
0.0705014
0.0789228
0.0836998
0.0864781
0.0881389
0.089164
0.0898231
0.0902744
0.0906125
0.0908969
0.0911637
0.091438
0.0917328
0.0920613
0.0924232
0.0928299
0.0932685
0.0937564
0.0942637
0.0948231
0.0953762
0.0667048
0.0664976
0.0662801
0.0660747
0.0658811
0.0656695
0.0654579
0.0652147
0.0649552
0.0646771
0.0644123
0.0642157
0.0641784
0.0644473
0.0651899
0.0665876
0.0686799
0.0712031
0.0733442
0.072653
0.0664949
0.0459061
0.00887964
-0.0609006
-0.17083
-0.3569
-0.654055
-1.07828
-1.27461
-1.20866
-0.972542
-0.727576
-0.564141
-0.53069
-0.355384
-0.2351
-0.147647
-0.0829236
-0.0130484
0.0336826
0.0631192
0.0765775
0.0846029
0.0885772
0.0905728
0.0915648
0.0920333
0.0922375
0.0923146
0.092344
0.0923696
0.0924183
0.0925041
0.0926371
0.0928193
0.0930561
0.0933415
0.0936821
0.0940624
0.0944959
0.0949527
0.0954612
0.0959659
0.0664204
0.0661601
0.0658908
0.065627
0.0653737
0.0650972
0.0648191
0.06451
0.0641892
0.0638602
0.0635595
0.0633428
0.0632924
0.063519
0.0641119
0.0650966
0.0662763
0.0670076
0.0660417
0.0603696
0.0471596
0.0187346
-0.0285119
-0.110208
-0.263825
-0.527787
-0.856149
-1.07409
-1.21367
-1.09567
-0.878755
-0.698706
-0.566926
-0.282874
-0.204538
-0.10102
-0.0310928
0.0344746
0.077036
0.0880248
0.0935327
0.0956871
0.0962233
0.0960906
0.095706
0.0952492
0.0948104
0.0944285
0.0941224
0.0938977
0.0937561
0.0936946
0.0937113
0.0938
0.0939593
0.0941792
0.094462
0.0947904
0.0951747
0.095585
0.0960461
0.0965054
0.0660844
0.0657699
0.065448
0.0651256
0.0648124
0.064472
0.0641286
0.0637548
0.0633718
0.0629854
0.0626301
0.0623515
0.0622045
0.0622396
0.0624385
0.0626501
0.0624247
0.0607652
0.0561113
0.0453241
0.0249748
-0.0107463
-0.0691643
-0.168998
-0.382138
-0.62217
-0.845
-1.01508
-1.0803
-0.973455
-0.850839
-0.684746
-0.242031
-0.186334
-0.0564658
0.0333492
0.0943943
0.108262
0.107678
0.105958
0.103957
0.102052
0.100387
0.0989963
0.0978527
0.0969306
0.0961994
0.0956352
0.095216
0.0949249
0.0947464
0.0946696
0.0946818
0.0947768
0.094941
0.0951737
0.0954561
0.0957958
0.0961636
0.0965807
0.0969977
0.0656964
0.0653276
0.0649529
0.0645718
0.0641991
0.0637955
0.0633869
0.0629467
0.0624954
0.0620362
0.0615938
0.0611914
0.0608406
0.0605122
0.0600638
0.0591626
0.0571284
0.0526388
0.0440108
0.0281021
0.00127409
-0.0412318
-0.113362
-0.23774
-0.456379
-0.633953
-0.803588
-0.907197
-0.956972
-0.969056
-0.757665
-0.201126
-0.126614
0.0107734
0.108697
0.132471
0.129511
0.12072
0.114477
0.109831
0.106327
0.103631
0.101546
0.0999194
0.0986508
0.0976653
0.0969103
0.0963452
0.0959404
0.0956716
0.0955213
0.0954722
0.0955143
0.0956317
0.0958212
0.0960632
0.0963628
0.0966916
0.0970681
0.0974458
0.0652569
0.0648338
0.0644066
0.0639674
0.0635355
0.0630686
0.0625931
0.0620815
0.0615496
0.060993
0.0604181
0.0598153
0.0591396
0.0582707
0.0569395
0.0546496
0.0505618
0.0431018
0.0304096
0.00984018
-0.0224854
-0.0729177
-0.161417
-0.291657
-0.361905
-0.499094
-0.659321
-0.697188
-0.816121
-0.98293
-0.69959
-0.147684
-0.0402993
0.095063
0.179233
0.157588
0.197302
0.141553
0.12856
0.119909
0.113779
0.109329
0.105998
0.103471
0.101527
0.100025
0.0988643
0.0979753
0.0973059
0.0968182
0.0964821
0.0962756
0.0961784
0.0961778
0.0962564
0.0964089
0.0966153
0.0968789
0.0971723
0.0975113
0.0978527
0.0647666
0.0642898
0.0638108
0.0633141
0.0628231
0.0622919
0.0617455
0.0611533
0.0605227
0.0598361
0.0590741
0.0581856
0.0570621
0.055491
0.0530882
0.0492282
0.0428407
0.0324783
0.0162059
-0.00822886
-0.0460501
-0.106627
-0.198241
-0.239484
-0.293539
-0.403605
-0.554591
-0.585854
-0.660426
-0.876162
-0.572549
-0.0778784
0.0668899
0.181785
0.247575
0.167691
0.205928
0.242482
0.147198
0.132664
0.123038
0.116237
0.111319
0.107652
0.104878
0.102748
0.101104
0.0998331
0.0988573
0.0981182
0.0975734
0.0971895
0.0969416
0.0968078
0.0967734
0.09682
0.096941
0.0971161
0.0973476
0.0976088
0.0979134
0.0982213
0.0642267
0.0636973
0.0631674
0.0626139
0.0620633
0.0614653
0.0608417
0.0601561
0.0594036
0.0585486
0.0575403
0.0562816
0.0546001
0.0521993
0.0486008
0.0430534
0.0344563
0.0214832
0.0023977
-0.0257756
-0.069959
-0.132477
-0.166683
-0.20727
-0.244365
-0.330843
-0.46816
-0.572597
-0.576291
-0.756342
-0.38178
0.0319461
0.176175
0.264802
0.302819
0.169524
0.202667
0.230554
0.277704
0.148624
0.134218
0.124512
0.11758
0.112529
0.108742
0.105865
0.10365
0.101935
0.100606
0.0995813
0.0988009
0.0982204
0.0978048
0.0975282
0.0973673
0.0973066
0.0973272
0.0974215
0.0975695
0.0977722
0.0980043
0.0982773
0.0985543
0.0636387
0.063058
0.0624785
0.0618687
0.0612573
0.0605888
0.0598794
0.0590847
0.0581841
0.0571203
0.0558082
0.054105
0.0517815
0.0484717
0.0436175
0.0364294
0.0259103
0.0109041
-0.0106908
-0.0431307
-0.0878599
-0.113499
-0.145824
-0.174922
-0.207208
-0.275572
-0.373305
-0.524666
-0.611596
-0.707522
-0.159838
0.162605
0.280114
0.33278
0.34098
0.166756
0.193751
0.215749
0.250517
0.299922
0.147536
0.134106
0.124842
0.118113
0.113149
0.109392
0.106518
0.104292
0.102561
0.101214
0.10017
0.0993712
0.0987722
0.0983385
0.0980434
0.0978636
0.097783
0.0977826
0.0978545
0.0979789
0.0981559
0.0983617
0.0986058
0.0988546
0.0630047
0.0623744
0.0617467
0.0610808
0.0604069
0.0596629
0.0588578
0.0579366
0.056861
0.0555503
0.0538857
0.0516855
0.0486704
0.0444228
0.0383574
0.0297566
0.0177885
0.00103785
-0.023312
-0.0560931
-0.0759082
-0.0988712
-0.124155
-0.14967
-0.174812
-0.233982
-0.306612
-0.394496
-0.618935
-0.712862
0.0649343
0.289842
0.366625
0.380318
0.357553
0.161912
0.183505
0.200554
0.226753
0.261797
0.30892
0.145047
0.132965
0.124408
0.118075
0.113335
0.109708
0.106909
0.104726
0.103019
0.101684
0.100645
0.0998447
0.0992412
0.0988
0.0984949
0.0983028
0.0982076
0.0981907
0.0982438
0.0983477
0.098502
0.098684
0.0989019
0.0991248
0.0623271
0.0616493
0.0609748
0.0602532
0.0595146
0.0586896
0.057778
0.0567135
0.0554387
0.0538504
0.0518009
0.0490765
0.0453599
0.0402178
0.033125
0.0234844
0.0103234
-0.00827459
-0.0327101
-0.048509
-0.0659519
-0.0844338
-0.106127
-0.126106
-0.14408
-0.201263
-0.262876
-0.320639
-0.486159
-0.730118
0.262215
0.397057
0.42784
0.401276
0.350103
0.156326
0.173515
0.18693
0.206725
0.232071
0.265899
0.303467
0.14188
0.131231
0.123488
0.117647
0.113209
0.109774
0.107098
0.104995
0.103341
0.10204
0.101022
0.100235
0.0996382
0.099198
0.0988896
0.0986907
0.0985854
0.0985557
0.0985931
0.0986794
0.0988134
0.098974
0.099168
0.0993674
0.0616088
0.060886
0.0601666
0.0593896
0.0585841
0.0576727
0.0566451
0.0554229
0.0539308
0.0520468
0.0495999
0.046353
0.0419775
0.0360882
0.0282588
0.0177991
0.00340194
-0.0151538
-0.0277284
-0.0414691
-0.0558847
-0.0718749
-0.0882964
-0.102817
-0.115905
-0.165363
-0.233898
-0.308767
-0.388324
-0.806981
0.421702
0.474887
0.455441
0.392884
0.318547
0.150704
0.164442
0.175091
0.190311
0.209207
0.233602
0.261941
0.283675
0.13847
0.129193
0.122278
0.116964
0.112866
0.109657
0.107133
0.105135
0.103554
0.102303
0.10132
0.100556
0.0999728
0.0995402
0.0992339
0.0990326
0.0989209
0.0988814
0.0989059
0.0989769
0.099093
0.0992345
0.0994068
0.0995847
0.0608535
0.0600887
0.0593268
0.0584952
0.0576213
0.0566191
0.0554683
0.0540791
0.0523614
0.0501785
0.0473435
0.0436136
0.0386992
0.0322899
0.0239029
0.0126212
-0.00167528
-0.0117992
-0.0225811
-0.0341489
-0.0466927
-0.0591089
-0.0707423
-0.0796934
-0.0842098
-0.116989
-0.201173
-0.312222
-0.379751
-1.05021
0.539232
0.511051
0.445353
0.354491
0.265336
0.145385
0.156445
0.165004
0.176872
0.191278
0.209592
0.230648
0.249995
0.250355
0.13507
0.12704
0.120914
0.116124
0.112377
0.10941
0.107054
0.105176
0.103679
0.102489
0.10155
0.100816
0.100254
0.0998338
0.0995337
0.0993333
0.0992181
0.0991715
0.0991854
0.0992433
0.0993435
0.0994678
0.0996204
0.0997789
0.0600657
0.0592626
0.0584613
0.0575767
0.0566342
0.0555392
0.0542622
0.0527044
0.0507642
0.0482955
0.0451096
0.0409935
0.035719
0.0289346
0.0200032
0.00885874
0.000625865
-0.0079705
-0.0172073
-0.0272418
-0.0372818
-0.0462339
-0.0537779
-0.0563428
-0.035436
-0.0476232
-0.159123
-0.302244
-0.382387
-1.30202
0.598493
0.499251
0.395711
0.289504
0.196002
0.140512
0.149496
0.156451
0.16585
0.177066
0.191064
0.207277
0.223269
0.230629
0.204096
0.131818
0.124888
0.11949
0.115199
0.111797
0.109074
0.106893
0.105142
0.103737
0.102615
0.101725
0.101026
0.100489
0.100085
0.0997941
0.0995974
0.0994811
0.0994294
0.0994347
0.0994814
0.0995675
0.0996765
0.0998113
0.0999521
0.0592507
0.058414
0.0575774
0.0566428
0.0556337
0.0544474
0.053047
0.0513279
0.0491804
0.04646
0.043002
0.0386413
0.0331226
0.0259844
0.017205
0.010479
0.00352466
-0.00393817
-0.012012
-0.0201382
-0.027716
-0.0334933
-0.0370078
-0.0241892
0.0291186
0.03777
-0.087412
-0.261721
-0.363387
-1.346
0.578308
0.433925
0.312098
0.205209
0.116073
0.136126
0.143491
0.149205
0.156751
0.16564
0.176578
0.18921
0.202311
0.211918
0.20269
0.146806
0.128783
0.122809
0.118065
0.114238
0.111165
0.108681
0.106674
0.105051
0.103742
0.102691
0.101854
0.101194
0.100684
0.100299
0.10002
0.0998287
0.0997131
0.0996582
0.0996565
0.0996937
0.0997674
0.0998626
0.0999813
0.100106
0.0584152
0.0575509
0.0566842
0.0557044
0.0546338
0.0533623
0.0518481
0.049984
0.0476602
0.044753
0.041134
0.0366252
0.0308818
0.0239016
0.0183792
0.0127089
0.00661136
5.38071e-05
-0.00662127
-0.0129007
-0.0180845
-0.0207896
-0.0153635
0.0212394
0.0764241
0.00789181
-0.172135
-0.313097
-1.21327
0.471794
0.328821
0.204524
0.107613
0.132215
0.138308
0.143051
0.149187
0.156337
0.16503
0.175055
0.185743
0.195124
0.194838
0.169795
0.125996
0.120843
0.116678
0.113275
0.11051
0.108254
0.106416
0.104921
0.103707
0.102729
0.101946
0.101326
0.100845
0.100481
0.100215
0.100031
0.0999176
0.0998608
0.0998535
0.0998826
0.0999454
0.100028
0.100132
0.100243
0.0575671
0.0566829
0.0557931
0.0547754
0.0536517
0.0523063
0.0506949
0.0487135
0.0462669
0.0432613
0.0395588
0.0349232
0.0293332
0.0247791
0.0201199
0.015108
0.00973099
0.0042202
-0.00107066
-0.0055423
-0.00828919
-0.00552004
0.0144739
0.0641713
0.115195
-0.0485391
-0.236122
-0.99003
0.309082
0.196712
0.0800923
0.128744
0.133824
0.137799
0.142844
0.148673
0.155691
0.163754
0.172513
0.181014
0.184198
0.175361
0.123459
0.119008
0.115355
0.112334
0.109852
0.10781
0.106134
0.104762
0.103643
0.102736
0.102007
0.101429
0.100978
0.100635
0.100383
0.100207
0.100097
0.10004
0.100028
0.10005
0.100103
0.100175
0.100266
0.100364
0.0567162
0.0558211
0.0549179
0.0538725
0.0527073
0.0513047
0.0496212
0.0475667
0.0450678
0.0420257
0.0382597
0.0337813
0.0300092
0.0261568
0.0220159
0.0175796
0.0130089
0.00853944
0.00466254
0.00200674
0.00294031
0.0139727
0.0464726
0.0907583
0.134434
-0.109483
-0.713103
0.110393
0.0435376
0.125672
0.129936
0.133295
0.137487
0.142295
0.148033
0.154604
0.161826
0.169237
0.173799
0.172509
0.121164
0.117313
0.114108
0.111429
0.109206
0.107363
0.105839
0.104585
0.103556
0.102719
0.102044
0.101507
0.101086
0.100765
0.100528
0.100361
0.100255
0.100198
0.100183
0.100199
0.100244
0.100306
0.100385
0.10047
0.0558735
0.0549788
0.0540743
0.0530133
0.0518226
0.0503863
0.048667
0.0465955
0.0440951
0.0410357
0.0374063
0.0343103
0.0311135
0.0276788
0.0240052
0.0201981
0.016431
0.0130536
0.0105987
0.0102967
0.0163238
0.0372747
0.0706694
0.109331
0.14308
-0.428115
-0.142405
0.122962
0.126564
0.129418
0.132936
0.136938
0.141682
0.147097
0.153093
0.159467
0.164305
0.166493
0.119094
0.115758
0.112944
0.11057
0.108582
0.106921
0.10554
0.104396
0.103454
0.102685
0.102062
0.101564
0.101174
0.100874
0.100652
0.100495
0.100393
0.100337
0.100319
0.10033
0.100367
0.100421
0.100489
0.100564
0.0550508
0.0541706
0.0532779
0.0522166
0.0510229
0.0495841
0.0478726
0.0458255
0.0433427
0.0404229
0.0378548
0.0352063
0.0323535
0.0293042
0.0261312
0.0229536
0.0200406
0.017769
0.0168742
0.0196593
0.0340808
0.058293
0.0888914
0.120005
0.145271
0.120557
0.123641
0.126068
0.129046
0.132407
0.136364
0.140868
0.145882
0.151329
0.155987
0.159587
0.117232
0.114337
0.111865
0.109762
0.107986
0.106492
0.105242
0.104203
0.103343
0.102637
0.102064
0.101605
0.101244
0.100965
0.100758
0.10061
0.100514
0.100459
0.100439
0.100446
0.100477
0.100522
0.100581
0.100646
0.0542616
0.0534118
0.0525463
0.0515031
0.0503398
0.0489269
0.0472605
0.0452579
0.0429126
0.0408002
0.0385973
0.0362321
0.0337013
0.0310581
0.0283863
0.0258841
0.0238324
0.022628
0.0235987
0.0334364
0.0513821
0.0748517
0.100879
0.125695
0.14416
0.118429
0.12105
0.123138
0.125695
0.128545
0.131872
0.135649
0.139868
0.144518
0.148798
0.152823
0.115562
0.113044
0.11087
0.109007
0.107421
0.10608
0.104951
0.104008
0.103224
0.10258
0.102054
0.101632
0.101299
0.101041
0.100848
0.10071
0.100619
0.100566
0.100545
0.100548
0.100573
0.100611
0.100661
0.100717
0.0535241
0.0527174
0.0519018
0.0508906
0.0497813
0.0484366
0.0468343
0.044968
0.0432404
0.0414204
0.0394609
0.0373668
0.0351712
0.0329342
0.0308012
0.0289777
0.0276689
0.0276224
0.0343788
0.0476362
0.0657419
0.0869209
0.10869
0.128023
0.141432
0.116545
0.118793
0.120617
0.12279
0.125227
0.128047
0.131239
0.13481
0.138783
0.142625
0.146601
0.114063
0.111869
0.109956
0.108306
0.106891
0.105688
0.10467
0.103816
0.103104
0.102516
0.102035
0.101648
0.101341
0.101104
0.100925
0.100797
0.100711
0.100659
0.100637
0.100637
0.100657
0.100689
0.100731
0.100778
0.0528584
0.0521035
0.0513663
0.0504279
0.0493817
0.0481193
0.0466521
0.0452602
0.0437662
0.0421565
0.0404312
0.0386181
0.0367569
0.0349555
0.0333613
0.0320719
0.0314911
0.0361577
0.0459968
0.0599277
0.0769657
0.0955655
0.113356
0.128314
0.138043
0.114873
0.11681
0.118404
0.120274
0.122361
0.124768
0.127483
0.130522
0.133924
0.137328
0.141045
0.112719
0.110804
0.109119
0.107656
0.106395
0.105316
0.1044
0.103628
0.102982
0.102447
0.102009
0.101655
0.101373
0.101155
0.10099
0.100871
0.10079
0.100741
0.100718
0.100715
0.10073
0.100756
0.100791
0.100831
0.0522802
0.0515865
0.0509415
0.0501031
0.049146
0.0480202
0.0469176
0.0457132
0.0444032
0.0429979
0.0415129
0.0399797
0.0384753
0.0371062
0.0359077
0.0350884
0.0383233
0.0456867
0.0564142
0.0700272
0.0855809
0.10149
0.11589
0.127407
0.134497
0.113387
0.115064
0.116459
0.118076
0.119877
0.121939
0.124261
0.126861
0.129782
0.132777
0.136152
0.111513
0.109838
0.108354
0.107057
0.105933
0.104967
0.104143
0.103447
0.102862
0.102376
0.101977
0.101654
0.101397
0.101197
0.101045
0.100934
0.100859
0.100812
0.100788
0.100783
0.100793
0.100814
0.100842
0.100875
0.0518081
0.0512124
0.0506585
0.0499315
0.0491092
0.0482668
0.0473136
0.046273
0.0451433
0.0439466
0.0427002
0.0414632
0.0403098
0.0392437
0.0383599
0.0406201
0.0461781
0.0544802
0.0653207
0.0781838
0.09199
0.105403
0.116975
0.125851
0.131053
0.112064
0.11352
0.114745
0.11615
0.117711
0.119487
0.121482
0.123715
0.12623
0.128855
0.131872
0.110431
0.108964
0.107655
0.106506
0.105505
0.104641
0.103901
0.103273
0.102745
0.102305
0.101942
0.101648
0.101414
0.10123
0.101091
0.100989
0.100918
0.100873
0.100849
0.100842
0.100848
0.100864
0.100886
0.100912
0.0514415
0.0509695
0.0505261
0.0499431
0.0493407
0.0486198
0.0478127
0.0469335
0.0459874
0.0449971
0.044
0.0430521
0.0421386
0.0412934
0.0428922
0.0471361
0.0536012
0.062245
0.0728084
0.084604
0.0966509
0.107843
0.117121
0.123984
0.127834
0.110885
0.112153
0.113231
0.114456
0.115815
0.117351
0.119073
0.120997
0.123169
0.125464
0.128136
0.109459
0.108173
0.107018
0.106
0.105108
0.104336
0.103673
0.103108
0.102631
0.102233
0.101905
0.101638
0.101425
0.101257
0.101129
0.101035
0.100969
0.100926
0.100902
0.100892
0.100894
0.100905
0.100922
0.100942
0.0512051
0.0508703
0.0505679
0.0501649
0.0496599
0.0490726
0.0484106
0.0476951
0.0469301
0.0461528
0.0453973
0.0446456
0.0438962
0.045053
0.0483384
0.0534174
0.0603335
0.06899
0.0789602
0.0895687
0.099947
0.109235
0.116676
0.122011
0.124886
0.109833
0.110939
0.111891
0.112962
0.114148
0.115481
0.116973
0.118637
0.120517
0.122523
0.124876
0.108586
0.107457
0.106439
0.105536
0.104743
0.104053
0.103459
0.102951
0.102522
0.102163
0.101867
0.101625
0.101431
0.101278
0.101161
0.101074
0.101012
0.100971
0.100947
0.100935
0.100934
0.10094
0.100951
0.100965
0.0511146
0.050937
0.0507823
0.050461
0.0500761
0.0496221
0.0491069
0.0485525
0.0479721
0.0473996
0.0468095
0.0461879
0.0470547
0.0496433
0.0536767
0.0592444
0.0663426
0.0747251
0.083936
0.0933369
0.102206
0.109893
0.115876
0.120054
0.122222
0.108892
0.10986
0.110701
0.11164
0.112678
0.113839
0.115136
0.116579
0.11821
0.119962
0.122028
0.107801
0.10681
0.105911
0.105111
0.104406
0.103791
0.103259
0.102804
0.102419
0.102096
0.101828
0.101609
0.101433
0.101295
0.101188
0.101108
0.10105
0.10101
0.100985
0.100971
0.100966
0.100968
0.100974
0.100983
0.0511892
0.0511479
0.0510605
0.0508517
0.0505871
0.0502676
0.0498968
0.0495046
0.0491004
0.0486716
0.0481903
0.0488764
0.0509589
0.0542063
0.0587249
0.0645657
0.0715986
0.0795305
0.0879006
0.0961476
0.10369
0.11005
0.114881
0.118179
0.11983
0.108049
0.108898
0.109643
0.110468
0.111379
0.112392
0.113522
0.114776
0.116194
0.117724
0.119536
0.107096
0.106224
0.105432
0.104723
0.104097
0.103549
0.103074
0.102667
0.102321
0.10203
0.10179
0.101592
0.101433
0.101307
0.101209
0.101135
0.101081
0.101043
0.101017
0.101001
0.100993
0.10099
0.100991
0.100995
0.0513972
0.0514175
0.0514311
0.0513356
0.0511922
0.0510048
0.0507778
0.0505395
0.0502626
0.0499302
0.0505095
0.0522295
0.054886
0.0585929
0.0634259
0.0693324
0.0761316
0.0835034
0.0910201
0.0982044
0.104602
0.109874
0.113795
0.116421
0.117691
0.107294
0.10804
0.108699
0.109427
0.110226
0.111113
0.112099
0.113191
0.114427
0.115763
0.11735
0.106461
0.105694
0.104996
0.104368
0.103813
0.103325
0.102902
0.102538
0.102229
0.101968
0.101752
0.101575
0.101431
0.101317
0.101227
0.101159
0.101107
0.10107
0.101043
0.101025
0.101013
0.101006
0.101002
0.101
0.0516605
0.0517782
0.0518932
0.0519119
0.0518873
0.05183
0.0517389
0.0516162
0.0514271
0.0519584
0.0534191
0.055636
0.0587153
0.0627467
0.0677234
0.0735442
0.0799923
0.0867532
0.0934452
0.0996763
0.1051
0.109482
0.112685
0.114796
0.115783
0.106617
0.107274
0.107858
0.108499
0.109203
0.109979
0.110841
0.111794
0.112871
0.114039
0.115429
0.105889
0.105214
0.1046
0.104045
0.103554
0.10312
0.102744
0.102419
0.102143
0.10191
0.101716
0.101557
0.101427
0.101323
0.101241
0.101178
0.101129
0.101092
0.101065
0.101044
0.101028
0.101017
0.101007
0.0520133
0.0522291
0.0524458
0.0525768
0.0526683
0.0527337
0.0527483
0.0527089
0.0532252
0.0545106
0.0563996
0.0589984
0.0623941
0.0666112
0.0715999
0.077221
0.0832481
0.0893867
0.0953088
0.1007
0.105302
0.10896
0.111593
0.113307
0.114083
0.10601
0.106588
0.107105
0.107671
0.108291
0.108972
0.109726
0.110558
0.111499
0.112519
0.113735
0.105375
0.104781
0.104241
0.103751
0.103316
0.102932
0.102598
0.102309
0.102063
0.101855
0.101682
0.101539
0.101422
0.101328
0.101253
0.101194
0.101147
0.10111
0.101081
0.101058
0.101039
0.101022
0.052455
0.0527691
0.0530855
0.0533259
0.0535267
0.0536914
0.0537846
0.0543252
0.0554894
0.0571431
0.0593727
0.0622691
0.065869
0.0701599
0.0750559
0.0804006
0.0859713
0.0915038
0.0967236
0.101384
0.105297
0.108365
0.110545
0.111951
0.112568
0.105464
0.105974
0.106432
0.106932
0.107477
0.108075
0.108736
0.109463
0.110285
0.111176
0.11224
0.104911
0.10439
0.103916
0.103483
0.1031
0.10276
0.102464
0.102208
0.101989
0.101804
0.10165
0.101522
0.101417
0.101331
0.101262
0.101207
0.101161
0.101124
0.101094
0.101067
0.101044
0.0529847
0.0533953
0.0538082
0.0541515
0.0544438
0.0546852
0.0552577
0.0563578
0.0578381
0.0597927
0.0622961
0.0653997
0.0691098
0.0733815
0.0781086
0.0831288
0.0882338
0.0931936
0.0977835
0.101814
0.105151
0.107737
0.109556
0.11072
0.111219
0.104974
0.105424
0.105828
0.106271
0.106751
0.107275
0.107854
0.10849
0.109207
0.109986
0.110916
0.104493
0.104036
0.103621
0.10324
0.102903
0.102603
0.102341
0.102115
0.101922
0.101758
0.10162
0.101506
0.101411
0.101333
0.101269
0.101217
0.101172
0.101135
0.101101
0.101072
0.0535995
0.0541038
0.0546073
0.0550395
0.0554048
0.0560463
0.057105
0.058476
0.0602205
0.0624224
0.0651266
0.0683593
0.0720987
0.0762795
0.0807846
0.0854552
0.0901033
0.0945333
0.098565
0.102056
0.10491
0.107103
0.108633
0.109607
0.110015
0.104534
0.104931
0.105288
0.105679
0.1061
0.106561
0.107068
0.107623
0.10825
0.108929
0.109742
0.104117
0.103717
0.103354
0.10302
0.102724
0.10246
0.10223
0.102031
0.10186
0.101715
0.101593
0.101491
0.101405
0.101334
0.101275
0.101224
0.10118
0.101141
0.101106
0.0542958
0.0548889
0.0554724
0.0559775
0.0566802
0.0577467
0.0590372
0.0606384
0.0626038
0.0649942
0.0678343
0.0711267
0.0748305
0.0788668
0.083116
0.0874293
0.0916412
0.095589
0.09913
0.102159
0.104612
0.106482
0.107778
0.108602
0.108942
0.104139
0.104487
0.104802
0.105148
0.105518
0.105922
0.106365
0.10685
0.107397
0.10799
0.108699
0.103778
0.103429
0.103112
0.102821
0.102562
0.102331
0.10213
0.101955
0.101805
0.101677
0.101569
0.101477
0.1014
0.101335
0.101279
0.10123
0.101185
0.101145
0.055069
0.0557425
0.0563932
0.0571889
0.0582659
0.0595303
0.0610205
0.0628164
0.0649549
0.0674799
0.0703972
0.0736915
0.0773085
0.0811627
0.0851377
0.0890983
0.0929019
0.0964155
0.0995278
0.102163
0.104279
0.105884
0.106991
0.107695
0.107983
0.103785
0.104089
0.104367
0.104671
0.104996
0.105351
0.105737
0.10616
0.106636
0.107153
0.10777
0.103473
0.10317
0.102895
0.102642
0.102416
0.102215
0.102039
0.101887
0.101755
0.101643
0.101547
0.101466
0.101396
0.101335
0.101282
0.101233
0.101188
0.0559132
0.0566561
0.0575584
0.0586885
0.0599328
0.0613692
0.0630295
0.0649811
0.067248
0.0698579
0.0728016
0.0760507
0.0795425
0.0831902
0.0868846
0.0905055
0.0939326
0.0970583
0.0997975
0.102097
0.103931
0.105318
0.10627
0.106878
0.107127
0.103466
0.103732
0.103976
0.104244
0.104528
0.104838
0.105175
0.105544
0.105957
0.106406
0.106943
0.103198
0.102937
0.102699
0.102481
0.102285
0.102111
0.101959
0.101826
0.101711
0.101613
0.101528
0.101456
0.101392
0.101335
0.101283
0.101235
0.0568206
0.0577973
0.0589938
0.0602674
0.0616576
0.0632409
0.065039
0.0671089
0.0694621
0.072113
0.0750406
0.0782072
0.0815466
0.0849742
0.0883901
0.09169
0.0947733
0.0975548
0.0999699
0.101983
0.103581
0.104785
0.105611
0.106142
0.106362
0.103181
0.103413
0.103625
0.10386
0.104108
0.104378
0.104671
0.104992
0.10535
0.10574
0.106204
0.102952
0.102728
0.102524
0.102336
0.102168
0.102018
0.101887
0.101773
0.101673
0.101587
0.101513
0.101447
0.101388
0.101335
0.101284
0.057943
0.0591966
0.0605071
0.0619056
0.0634199
0.0651229
0.0670276
0.0691801
0.0715818
0.0742358
0.0771124
0.0801686
0.0833375
0.0865396
0.0896856
0.0926858
0.0954579
0.097935
0.100069
0.101838
0.103236
0.104289
0.105012
0.105479
0.105678
0.102926
0.103125
0.103311
0.103516
0.103731
0.103966
0.10422
0.104497
0.104806
0.105144
0.105544
0.102732
0.102541
0.102367
0.102207
0.102064
0.101937
0.101824
0.101726
0.101641
0.101566
0.1015
0.101441
0.101387
0.101334
0.0593157
0.060672
0.0620806
0.0635843
0.0651997
0.0669957
0.0689767
0.0711793
0.073596
0.0762212
0.0790195
0.0819452
0.0849332
0.0879108
0.0907992
0.0935228
0.0960147
0.0982234
0.100114
0.101674
0.102904
0.10383
0.104467
0.104882
0.105066
0.102698
0.102868
0.103029
0.103207
0.103393
0.103596
0.103814
0.104054
0.10432
0.104611
0.104954
0.102534
0.102375
0.102228
0.102093
0.101972
0.101865
0.10177
0.101687
0.101614
0.101549
0.10149
0.101437
0.101385
0.0607645
0.0622078
0.0636969
0.0652854
0.0669791
0.0688422
0.0708714
0.0730949
0.0754979
0.0780683
0.0807675
0.0835492
0.0863521
0.0891106
0.0917563
0.0942265
0.0964673
0.0984398
0.100119
0.1015
0.102587
0.103406
0.103973
0.104345
0.104517
0.102495
0.102638
0.102777
0.10293
0.10309
0.103264
0.103451
0.103657
0.103884
0.104134
0.104426
0.102359
0.102227
0.102105
0.101993
0.101893
0.101803
0.101725
0.101655
0.101593
0.101536
0.101485
0.101434
0.0622744
0.063787
0.065339
0.0669922
0.0687421
0.070648
0.0726999
0.0749186
0.0772838
0.079779
0.082364
0.0849939
0.0876119
0.0901598
0.0925793
0.0948187
0.0968352
0.0985999
0.100096
0.101323
0.102288
0.103018
0.103526
0.103862
0.104026
0.102315
0.102433
0.102552
0.102682
0.102818
0.102967
0.103125
0.1033
0.103492
0.103706
0.103953
0.102203
0.102096
0.101997
0.101906
0.101824
0.101751
0.101687
0.101629
0.101576
0.101528
0.101482
0.0638287
0.0653939
0.0669914
0.0686897
0.0704748
0.0724012
0.0744531
0.0766451
0.0789531
0.0813574
0.0838183
0.0862928
0.0887295
0.0910776
0.0932877
0.0953177
0.0971342
0.0987161
0.100053
0.101148
0.102009
0.102662
0.103121
0.103427
0.103586
0.102156
0.10225
0.102351
0.10246
0.102575
0.1027
0.102833
0.10298
0.103142
0.103323
0.10353
0.102066
0.101982
0.101903
0.101831
0.101766
0.101709
0.101657
0.101609
0.101566
0.101524
0.0654121
0.0670133
0.0686396
0.0703645
0.0721655
0.0740925
0.0761247
0.0782717
0.0805071
0.0828095
0.0851401
0.0874591
0.0897207
0.0918808
0.0938982
0.0957391
0.0973774
0.0987986
0.0999965
0.100977
0.10175
0.102338
0.102755
0.103037
0.103192
0.102015
0.102089
0.102172
0.102263
0.102358
0.102461
0.102572
0.102694
0.102828
0.102979
0.103152
0.101946
0.101883
0.101822
0.101768
0.101719
0.101675
0.101634
0.101596
0.101561
0.0670098
0.0686314
0.0702708
0.0720053
0.0738048
0.0757147
0.0777105
0.079798
0.081949
0.0841418
0.0863395
0.0885057
0.0905999
0.0925846
0.0944256
0.0960958
0.0975756
0.0988554
0.0999322
0.100814
0.101511
0.102043
0.102426
0.102686
0.102839
0.101893
0.101946
0.102014
0.102087
0.102164
0.102248
0.102338
0.102438
0.102547
0.102672
0.102814
0.101842
0.101798
0.101755
0.101716
0.101681
0.101649
0.101619
0.101591
0.0686083
0.0702357
0.0718739
0.0736025
0.0753851
0.0772628
0.0792085
0.0812249
0.0832832
0.085362
0.0874266
0.0894445
0.0913803
0.0932022
0.094882
0.0963987
0.0977375
0.0988926
0.0998638
0.10066
0.101291
0.101775
0.102128
0.102372
0.102523
0.101786
0.101822
0.101875
0.101931
0.101992
0.102058
0.102129
0.102209
0.102296
0.102396
0.102511
0.101753
0.101726
0.101699
0.101675
0.101653
0.101631
0.101613
0.0701952
0.0718151
0.0734391
0.0751481
0.0769004
0.0787335
0.0806182
0.0825548
0.0845148
0.0864775
0.0884112
0.0902867
0.0920735
0.093745
0.0952782
0.0966568
0.0978701
0.0989152
0.0997939
0.100515
0.101089
0.101532
0.101861
0.10209
0.10224
0.101695
0.101715
0.101753
0.101794
0.10184
0.101889
0.101944
0.102004
0.102072
0.10215
0.10224
0.101679
0.101668
0.101655
0.101644
0.101633
0.101625
0.0717594
0.0733601
0.0749585
0.0766361
0.078347
0.0801252
0.0819403
0.083791
0.0856495
0.0874963
0.0893025
0.0910425
0.0926901
0.094223
0.095623
0.0968776
0.0979793
0.0989272
0.0997248
0.10038
0.100906
0.101313
0.10162
0.101837
0.101986
0.101618
0.101623
0.101648
0.101675
0.101706
0.10174
0.101779
0.101822
0.101872
0.101931
0.101998
0.101618
0.101621
0.101622
0.101623
0.101626
0.0732916
0.0748625
0.0764255
0.0780618
0.0797222
0.0814374
0.0831767
0.0849375
0.0866933
0.0884259
0.0901093
0.0917212
0.0932392
0.0946451
0.0959242
0.0970673
0.0980695
0.0989315
0.0996577
0.100256
0.100739
0.101116
0.101404
0.101611
0.101759
0.101556
0.101546
0.101558
0.101571
0.101588
0.101609
0.101633
0.101661
0.101694
0.101735
0.101783
0.10157
0.101586
0.1016
0.101616
0.0747834
0.0763158
0.0778353
0.0794221
0.0810246
0.0826708
0.08433
0.0859988
0.0876523
0.0892736
0.0908397
0.0923311
0.093729
0.0950185
0.0961881
0.0972311
0.0981447
0.0989306
0.0995939
0.100142
0.100587
0.100938
0.10121
0.101409
0.101556
0.101506
0.101483
0.101482
0.101482
0.101487
0.101494
0.101504
0.101518
0.101536
0.10156
0.101592
0.101534
0.101562
0.101592
0.0762282
0.0777149
0.0791842
0.0807149
0.082254
0.0838269
0.0854034
0.0869797
0.0885325
0.0900464
0.091501
0.0928797
0.0941667
0.0953498
0.0964202
0.0973733
0.0982077
0.0989261
0.0995339
0.100038
0.10045
0.100778
0.101036
0.101229
0.101376
0.101468
0.101434
0.10142
0.101408
0.1014
0.101395
0.101392
0.101392
0.101397
0.101406
0.101422
0.101509
0.101554
0.0776207
0.0790557
0.0804696
0.0819393
0.0834109
0.0849078
0.0864006
0.087885
0.0893397
0.0907506
0.0921001
0.0933737
0.0945584
0.0956444
0.0966251
0.0974973
0.098261
0.0989194
0.0994781
0.0999439
0.100327
0.100635
0.10088
0.101069
0.101215
0.101442
0.101397
0.101371
0.101347
0.101327
0.10131
0.101295
0.101283
0.101275
0.10127
0.101271
0.101501
0.0789569
0.0803356
0.0816903
0.0830953
0.0844969
0.0859164
0.0873254
0.0887196
0.0900794
0.0913924
0.092643
0.093819
0.0949096
0.095907
0.0968065
0.097606
0.0983065
0.0989115
0.0994267
0.0998585
0.100216
0.100507
0.100742
0.100927
0.101072
0.101433
0.101372
0.101334
0.101299
0.101268
0.101238
0.101212
0.101188
0.101168
0.10115
0.101139
0.0802337
0.0815528
0.0828455
0.0841835
0.0855138
0.0868555
0.0881818
0.0894882
0.0907571
0.0919773
0.0931353
0.0942208
0.095225
0.0961418
0.0969676
0.0977018
0.0983458
0.0989031
0.0993797
0.0997814
0.100117
0.100393
0.100619
0.100801
0.100946
0.101363
0.101309
0.101263
0.10122
0.10118
0.101142
0.101107
0.101075
0.101046
0.101022
0.0814492
0.0827065
0.0839356
0.0852055
0.0864639
0.0877285
0.0889738
0.0901955
0.0913777
0.0925104
0.093582
0.0945838
0.0955087
0.096352
0.0971113
0.0977865
0.0983799
0.0988948
0.0993371
0.0997123
0.100028
0.100291
0.100509
0.100689
0.100836
0.1013
0.101238
0.101185
0.101134
0.101086
0.101039
0.100996
0.100955
0.100921
0.0826025
0.0837967
0.0849614
0.0861629
0.0873499
0.0885387
0.0897054
0.0908459
0.0919458
0.0929963
0.0939874
0.094912
0.0957643
0.0965406
0.0972397
0.0978619
0.0984098
0.0988869
0.0992987
0.0996504
0.0999494
0.100201
0.100413
0.100592
0.10074
0.101229
0.101161
0.101099
0.101041
0.100984
0.10093
0.100879
0.100833
0.0836934
0.084824
0.0859245
0.0870578
0.0881746
0.0892897
0.0903806
0.0914436
0.0924657
0.0934392
0.0943557
0.0952091
0.0959948
0.0967102
0.0973547
0.0979291
0.0984362
0.0988795
0.0992642
0.0995953
0.0998793
0.100122
0.100328
0.100507
0.100657
0.101152
0.101076
0.101007
0.10094
0.100876
0.100814
0.100758
0.0847223
0.0857897
0.0868265
0.0878929
0.088941
0.0899848
0.091003
0.0919924
0.0929413
0.0938429
0.0946902
0.095478
0.0962028
0.0968628
0.0974578
0.0979892
0.0984597
0.0988729
0.0992335
0.0995465
0.0998175
0.100052
0.100255
0.100433
0.100586
0.101067
0.100984
0.100907
0.100834
0.100762
0.100696
0.0856902
0.0866951
0.0876696
0.0886706
0.0896523
0.0906274
0.0915764
0.0924961
0.0933762
0.0942109
0.094994
0.0957216
0.0963907
0.0970002
0.0975505
0.0980431
0.0984807
0.098867
0.0992064
0.0995034
0.0997633
0.0999913
0.100191
0.100371
0.100527
0.100976
0.100885
0.100801
0.100721
0.100644
0.0865985
0.0875424
0.0884562
0.0893937
0.0903113
0.0912208
0.092104
0.092958
0.0937738
0.0945462
0.0952701
0.0959422
0.0965604
0.0971241
0.0976338
0.0980914
0.0984996
0.0988618
0.0991824
0.0994656
0.0997161
0.0999388
0.100137
0.100318
0.10048
0.100877
0.10078
0.100689
0.100603
0.087449
0.0883336
0.0891886
0.0900649
0.0909212
0.0917681
0.092589
0.0933813
0.094137
0.0948516
0.0955208
0.096142
0.0967136
0.0972355
0.0977085
0.0981346
0.0985164
0.0988574
0.0991615
0.0994327
0.0996754
0.0998941
0.100092
0.100275
0.100442
0.100772
0.100669
0.100572
0.0882438
0.089071
0.0898695
0.0906872
0.0914847
0.0922723
0.0930345
0.093769
0.0944685
0.0951295
0.0957483
0.0963227
0.0968519
0.0973358
0.0977756
0.0981733
0.0985316
0.0988537
0.0991433
0.0994043
0.0996407
0.0998566
0.100055
0.100241
0.100414
0.100661
0.100552
0.088985
0.0897572
0.0905014
0.091263
0.0920048
0.0927363
0.0934432
0.0941235
0.0947709
0.0953822
0.0959545
0.0964861
0.0969764
0.0974258
0.0978356
0.0982078
0.098545
0.0988505
0.0991277
0.0993802
0.0996117
0.099826
0.100026
0.100215
0.100395
0.100544
0.0896751
0.0903945
0.0910869
0.0917952
0.0924842
0.0931627
0.0938177
0.0944474
0.0950462
0.0956116
0.0961411
0.0966334
0.0970883
0.0975063
0.097889
0.0982383
0.098557
0.0988479
0.0991144
0.09936
0.099588
0.0998019
0.100004
0.100198
0.100389
0.0903164
0.0909855
0.0916286
0.0922863
0.0929253
0.093554
0.0941603
0.0947428
0.0952966
0.0958196
0.0963096
0.0967659
0.0971885
0.0975781
0.0979363
0.0982653
0.0985674
0.0988458
0.0991034
0.0993435
0.0995694
0.0997837
0.0999895
0.100192
0.0909113
0.0915326
0.0921289
0.0927388
0.0933306
0.0939125
0.0944732
0.0950118
0.0955238
0.0960075
0.0964613
0.0968846
0.0972778
0.0976417
0.097978
0.0982888
0.0985765
0.0988441
0.0990944
0.0993306
0.0995554
0.0997716
0.099984
0.0914622
0.0920382
0.0925902
0.0931549
0.0937023
0.0942403
0.0947585
0.0952562
0.0957295
0.096177
0.0965974
0.0969906
0.097357
0.0976977
0.0980143
0.098309
0.0985842
0.0988427
0.0990873
0.0993209
0.099546
0.0997671
0.0919716
0.0925047
0.0930148
0.0935369
0.0940425
0.0945395
0.095018
0.0954776
0.095915
0.0963291
0.096719
0.0970846
0.0974267
0.0977464
0.0980455
0.0983261
0.0985905
0.0988417
0.0990822
0.0993144
0.0995425
0.0924417
0.0929343
0.0934049
0.0938869
0.0943533
0.0948118
0.0952532
0.0956775
0.0960817
0.096465
0.0968268
0.0971673
0.0974874
0.0977884
0.0980719
0.0983401
0.0985956
0.0988411
0.0990787
0.099312
0.0928747
0.0933291
0.0937624
0.0942068
0.0946364
0.0950589
0.0954658
0.0958573
0.0962308
0.0965857
0.0969218
0.0972395
0.0975396
0.0978237
0.0980934
0.0983513
0.0985998
0.0988407
0.0990773
0.0932728
0.0936911
0.0940894
0.0944984
0.0948935
0.0952824
0.0956572
0.0960182
0.0963632
0.0966921
0.0970046
0.0973015
0.0975836
0.0978526
0.0981106
0.09836
0.0986024
0.0988404
0.0936378
0.0940223
0.0943875
0.0947633
0.0951261
0.0954836
0.0958285
0.0961612
0.09648
0.0967848
0.0970759
0.0973538
0.0976197
0.0978756
0.0981239
0.0983658
0.0986032
0.0939719
0.0943244
0.0946586
0.0950031
0.0953357
0.0956638
0.0959808
0.0962872
0.0965818
0.0968647
0.0971359
0.0973966
0.0976484
0.0978934
0.0981327
0.0983677
0.0942767
0.0945992
0.0949041
0.0952192
0.0955235
0.0958242
0.0961152
0.0963973
0.0966695
0.096932
0.0971851
0.0974307
0.0976704
0.0979052
0.0981358
0.0945539
0.094848
0.0951254
0.0954129
0.0956907
0.0959656
0.0962325
0.0964921
0.0967435
0.0969871
0.0972243
0.0974568
0.0976851
0.0979094
0.094805
0.0950723
0.0953238
0.0955854
0.0958383
0.0960892
0.0963336
0.096572
0.0968041
0.097031
0.0972544
0.0974742
0.0976903
0.0950315
0.0952735
0.0955006
0.0957376
0.0959673
0.0961957
0.096419
0.0966376
0.0968524
0.0970647
0.0972744
0.0974805
0.0952346
0.0954526
0.0956568
0.0958706
0.0960785
0.0962856
0.0964889
0.0966898
0.0968894
0.0970871
0.0972816
0.0954156
0.0956108
0.0957934
0.0959852
0.0961724
0.0963593
0.0965446
0.0967298
0.096914
0.0970952
0.0955755
0.0957491
0.0959112
0.096082
0.0962495
0.096418
0.0965873
0.0967565
0.0969229
0.0957154
0.0958682
0.0960107
0.0961613
0.0963109
0.096463
0.0966157
0.0967661
0.095836
0.0959688
0.0960925
0.0962245
0.0963579
0.096493
0.096626
0.095938
0.0960512
0.0961578
0.0962729
0.0963891
0.0965038
0.0960218
0.0961167
0.0962079
0.096305
0.0964004
0.0960886
0.0961667
0.0962412
0.0963167
0.09614
0.0961994
0.0962533
0.0961746
0.0962108
0.0961877
)
;

boundaryField
{
    inlet
    {
        type            zeroGradient;
    }
    outlet
    {
        type            fixedValue;
        value           uniform 0;
    }
    upperWall
    {
        type            symmetryPlane;
    }
    lowerWall
    {
        type            symmetryPlane;
    }
    cylinder
    {
        type            zeroGradient;
    }
    frontAndBack
    {
        type            empty;
    }
}


// ************************************************************************* //
