/*--------------------------------*- C++ -*----------------------------------*\
| =========                 |                                                 |
| \\      /  F ield         | OpenFOAM: The Open Source CFD Toolbox           |
|  \\    /   O peration     | Version:  2506                                  |
|   \\  /    A nd           | Website:  www.openfoam.com                      |
|    \\/     M anipulation  |                                                 |
\*---------------------------------------------------------------------------*/
FoamFile
{
    version     2.0;
    format      ascii;
    arch        "LSB;label=32;scalar=64";
    class       volVectorField;
    location    "450";
    object      U;
}
// * * * * * * * * * * * * * * * * * * * * * * * * * * * * * * * * * * * * * //

dimensions      [0 1 -1 0 0 0 0];

internalField   nonuniform List<vector> 
1340
(
(13.5776 -2.20864 -5.02579e-16)
(11.7316 -2.06547 8.64007e-16)
(9.73195 -1.8144 2.14921e-15)
(3.628 -1.08798 1.55596e-14)
(17.1191 -2.77948 -4.99521e-15)
(15.1492 -2.63254 1.57994e-15)
(13.064 -2.36442 -6.59108e-16)
(7.02283 -1.47009 4.25099e-15)
(20.4315 -3.21343 1.06794e-14)
(18.0248 -3.02194 -2.38981e-15)
(15.5366 -2.65273 -3.71901e-16)
(9.73841 -1.88337 -6.167e-15)
(24.0051 -3.63036 -2.50228e-15)
(21.0744 -3.39192 3.31692e-15)
(18.0878 -2.9098 6.55525e-16)
(12.3188 -2.20184 3.03088e-15)
(27.5891 -3.97637 3.56963e-16)
(24.2472 -3.73113 4.74794e-16)
(20.7883 -3.16231 -4.46901e-17)
(14.9249 -2.46991 -3.72799e-15)
(30.0274 -4.13074 -3.40937e-15)
(27.086 -3.96961 -4.23936e-15)
(23.5157 -3.38271 -3.57868e-17)
(17.5857 -2.7157 1.01822e-15)
(30.2509 -4.01991 6.92514e-15)
(28.613 -4.00915 1.10067e-15)
(25.8273 -3.51153 -6.55106e-17)
(20.1991 -2.92695 6.54097e-16)
(29.3623 -3.79838 -7.5216e-15)
(28.5108 -3.85061 1.75479e-15)
(27.1014 -3.48947 2.31912e-16)
(22.459 -3.06422 1.83656e-15)
(28.8601 -3.62187 2.76288e-15)
(27.8177 -3.641 -1.48789e-15)
(27.2402 -3.33319 -7.51546e-16)
(23.9939 -3.08621 -1.38168e-15)
(28.8609 -3.48973 -1.28681e-15)
(27.4791 -3.48138 1.41202e-15)
(26.8403 -3.13436 2.42278e-16)
(24.709 -2.992 -1.67374e-15)
(28.9713 -3.36171 -7.59559e-16)
(27.5273 -3.35901 -1.86293e-15)
(26.5194 -2.96205 1.02435e-16)
(24.8893 -2.82152 7.48811e-16)
(29.0094 -3.22283 -1.18255e-15)
(27.6674 -3.23544 -1.22087e-15)
(26.4492 -2.82409 -8.70961e-17)
(24.907 -2.62531 1.6019e-15)
(28.9894 -3.07593 4.22724e-15)
(27.746 -3.09611 6.38655e-17)
(26.5163 -2.69897 3.63672e-16)
(24.961 -2.43406 -1.62393e-15)
(28.9582 -2.92474 -5.53496e-15)
(27.7653 -2.94554 1.86567e-15)
(26.5981 -2.57062 1.81655e-16)
(25.0775 -2.25656 1.69923e-15)
(28.934 -2.77 4.1346e-15)
(27.7667 -2.7901 -8.90246e-16)
(26.6525 -2.43482 -7.48574e-16)
(25.2189 -2.08943 -1.64647e-15)
(28.9148 -2.61121 -3.14462e-16)
(27.7729 -2.63214 8.03294e-17)
(26.6879 -2.29398 8.36924e-16)
(25.3553 -1.928 4.9066e-16)
(28.896 -2.44838 -8.07301e-16)
(27.786 -2.47147 3.38387e-16)
(26.7203 -2.15032 1.3393e-17)
(25.4788 -1.77028 -1.47959e-16)
(28.8755 -2.28175 -3.23112e-16)
(27.8018 -2.30763 3.15937e-16)
(26.7572 -2.0048 -7.34995e-16)
(25.593 -1.61606 3.39981e-16)
(28.8534 -2.11171 2.01757e-15)
(27.8174 -2.14076 -7.06209e-16)
(26.7988 -1.85758 -5.47957e-16)
(25.7023 -1.46549 5.06963e-16)
(28.83 -1.93855 -1.9917e-16)
(27.8318 -1.97114 1.42622e-16)
(26.8431 -1.7084 9.94854e-17)
(25.8086 -1.31844 -1.27259e-16)
(28.8051 -1.76264 6.20039e-17)
(27.8449 -1.79924 6.43254e-16)
(26.8884 -1.55739 8.86925e-16)
(25.9122 -1.17478 -1.62984e-16)
(28.7785 -1.58435 1.0221e-15)
(27.8568 -1.62548 -6.68998e-16)
(26.9339 -1.40475 -2.63756e-16)
(26.0123 -1.03389 -3.76581e-17)
(28.7502 -1.40408 -1.99419e-15)
(27.8673 -1.45028 6.47488e-16)
(26.9792 -1.25078 2.45656e-16)
(26.1087 -0.895582 -3.17503e-17)
(28.7198 -1.22235 2.97592e-16)
(27.876 -1.27398 -3.31982e-16)
(27.0237 -1.09563 -3.31198e-16)
(26.201 -0.759257 3.7936e-17)
(28.6873 -1.03965 3.0609e-16)
(27.8827 -1.09708 9.30479e-16)
(27.0669 -0.939722 6.25484e-16)
(26.2891 -0.624736 -1.72928e-16)
(28.6524 -0.856471 5.68396e-16)
(27.8872 -0.919952 -4.54424e-16)
(27.1085 -0.783223 -9.68471e-16)
(26.3729 -0.491684 1.39726e-16)
(28.615 -0.673469 -5.65392e-16)
(27.8891 -0.743174 -1.41813e-15)
(27.1479 -0.62664 -1.06785e-16)
(26.4521 -0.360009 -1.61771e-16)
(28.5751 -0.491138 -5.02659e-16)
(27.8882 -0.567042 7.78655e-16)
(27.1846 -0.470106 -1.58692e-16)
(26.5267 -0.229403 2.9276e-16)
(28.5324 -0.310087 8.5263e-16)
(27.8842 -0.392179 5.57992e-16)
(27.2182 -0.314131 6.74459e-16)
(26.5964 -0.0997409 -2.46921e-16)
(28.487 -0.130964 -9.64291e-16)
(27.8771 -0.218951 -6.26489e-16)
(27.2482 -0.158954 -3.75618e-16)
(26.6611 0.0291029 5.95178e-16)
(28.4388 0.0457089 1.16281e-15)
(27.8666 -0.0479128 9.49353e-16)
(27.2744 -0.00504436 9.79146e-16)
(26.7207 0.157203 -1.05327e-15)
(28.3878 0.219334 -5.53368e-16)
(27.8525 0.120564 -6.29188e-16)
(27.2965 0.147263 -5.94165e-16)
(26.775 0.284452 4.32651e-16)
(28.3341 0.389325 -3.04767e-16)
(27.8349 0.285965 8.67915e-16)
(27.3142 0.297629 -2.47876e-16)
(26.8239 0.410832 -2.41171e-16)
(28.7025 0.741965 1.27925e-15)
(28.2776 0.555209 4.86244e-16)
(27.8136 0.447847 -2.7404e-16)
(27.3273 0.445607 1.01234e-15)
(26.8672 0.536184 1.56326e-16)
(28.611 0.899485 -1.41664e-15)
(28.2186 0.716448 5.04917e-16)
(27.7886 0.605825 -1.11875e-15)
(27.3357 0.590875 -7.01021e-16)
(26.9048 0.66031 -5.38325e-16)
(28.5182 1.05135 3.45629e-16)
(28.1572 0.872621 -5.87428e-16)
(27.7599 0.759486 2.76938e-16)
(27.3394 0.733075 -1.004e-17)
(26.9368 0.783002 1.89397e-16)
(28.4245 1.1972 -2.03796e-16)
(28.0935 1.02334 5.62293e-17)
(27.7277 0.908472 7.50899e-16)
(27.3384 0.871876 3.90838e-16)
(26.9631 0.904011 6.44118e-16)
(28.3302 1.33676 6.24662e-16)
(28.0277 1.16826 -9.80428e-17)
(27.6921 1.05244 -7.63704e-16)
(27.3326 1.00694 5.04535e-16)
(26.9837 1.02305 -2.4133e-16)
(28.2357 1.46981 -8.99633e-16)
(27.9602 1.30711 2.12465e-16)
(27.6532 1.19112 7.49977e-16)
(27.3222 1.13798 1.26482e-16)
(26.9987 1.13983 5.45048e-17)
(28.1412 1.59619 -4.14144e-16)
(27.8912 1.43965 -5.36138e-16)
(27.6112 1.32426 -5.61558e-16)
(27.3074 1.26474 -1.17329e-15)
(27.0083 1.25406 -3.07871e-16)
(28.0471 1.71581 3.65227e-16)
(27.8209 1.56575 -3.35843e-17)
(27.5663 1.45165 2.86813e-16)
(27.2883 1.38695 4.84442e-16)
(27.0125 1.36547 -2.30366e-16)
(27.9537 1.82865 4.47602e-16)
(27.7496 1.6853 8.18518e-16)
(27.5189 1.57316 1.08467e-16)
(27.2652 1.50442 3.84979e-16)
(27.0117 1.47375 -1.30054e-17)
(27.8612 1.93475 -4.92096e-17)
(27.6777 1.79827 -3.83461e-16)
(27.4692 1.68867 -4.71994e-16)
(27.2383 1.61696 4.57723e-17)
(27.0061 1.57866 5.83294e-16)
(27.7699 2.0342 -7.28664e-16)
(27.6053 1.90467 2.83254e-16)
(27.4175 1.79812 3.79876e-16)
(27.208 1.72446 -3.59321e-16)
(26.9958 1.67996 -5.84882e-16)
(27.6801 2.12713 2.61135e-17)
(27.5329 2.00458 4.90151e-16)
(27.3641 1.90152 1.00743e-16)
(27.1745 1.8268 3.01761e-16)
(26.9813 1.77743 2.50424e-17)
(27.7027 2.34157 4.43933e-18)
(27.592 2.21373 -9.87431e-17)
(27.4606 2.09811 -1.56784e-16)
(27.3094 1.99888 5.1536e-16)
(27.1383 1.92393 -4.14013e-16)
(26.9629 1.8709 5.89141e-16)
(27.6039 2.41312 1.14496e-16)
(27.5056 2.29419 1.33872e-16)
(27.3887 2.18542 1.4925e-16)
(27.2536 2.09031 -6.72578e-16)
(27.0996 2.01582 4.26053e-17)
(26.9408 1.96023 -5.04213e-16)
(27.5084 2.47922 -8.72209e-17)
(27.4213 2.36878 2.40999e-16)
(27.3175 2.2667 3.4269e-18)
(27.197 2.1759 -2.86795e-16)
(27.0588 2.10249 4.11779e-16)
(26.9155 2.0453 2.04492e-16)
(27.4161 2.54013 -3.13151e-16)
(27.3391 2.43774 -1.66343e-16)
(27.2471 2.34216 -3.67942e-16)
(27.14 2.25582 3.93217e-16)
(27.0162 2.184 -6.13291e-16)
(26.8872 2.12605 -2.24839e-16)
(27.3271 2.59616 3.70065e-16)
(27.2592 2.50135 6.23768e-17)
(27.1778 2.41206 4.2134e-16)
(27.0827 2.33023 -4.52955e-16)
(26.9721 2.26043 -3.04177e-17)
(26.8564 2.20244 1.51967e-16)
(27.2413 2.64758 -1.48934e-16)
(27.1815 2.5599 1.37353e-16)
(27.1097 2.47664 6.53811e-17)
(27.0255 2.39934 4.6924e-17)
(26.9269 2.3319 1.59124e-16)
(26.8234 2.27447 4.18689e-16)
(27.1588 2.69469 2.48891e-17)
(27.1062 2.61369 -3.4369e-17)
(27.0429 2.53618 -1.32891e-16)
(26.9685 2.46336 3.98216e-17)
(26.8808 2.39854 -1.17624e-16)
(26.7885 2.34218 -3.46224e-16)
(27.0795 2.73776 -6.47973e-16)
(27.0333 2.663 -3.66211e-17)
(26.9776 2.59095 -2.1552e-17)
(26.9119 2.52254 2.40858e-16)
(26.8342 2.46051 3.86744e-16)
(26.752 2.40564 6.23066e-17)
(27.0033 2.77708 1.98472e-16)
(26.9628 2.70811 -7.76996e-17)
(26.9139 2.64124 1.00299e-16)
(26.8561 2.57711 -4.35194e-16)
(26.7872 2.518 -3.12359e-16)
(26.7142 2.46492 -2.96435e-16)
(26.959 2.8775 -1.44954e-16)
(26.9301 2.8129 -2.29272e-16)
(26.8947 2.74932 7.31751e-17)
(26.8518 2.68731 1.62325e-16)
(26.8009 2.62731 2.85834e-16)
(26.7401 2.57119 8.14289e-17)
(26.6755 2.52015 4.90816e-16)
(26.8851 2.90486 2.20646e-16)
(26.8599 2.84549 -1.53295e-16)
(26.8289 2.78689 1.98189e-16)
(26.7914 2.72944 5.33463e-17)
(26.7468 2.67341 -8.49426e-17)
(26.693 2.62029 -2.00627e-16)
(26.636 2.57145 6.271e-17)
(26.8145 2.92965 -1.60806e-16)
(26.7925 2.87508 3.00755e-16)
(26.7655 2.82108 2.58436e-17)
(26.7327 2.76789 -3.93713e-16)
(26.6936 2.71565 3.8669e-16)
(26.6463 2.6655 -1.9307e-16)
(26.5961 2.61898 -2.09745e-16)
(26.7471 2.95208 -2.47136e-16)
(26.7279 2.9019 -5.77384e-18)
(26.7043 2.85213 -3.48271e-17)
(26.6757 2.80292 4.49616e-16)
(26.6415 2.75426 9.73657e-18)
(26.6 2.70703 -3.22705e-16)
(26.5558 2.66289 5.66646e-16)
(26.6826 2.97232 -5.55058e-17)
(26.6659 2.92615 7.50583e-17)
(26.6454 2.88029 4.5855e-17)
(26.6205 2.83477 -1.22823e-16)
(26.5907 2.7895 2.1326e-16)
(26.5542 2.74511 -2.47826e-16)
(26.5155 2.70335 9.37572e-17)
(26.6209 2.99055 -2.45253e-17)
(26.6064 2.94804 -1.63242e-16)
(26.5886 2.90576 1.94988e-17)
(26.567 2.86366 -9.24875e-17)
(26.541 2.82157 3.51378e-17)
(26.5091 2.77992 -2.38237e-16)
(26.4753 2.74054 2.29209e-16)
(26.5619 3.00691 1.08626e-16)
(26.5494 2.96775 -5.72761e-17)
(26.534 2.92875 -7.49096e-17)
(26.5152 2.88981 3.82362e-16)
(26.4927 2.8507 2.74636e-16)
(26.4648 2.81168 -1.86244e-16)
(26.4353 2.77462 2.01553e-17)
(26.5141 3.05787 -1.37957e-17)
(26.5055 3.02157 1.27188e-16)
(26.4947 2.98545 -8.56755e-17)
(26.4814 2.94945 1.32614e-16)
(26.4652 2.91343 -1.3216e-17)
(26.4456 2.8771 5.07044e-17)
(26.4213 2.84057 -3.27451e-17)
(26.3957 2.80578 9.8722e-17)
(26.4591 3.06818 -7.37553e-17)
(26.4518 3.03464 -1.93361e-16)
(26.4425 3.0013 1.60702e-16)
(26.431 2.96805 1.75552e-16)
(26.4169 2.9347 5.53545e-17)
(26.4 2.90096 -2.05364e-16)
(26.3788 2.86679 1.51426e-16)
(26.3566 2.83417 -2.44528e-16)
(26.4069 3.07731 -5.96665e-17)
(26.4006 3.0463 8.63473e-17)
(26.3926 3.01547 9.31233e-18)
(26.3827 2.98472 -2.15521e-16)
(26.3705 2.95383 1.27615e-16)
(26.3559 2.92248 3.9602e-17)
(26.3375 2.89054 1.28833e-16)
(26.3182 2.85999 -3.12389e-17)
(26.3573 3.08533 -1.08055e-16)
(26.3519 3.0566 5.74064e-17)
(26.345 3.02807 -3.1837e-17)
(26.3365 2.9996 -1.48884e-16)
(26.326 2.97097 4.75763e-16)
(26.3134 2.94183 -3.36776e-16)
(26.2974 2.91197 -1.44338e-16)
(26.2808 2.88339 -3.66844e-17)
(26.3101 3.09238 1.25273e-16)
(26.3056 3.06572 -8.17523e-18)
(26.2998 3.03926 5.15396e-17)
(26.2925 3.01287 -1.24441e-16)
(26.2835 2.98631 -8.87392e-17)
(26.2726 2.95921 5.54784e-17)
(26.2588 2.93129 6.96746e-17)
(26.2444 2.90457 9.32356e-17)
(26.2654 3.09834 7.2527e-17)
(26.2616 3.07356 -9.45798e-18)
(26.2567 3.049 -1.74474e-16)
(26.2505 3.02451 -2.43065e-18)
(26.2429 2.99985 1.39691e-16)
(26.2336 2.97463 -2.85225e-16)
(26.2217 2.94854 6.18967e-17)
(26.2093 2.92357 -1.69258e-16)
(26.2288 3.10275 1.30988e-16)
(26.2255 3.07941 -1.40553e-16)
(26.2212 3.05633 2.27039e-16)
(26.2157 3.03334 -5.96808e-17)
(26.209 3.01019 -7.30495e-17)
(26.2007 2.98651 -6.32728e-17)
(26.1902 2.96194 2.26793e-16)
(26.1792 2.93847 -9.74786e-17)
(26.2014 3.12864 -2.7271e-17)
(26.1992 3.10614 -7.36105e-17)
(26.1962 3.08397 2.62259e-17)
(26.1921 3.06209 4.2409e-17)
(26.1871 3.04031 -1.1833e-16)
(26.1808 3.0184 7.29941e-17)
(26.1732 2.996 2.47738e-16)
(26.1635 2.97271 -3.01858e-16)
(26.1534 2.95055 1.39286e-16)
(26.1713 3.1304 -7.30262e-18)
(26.1694 3.10897 2.22173e-17)
(26.1666 3.08791 -1.55191e-16)
(26.1629 3.06715 8.46321e-17)
(26.1583 3.04653 5.72521e-17)
(26.1525 3.0258 2.7834e-17)
(26.1455 3.00461 -2.09661e-16)
(26.1366 2.98255 7.90414e-17)
(26.1274 2.9616 1.23878e-16)
(26.1408 3.13234 1.75443e-18)
(26.139 3.11209 1.38017e-16)
(26.1366 3.09223 1.15774e-16)
(26.1333 3.07269 -4.28994e-17)
(26.1291 3.05331 3.00818e-17)
(26.1239 3.03383 -7.96379e-17)
(26.1176 3.01392 1.64319e-16)
(26.1094 2.99317 -5.40589e-16)
(26.1009 2.97358 2.37093e-16)
(26.1108 3.13249 1.41432e-19)
(26.1092 3.11308 1.24633e-16)
(26.107 3.09408 -2.60354e-16)
(26.1041 3.07544 -1.6394e-17)
(26.1003 3.057 1.48196e-16)
(26.0956 3.03853 -1.78184e-16)
(26.0898 3.01968 3.49182e-16)
(26.0825 2.99998 -3.434e-16)
(26.0751 2.98132 3.48869e-16)
(26.0798 3.13577 -3.31352e-17)
(26.0785 3.11778 -8.72389e-17)
(26.0766 3.1002 1.19648e-16)
(26.0741 3.08295 7.40995e-17)
(26.0708 3.06589 -3.54535e-16)
(26.0667 3.04876 2.37368e-16)
(26.0616 3.03126 2.12923e-16)
(26.0549 3.01306 -9.0096e-17)
(26.0476 2.99615 -1.19957e-16)
(26.0523 3.12985 -1.72006e-17)
(26.0512 3.11195 -2.9571e-17)
(26.0497 3.09453 7.37096e-17)
(26.0474 3.07757 -5.53085e-18)
(26.0443 3.06091 -9.93724e-17)
(26.0405 3.04432 -1.40668e-16)
(26.0359 3.02745 2.12439e-16)
(26.0303 3.00963 -2.66313e-17)
(26.0251 2.99273 4.1817e-17)
(26.0191 3.14335 3.11061e-17)
(26.0183 3.12792 -2.60825e-17)
(26.0172 3.11285 -1.13355e-16)
(26.0156 3.09807 -2.43833e-17)
(26.0134 3.08344 1.76596e-17)
(26.0106 3.06874 2.0821e-17)
(26.0068 3.05373 3.38242e-17)
(26.0009 3.03839 -4.45634e-17)
(25.9938 3.02461 7.9334e-17)
(26.0015 3.1117 -1.84234e-17)
(26.001 3.09419 -5.82128e-17)
(25.9999 3.07738 -2.76726e-17)
(25.9981 3.06121 6.1412e-17)
(25.9957 3.04556 2.01815e-17)
(25.9927 3.03013 -9.5516e-18)
(25.9893 3.01452 1.22953e-16)
(25.9864 2.99754 -6.09352e-17)
(25.985 2.98133 -9.30253e-17)
(25.9556 3.17327 1.58574e-16)
(25.9558 3.16142 -5.82178e-17)
(25.9559 3.14966 1.79835e-17)
(25.9558 3.13797 -1.97259e-16)
(25.9553 3.1263 -5.47939e-17)
(25.9541 3.11453 2.07998e-16)
(25.9517 3.10257 1.4463e-16)
(25.9455 3.09129 -1.77714e-16)
(25.9363 3.08171 2.37131e-17)
(25.9683 3.0624 4.86726e-17)
(25.9693 3.04191 1.29114e-17)
(25.969 3.02279 7.52107e-18)
(25.9682 3.00481 1.12446e-16)
(25.9668 2.9878 -1.34724e-16)
(25.9649 2.97163 1.68656e-16)
(25.9628 2.95586 -1.8283e-17)
(25.9613 2.94003 -1.87673e-16)
(25.964 2.92166 -7.5821e-17)
(25.9702 2.90484 1.79289e-17)
(25.8756 3.29032 7.52155e-18)
(25.8766 3.28482 4.92827e-18)
(25.8781 3.27767 -6.2248e-18)
(25.88 3.27038 -5.64991e-17)
(25.8818 3.26316 -4.24994e-17)
(25.8834 3.25581 2.341e-17)
(25.884 3.2484 -2.6858e-17)
(25.8827 3.24095 -2.63692e-17)
(25.8735 3.23637 4.3654e-17)
(25.8589 3.23123 6.31548e-17)
(26.0056 2.85597 -3.70117e-18)
(26.0054 2.8316 -8.30258e-17)
(26.007 2.80852 3.7563e-17)
(26.0106 2.78651 2.1632e-16)
(26.0135 2.76563 -3.95218e-16)
(26.0152 2.74572 1.15767e-16)
(26.0173 2.72615 4.10104e-16)
(26.0219 2.70634 -3.92785e-16)
(26.0358 2.68457 6.58579e-17)
(26.058 2.66617 -1.17016e-17)
(12.6985 0.749054 2.55049e-17)
(9.66014 0.435282 -1.11708e-18)
(9.40641 0.191135 -4.12164e-17)
(10.787 0.0239613 -1.70671e-18)
(12.8959 -0.0706847 6.18724e-18)
(15.3179 -0.119222 -9.13455e-18)
(17.8458 -0.136959 -9.01609e-19)
(20.2651 -0.141657 1.28309e-18)
(22.2501 -0.150109 2.53026e-18)
(23.4677 -0.173864 8.79032e-18)
(23.8985 -0.211372 -2.91751e-18)
(23.9696 -0.257028 1.08721e-17)
(24.0486 -0.301918 -2.19014e-18)
(24.2007 -0.337153 2.45455e-18)
(24.3853 -0.358492 -1.05496e-17)
(24.5655 -0.366027 9.08545e-18)
(24.7298 -0.361502 1.35801e-17)
(24.8815 -0.346161 -5.48814e-18)
(25.0258 -0.32096 -1.44962e-17)
(25.1651 -0.286813 4.57391e-18)
(25.2998 -0.244731 1.15414e-18)
(25.4293 -0.195068 2.34365e-17)
(25.5532 -0.139221 -3.10102e-17)
(25.6714 -0.0772506 1.24838e-17)
(25.7837 -0.0102828 -1.7094e-17)
(25.8901 0.0615768 1.04448e-17)
(25.9908 0.137624 -1.6918e-17)
(26.0857 0.217558 1.31548e-19)
(26.1748 0.300858 -1.97407e-17)
(26.2581 0.387031 -2.63474e-17)
(26.3357 0.475763 -9.46195e-18)
(26.4075 0.566601 1.72517e-19)
(26.4735 0.65926 3.86272e-18)
(26.5337 0.753432 6.79958e-19)
(26.588 0.848749 2.54416e-17)
(26.6365 0.944896 8.15673e-19)
(26.6792 1.04155 1.72796e-18)
(26.7161 1.13832 -1.91997e-17)
(26.7471 1.23487 -2.63195e-18)
(26.7726 1.33082 2.45602e-18)
(26.7924 1.42583 -3.16495e-17)
(26.8069 1.51951 -2.07129e-16)
(26.8161 1.61154 1.24942e-17)
(26.8202 1.70157 2.46777e-17)
(26.8196 1.7893 -1.48989e-17)
(26.8145 1.87444 -4.60891e-18)
(26.8051 1.95675 1.42897e-16)
(26.7919 2.03599 -2.67332e-17)
(26.775 2.11199 2.433e-17)
(26.7548 2.18461 1.87723e-17)
(26.7318 2.25373 -6.94714e-17)
(26.7061 2.31928 1.5673e-16)
(26.6782 2.38123 7.79009e-18)
(26.6483 2.43956 -2.28683e-17)
(26.6168 2.49431 -1.32981e-16)
(26.5838 2.54553 1.01324e-16)
(26.5498 2.5933 7.80236e-19)
(26.515 2.6377 -1.51409e-16)
(26.4796 2.67885 -1.40045e-17)
(26.4437 2.71688 4.55097e-17)
(26.4076 2.7519 -2.70037e-16)
(26.3715 2.78407 6.65528e-17)
(26.3355 2.81353 -2.06503e-19)
(26.2998 2.84042 3.61802e-18)
(26.2647 2.86489 -2.06246e-16)
(26.2305 2.88715 1.04571e-16)
(26.1973 2.90717 -4.27936e-20)
(26.1686 2.92294 6.06864e-18)
(26.1438 2.93582 6.42998e-19)
(26.1188 2.94753 -3.04553e-16)
(26.0931 2.96059 -7.58276e-17)
(26.0685 2.96855 3.04591e-17)
(26.0412 2.98526 8.10856e-17)
(26.0207 2.98064 -2.42077e-19)
(25.988 3.01663 -1.162e-19)
(25.9835 2.96876 5.82445e-19)
(25.9302 3.07799 6.05595e-17)
(25.9726 2.8907 5.04234e-18)
(25.8524 3.23196 -3.19038e-17)
(26.068 2.65489 1.82383e-19)
(18.4329 1.08643 -2.55948e-17)
(15.8076 0.845998 4.48586e-18)
(14.3116 0.604075 2.18645e-17)
(14.1913 0.410716 7.98905e-18)
(15.1409 0.290473 -5.14301e-18)
(16.7318 0.233142 2.40634e-17)
(18.6501 0.226523 6.73115e-18)
(20.6603 0.260975 -1.9174e-18)
(22.5039 0.321006 -4.84666e-17)
(23.8584 0.381933 -6.0714e-17)
(24.4803 0.420027 1.98359e-17)
(24.5488 0.431506 -2.63033e-17)
(24.5248 0.431675 -1.0293e-17)
(24.584 0.431967 -4.59616e-18)
(24.6911 0.432143 1.70889e-17)
(24.8028 0.431111 -1.2604e-17)
(24.905 0.429466 -1.59233e-17)
(25.0001 0.428408 5.34794e-18)
(25.0931 0.429164 1.14831e-17)
(25.187 0.432816 -1.88079e-17)
(25.2819 0.439933 -1.45009e-17)
(25.377 0.451494 -5.6616e-18)
(25.4713 0.467513 1.60872e-17)
(25.5644 0.488842 -4.52518e-19)
(25.6556 0.515228 -8.62669e-20)
(25.7448 0.547058 -2.81286e-18)
(25.8315 0.583992 8.89811e-18)
(25.9153 0.626083 -1.27924e-17)
(25.9959 0.673161 7.57987e-18)
(26.073 0.724952 -5.32138e-18)
(26.1464 0.78125 -4.25705e-18)
(26.2157 0.841646 8.53704e-18)
(26.2809 0.905808 -2.51285e-17)
(26.3417 0.97338 4.04434e-19)
(26.3979 1.04392 1.89975e-17)
(26.4495 1.11705 2.00346e-17)
(26.4962 1.19237 -1.78788e-17)
(26.538 1.26941 -2.71162e-17)
(26.5749 1.34782 -2.01288e-18)
(26.6068 1.42712 6.6519e-17)
(26.6337 1.50695 -6.05819e-18)
(26.6556 1.58685 1.85856e-16)
(26.6727 1.66646 1.07868e-17)
(26.6849 1.74538 4.10545e-17)
(26.6926 1.82324 -1.34852e-17)
(26.6957 1.89969 -7.76651e-17)
(26.6946 1.97441 -1.29494e-16)
(26.6895 2.04712 -2.56968e-17)
(26.6805 2.11754 1.96812e-17)
(26.6681 2.18546 3.04491e-17)
(26.6524 2.25069 3.78294e-17)
(26.6338 2.31308 4.00798e-17)
(26.6125 2.3725 3.79478e-17)
(26.5889 2.42888 -8.74325e-18)
(26.5632 2.48217 -2.69498e-18)
(26.5357 2.53236 -2.10632e-16)
(26.5067 2.57945 8.56965e-19)
(26.4764 2.62348 1.24811e-16)
(26.4452 2.66451 5.57035e-18)
(26.4132 2.70262 -4.85146e-17)
(26.3806 2.7379 1.6534e-16)
(26.3476 2.77044 -1.28166e-16)
(26.3144 2.80036 2.53828e-16)
(26.2812 2.82779 4.29629e-18)
(26.2485 2.85283 -5.76919e-17)
(26.2162 2.87569 2.64775e-18)
(26.1848 2.89634 -5.24513e-20)
(26.1576 2.91262 7.49188e-18)
(26.1339 2.92602 7.92665e-19)
(26.11 2.93811 1.85149e-16)
(26.0852 2.95194 7.39609e-17)
(26.0617 2.95993 -3.08175e-17)
(26.0353 2.97805 -8.23713e-17)
(26.0157 2.9725 -8.03528e-17)
(25.984 3.01136 -6.12934e-17)
(25.9795 2.96059 5.28932e-17)
(25.929 3.07515 -6.1804e-17)
(25.9677 2.88265 -3.45067e-18)
(25.8567 3.23079 8.07337e-19)
(21.1402 1.27162 -4.96186e-18)
(19.3321 1.13332 9.20575e-19)
(17.7554 0.963681 -8.90685e-19)
(16.8624 0.797881 -1.60248e-18)
(16.8447 0.670341 -1.55967e-17)
(17.613 0.595017 4.6133e-19)
(18.9295 0.569004 -4.64182e-18)
(20.5485 0.583912 -4.33067e-18)
(22.2341 0.62913 6.44614e-18)
(23.7177 0.687263 1.99976e-17)
(24.6976 0.733208 -7.39576e-18)
(25.0317 0.748171 -9.46904e-18)
(25.0099 0.741073 1.52847e-17)
(24.9995 0.735653 -2.15543e-18)
(25.0641 0.737277 1.61664e-17)
(25.1442 0.742035 -2.68025e-17)
(25.2122 0.748218 -1.01303e-17)
(25.2704 0.755659 1.55838e-17)
(25.3256 0.764553 4.00056e-17)
(25.3816 0.775176 1.21525e-17)
(25.4395 0.787383 2.10097e-17)
(25.499 0.801438 5.05517e-19)
(25.5596 0.81728 -7.04159e-18)
(25.6209 0.835371 -4.11427e-17)
(25.6826 0.855701 3.28827e-17)
(25.7446 0.878723 8.06206e-18)
(25.8067 0.904485 5.36369e-18)
(25.8686 0.933313 1.22636e-17)
(25.9298 0.965393 -1.4978e-17)
(25.9902 1.00083 6.22969e-18)
(26.0494 1.03979 -1.92979e-18)
(26.1069 1.08223 1.5547e-18)
(26.1625 1.12813 5.09319e-19)
(26.2159 1.17742 2.53753e-19)
(26.2666 1.22989 7.95976e-18)
(26.3144 1.28537 -1.88101e-17)
(26.359 1.3436 2.39386e-17)
(26.4002 1.40427 2.20725e-18)
(26.4377 1.46708 -1.55964e-18)
(26.4714 1.53165 -6.22095e-17)
(26.501 1.59767 -3.59758e-17)
(26.5266 1.66471 -1.40835e-16)
(26.5481 1.73244 9.09264e-18)
(26.5654 1.80046 2.92207e-17)
(26.5785 1.8684 1.03088e-17)
(26.5875 1.93591 -1.12944e-17)
(26.5925 2.00264 1.05846e-16)
(26.5936 2.06825 -2.31813e-17)
(26.5911 2.13247 2.58234e-17)
(26.5849 2.195 -2.11005e-17)
(26.5755 2.25561 -1.47452e-17)
(26.5629 2.31409 -1.2053e-17)
(26.5475 2.37026 4.77691e-18)
(26.5296 2.42399 -1.2279e-16)
(26.5092 2.47515 -7.17993e-17)
(26.4868 2.52367 1.82798e-16)
(26.4625 2.56951 8.31975e-19)
(26.4367 2.61264 -2.46547e-16)
(26.4096 2.65307 -1.31298e-17)
(26.3813 2.69083 5.09855e-17)
(26.3522 2.72597 4.4644e-19)
(26.3223 2.75855 6.04538e-17)
(26.292 2.78864 -4.26033e-16)
(26.2614 2.81635 -8.70582e-17)
(26.231 2.84175 2.38738e-16)
(26.2008 2.86503 3.96755e-17)
(26.1713 2.88615 1.51048e-17)
(26.1455 2.90283 7.53491e-18)
(26.1231 2.91666 7.99021e-19)
(26.1004 2.92905 1.02691e-16)
(26.0767 2.94356 2.13318e-16)
(26.0543 2.95153 -2.40427e-19)
(26.0289 2.97093 -8.12321e-17)
(26.01 2.96456 1.40211e-16)
(25.98 3.00596 6.09677e-17)
(25.9743 2.95278 1.94999e-16)
(25.9287 3.0718 1.80247e-17)
(25.9608 2.87539 -1.60658e-16)
(22.6116 1.42461 2.62472e-18)
(21.3088 1.3453 2.42994e-19)
(19.965 1.23963 -9.41356e-18)
(18.8585 1.12165 3.2855e-18)
(18.2483 1.01437 3.43793e-18)
(18.2788 0.938299 1.08338e-19)
(18.9265 0.904419 3.36525e-18)
(20.0437 0.912718 -2.56875e-19)
(21.4366 0.956288 1.11123e-18)
(22.8878 1.02269 -1.64512e-17)
(24.1382 1.09169 5.63337e-18)
(24.9178 1.13699 -1.08029e-18)
(25.1627 1.14371 1.28355e-17)
(25.1516 1.1273 -1.48691e-17)
(25.1611 1.11135 -5.50593e-18)
(25.2257 1.1016 -1.38507e-17)
(25.2945 1.09497 -1.1915e-18)
(25.3489 1.08983 -2.31457e-18)
(25.3956 1.08653 -2.73097e-17)
(25.4416 1.0858 -1.17085e-17)
(25.489 1.08776 -9.12715e-18)
(25.5373 1.09249 -2.42934e-17)
(25.5862 1.09985 2.40217e-17)
(25.6353 1.10994 1.0337e-18)
(25.6846 1.12262 -8.84187e-20)
(25.7339 1.13801 -8.46977e-18)
(25.7834 1.15602 -1.56983e-17)
(25.8329 1.17672 2.23118e-18)
(25.8823 1.20014 1.8061e-17)
(25.9315 1.22627 -1.78171e-17)
(25.9803 1.25519 3.07399e-18)
(26.0284 1.2869 5.45573e-20)
(26.0757 1.32141 7.41638e-19)
(26.1218 1.35875 -1.50482e-20)
(26.1666 1.39886 8.21264e-18)
(26.2096 1.44168 -1.10386e-17)
(26.2507 1.48711 -6.72673e-19)
(26.2894 1.535 -1.49522e-17)
(26.3257 1.5852 -2.03272e-17)
(26.3591 1.63746 1.1771e-18)
(26.3895 1.69155 1.14299e-17)
(26.4167 1.74719 2.34573e-17)
(26.4405 1.80411 7.66317e-18)
(26.4609 1.86196 1.0656e-17)
(26.4776 1.92043 -1.37996e-17)
(26.4908 1.97921 2.74038e-17)
(26.5003 2.03795 -9.69294e-18)
(26.5063 2.09634 -2.06585e-17)
(26.5087 2.15408 1.95311e-17)
(26.5078 2.21087 5.11711e-17)
(26.5035 2.26644 -3.31755e-17)
(26.4962 2.32055 -1.11271e-17)
(26.4859 2.37298 -4.38014e-17)
(26.4729 2.42354 1.06369e-16)
(26.4573 2.47208 6.66028e-17)
(26.4395 2.51847 -1.77992e-16)
(26.4196 2.5626 7.93879e-19)
(26.3979 2.60441 2.19483e-16)
(26.3746 2.64386 -5.71454e-17)
(26.3499 2.68092 -5.40611e-17)
(26.3241 2.71561 -1.37128e-16)
(26.2973 2.74795 5.59561e-17)
(26.2697 2.77796 3.99372e-16)
(26.2417 2.80574 1.4867e-16)
(26.2135 2.83132 -1.81323e-16)
(26.1854 2.85486 8.79308e-17)
(26.1577 2.87632 -6.55709e-17)
(26.1335 2.89331 7.42846e-18)
(26.1122 2.90752 7.89927e-19)
(26.0906 2.92013 -5.6068e-18)
(26.0681 2.93528 -2.14699e-16)
(26.0467 2.94321 -2.40133e-19)
(26.0225 2.96381 2.03199e-17)
(26.0041 2.95667 -1.36584e-16)
(25.9759 3.00044 2.68329e-16)
(25.9693 2.94509 -4.26317e-18)
(25.9278 3.06826 -8.09916e-19)
(23.7137 1.58127 -1.22487e-18)
(22.7518 1.52808 3.96538e-19)
(21.6638 1.45515 1.50121e-19)
(20.6007 1.36623 6.34903e-19)
(19.7467 1.2738 -3.89177e-18)
(19.2804 1.19335 4.55894e-18)
(19.3171 1.13994 -1.8252e-18)
(19.8605 1.12305 -4.68455e-19)
(20.8131 1.14396 3.89225e-18)
(22.0199 1.19719 -9.71586e-18)
(23.2862 1.27085 -1.61354e-18)
(24.3709 1.34484 -1.67595e-17)
(25.0434 1.39445 -1.04244e-17)
(25.2703 1.40801 -2.35897e-18)
(25.2778 1.39981 1.98735e-18)
(25.2875 1.39022 1.28899e-17)
(25.3375 1.38466 2.17623e-18)
(25.3908 1.38064 -6.66619e-18)
(25.4326 1.37654 1.63134e-18)
(25.4693 1.37285 3.22953e-19)
(25.5068 1.3703 7.56933e-18)
(25.5464 1.36929 3.35331e-17)
(25.5871 1.36991 -8.23249e-18)
(25.6283 1.37237 3.79173e-19)
(25.6698 1.37679 -8.31045e-18)
(25.7117 1.38342 1.11805e-19)
(25.7538 1.39234 -5.98534e-19)
(25.7961 1.40369 1.82173e-19)
(25.8385 1.41757 7.64032e-18)
(25.8809 1.43404 -2.69068e-18)
(25.9231 1.45316 4.92337e-18)
(25.965 1.47493 4.23129e-18)
(26.0065 1.49938 -3.60309e-18)
(26.0473 1.52649 3.86527e-19)
(26.0872 1.55624 6.14317e-18)
(26.1261 1.58858 6.59222e-18)
(26.1636 1.62345 1.06434e-18)
(26.1996 1.66074 -4.39866e-18)
(26.2338 1.70037 2.49152e-17)
(26.266 1.74217 -3.8209e-18)
(26.2959 1.786 -6.22346e-18)
(26.3233 1.83163 1.0276e-17)
(26.348 1.87887 1.85117e-17)
(26.3699 1.92746 2.98862e-17)
(26.3888 1.97715 -4.17848e-17)
(26.4046 2.02767 5.23412e-18)
(26.4173 2.07871 -8.56609e-18)
(26.4268 2.13 -1.84851e-17)
(26.433 2.18124 1.76848e-17)
(26.4361 2.23215 -2.60718e-18)
(26.4361 2.28247 -4.16198e-17)
(26.433 2.33192 -1.04053e-17)
(26.4271 2.38027 9.28435e-18)
(26.4183 2.42731 -7.43228e-18)
(26.407 2.47284 -2.34232e-18)
(26.3933 2.5167 1.52389e-16)
(26.3774 2.55874 7.75188e-19)
(26.3595 2.59886 -1.15016e-16)
(26.3398 2.63697 2.70683e-19)
(26.3185 2.67302 -1.57002e-18)
(26.2958 2.70695 9.12512e-18)
(26.272 2.73878 -3.73231e-18)
(26.2471 2.76848 -2.2739e-16)
(26.2216 2.79611 -8.0487e-17)
(26.1957 2.82168 1.63902e-16)
(26.1696 2.84532 -8.56008e-17)
(26.1438 2.86699 5.02238e-17)
(26.1211 2.88418 1.12117e-16)
(26.101 2.89869 -1.44531e-16)
(26.0806 2.91146 -2.64958e-16)
(26.0592 2.92716 -9.83037e-19)
(26.0388 2.93503 -2.50578e-19)
(26.0157 2.95675 -7.44799e-17)
(25.998 2.94888 7.5134e-17)
(25.9714 2.99487 -7.18996e-18)
(25.9642 2.9375 -4.36769e-18)
(24.5527 1.72515 -6.37441e-20)
(23.8718 1.68835 2.9897e-19)
(23.0209 1.63578 1.50148e-18)
(22.0918 1.56757 5.25863e-19)
(21.2019 1.49029 3.25483e-18)
(20.4893 1.41302 -2.97481e-18)
(20.0924 1.34749 6.85474e-19)
(20.11 1.30589 -3.9181e-19)
(20.5609 1.29656 1.089e-17)
(21.3786 1.32128 1.73463e-17)
(22.4369 1.37559 -1.49047e-18)
(23.5613 1.44835 1.00857e-18)
(24.5333 1.52076 4.41932e-18)
(25.1555 1.57093 1.20606e-17)
(25.3935 1.58891 2.27013e-18)
(25.4206 1.58612 -2.13198e-18)
(25.426 1.58016 -1.93456e-18)
(25.4603 1.57741 1.10267e-18)
(25.5004 1.57629 2.74158e-18)
(25.5326 1.57528 8.45862e-18)
(25.5607 1.57443 2.04597e-18)
(25.5898 1.57429 -2.42559e-18)
(25.6208 1.57508 -1.06566e-17)
(25.6527 1.57689 2.83983e-17)
(25.6851 1.57977 -1.56824e-17)
(25.718 1.58388 -5.02748e-19)
(25.7514 1.58938 8.63193e-19)
(25.7853 1.59643 -9.51804e-20)
(25.8196 1.60519 -6.41987e-18)
(25.8543 1.61581 -4.7198e-19)
(25.8893 1.62843 -1.07571e-17)
(25.9245 1.64315 8.88439e-19)
(25.9597 1.66009 4.16846e-18)
(25.9947 1.6793 2.29514e-19)
(26.0293 1.70085 3.92989e-18)
(26.0635 1.72475 2.62616e-18)
(26.0969 1.751 -7.55866e-18)
(26.1293 1.77956 -1.03779e-17)
(26.1606 1.81039 -1.4822e-17)
(26.1905 1.84339 8.60525e-18)
(26.2187 1.87847 6.66833e-18)
(26.2451 1.91548 1.52279e-17)
(26.2695 1.95427 -6.73258e-18)
(26.2916 1.99465 -2.04055e-17)
(26.3113 2.03643 -4.70069e-18)
(26.3285 2.07937 1.52544e-17)
(26.343 2.12325 -7.49304e-18)
(26.3548 2.1678 -1.6394e-17)
(26.3637 2.21278 1.58907e-17)
(26.3697 2.25792 2.7656e-17)
(26.3729 2.30296 3.70139e-17)
(26.3733 2.34765 -9.68726e-18)
(26.3709 2.39175 4.67961e-17)
(26.3658 2.43503 -7.06443e-18)
(26.3581 2.47728 -2.24785e-18)
(26.3481 2.51832 -1.47869e-16)
(26.3357 2.55796 7.57206e-19)
(26.3213 2.59608 8.93955e-17)
(26.3049 2.63255 5.27693e-17)
(26.2868 2.66727 -1.56942e-18)
(26.2671 2.70018 2.01163e-16)
(26.2461 2.73123 -3.78059e-18)
(26.2239 2.76038 -2.43925e-19)
(26.2008 2.78764 -4.13004e-17)
(26.1771 2.81302 -8.85348e-18)
(26.1531 2.83658 -3.08094e-17)
(26.1292 2.85831 -5.56753e-20)
(26.108 2.87558 -9.61022e-17)
(26.0891 2.89031 1.45763e-16)
(26.0699 2.90315 4.14768e-18)
(26.0497 2.91933 -1.41107e-16)
(26.0303 2.92709 4.83787e-17)
(26.0085 2.94982 1.31518e-16)
(25.9915 2.94126 -3.90913e-19)
(25.111 1.85169 -4.90651e-19)
(24.6912 1.82886 2.38917e-19)
(24.0744 1.79265 3.30255e-19)
(23.3196 1.74181 3.52327e-19)
(22.5041 1.6799 1.55937e-19)
(21.724 1.61179 -4.62112e-20)
(21.0918 1.54478 4.33892e-19)
(20.7229 1.48884 -2.47719e-19)
(20.7068 1.45439 -4.15755e-19)
(21.0726 1.44905 -1.20441e-18)
(21.7757 1.47498 3.47511e-19)
(22.7116 1.52847 -8.89851e-19)
(23.7246 1.59921 1.67842e-18)
(24.6199 1.66992 -2.92041e-19)
(25.2218 1.72105 1.35077e-18)
(25.4833 1.74279 4.35113e-19)
(25.5318 1.74324 -2.546e-18)
(25.5341 1.73815 7.52582e-19)
(25.5553 1.73523 1.93306e-18)
(25.5861 1.73428 -5.88683e-19)
(25.6131 1.73385 -1.25411e-18)
(25.6368 1.73367 -1.94621e-18)
(25.6608 1.73412 1.60799e-18)
(25.686 1.73543 -1.24203e-18)
(25.7119 1.73765 1.52893e-18)
(25.738 1.74079 -5.5797e-19)
(25.7644 1.74497 4.92373e-18)
(25.7913 1.75028 -3.95862e-18)
(25.8185 1.75683 -5.1793e-19)
(25.8463 1.76472 1.63774e-17)
(25.8744 1.77407 6.26496e-21)
(25.903 1.78498 2.60125e-19)
(25.9318 1.79755 9.80634e-20)
(25.9608 1.81188 1.22846e-19)
(25.9899 1.82806 2.35245e-18)
(26.0189 1.84616 2.39522e-18)
(26.0477 1.86623 3.19484e-18)
(26.076 1.88829 4.75649e-18)
(26.1036 1.91238 1.77839e-18)
(26.1305 1.93844 -3.48245e-19)
(26.1562 1.96646 1.77916e-19)
(26.1807 1.99636 9.0503e-18)
(26.2037 2.02805 4.25818e-18)
(26.2251 2.0614 7.66395e-18)
(26.2446 2.09627 -3.93499e-18)
(26.2621 2.1325 1.96466e-18)
(26.2774 2.1699 -6.45793e-18)
(26.2903 2.20827 -6.07544e-17)
(26.3009 2.24739 1.01639e-17)
(26.309 2.28703 1.07145e-17)
(26.3145 2.32697 -1.04222e-17)
(26.3175 2.36696 -8.87137e-18)
(26.3179 2.40679 3.6537e-18)
(26.3158 2.44622 -6.60406e-18)
(26.3112 2.48504 -2.12161e-18)
(26.3042 2.52306 1.89498e-18)
(26.295 2.56008 7.27522e-19)
(26.2836 2.59595 -1.21683e-17)
(26.2703 2.63052 -4.03893e-18)
(26.2551 2.66368 -1.54362e-18)
(26.2382 2.69531 -4.8313e-18)
(26.2199 2.72534 -3.76927e-18)
(26.2002 2.75371 1.87389e-16)
(26.1795 2.78041 8.13888e-17)
(26.1581 2.80539 -8.98218e-18)
(26.1361 2.8287 2.8337e-18)
(26.114 2.85034 -5.7045e-20)
(26.0943 2.86759 8.22234e-18)
(26.0767 2.88243 8.82046e-19)
(26.0587 2.89527 2.41097e-16)
(26.0397 2.91184 3.21585e-16)
(26.0214 2.91944 1.28893e-16)
(25.4089 1.9609 -2.06073e-18)
(25.2247 1.95004 1.93914e-19)
(24.8474 1.92838 4.56283e-18)
(24.2965 1.89309 -5.42274e-19)
(23.6219 1.84593 -6.84107e-19)
(22.89 1.78942 3.06692e-19)
(22.1829 1.72765 3.09246e-19)
(21.5966 1.66722 -1.75008e-19)
(21.2324 1.61687 -6.3736e-18)
(21.1744 1.58591 -8.53001e-19)
(21.46 1.58159 6.23227e-18)
(22.0616 1.60654 9.86491e-19)
(22.8925 1.65778 -3.96126e-19)
(23.8149 1.72601 -1.91919e-19)
(24.6551 1.79564 3.81098e-18)
(25.2508 1.84876 1.67465e-18)
(25.5401 1.87497 -7.94635e-18)
(25.6112 1.87915 4.05323e-18)
(25.612 1.87524 1.58686e-17)
(25.6217 1.87221 -3.88468e-19)
(25.6446 1.87128 -3.0419e-18)
(25.6681 1.87118 -1.27542e-18)
(25.6891 1.87133 1.05388e-18)
(25.7098 1.87189 -2.07308e-17)
(25.7311 1.87311 1.25718e-17)
(25.753 1.87507 5.26302e-18)
(25.7749 1.87783 7.33708e-19)
(25.797 1.88148 3.54083e-18)
(25.8195 1.88611 -3.83389e-19)
(25.8422 1.89181 2.39428e-18)
(25.8654 1.89869 3.70811e-20)
(25.8889 1.90682 -5.22536e-18)
(25.9128 1.9163 -7.33234e-18)
(25.9369 1.9272 8.02957e-20)
(25.9613 1.9396 1.60211e-18)
(25.9859 1.95358 1.35148e-18)
(26.0104 1.96919 1.9167e-18)
(26.0348 1.98647 -1.69029e-18)
(26.0589 2.00548 5.10416e-19)
(26.0825 2.02622 -1.78025e-18)
(26.1055 2.0487 1.39217e-19)
(26.1277 2.07289 7.20057e-18)
(26.1489 2.09876 3.44129e-18)
(26.1689 2.12625 1.08178e-17)
(26.1875 2.15525 1.23978e-17)
(26.2046 2.18566 -5.48376e-18)
(26.2199 2.21735 -5.51427e-18)
(26.2333 2.25016 3.37273e-17)
(26.2448 2.28393 1.61643e-17)
(26.2541 2.31847 -8.20141e-18)
(26.2612 2.35359 -9.32358e-18)
(26.266 2.38907 -8.02098e-18)
(26.2685 2.42472 -2.59036e-17)
(26.2687 2.46032 -7.07332e-17)
(26.2666 2.49566 -1.97579e-18)
(26.2623 2.53056 1.78081e-18)
(26.2557 2.56482 6.89659e-19)
(26.247 2.59827 -8.41004e-17)
(26.2364 2.63076 -3.8912e-18)
(26.2238 2.66213 -1.49838e-18)
(26.2096 2.69227 -1.68012e-16)
(26.1937 2.72109 -3.70997e-18)
(26.1765 2.74848 -1.37749e-16)
(26.158 2.77442 -6.305e-17)
(26.1387 2.79883 -1.86866e-16)
(26.1187 2.82174 3.1199e-17)
(26.0984 2.84314 6.44712e-17)
(26.0803 2.86023 8.3502e-18)
(26.0639 2.87511 8.98991e-19)
(25.5216 2.05428 1.37726e-18)
(25.4948 2.05126 1.74537e-19)
(25.3405 2.04194 -4.45228e-18)
(25.014 2.02112 1.09855e-18)
(24.527 1.98857 2.05844e-19)
(23.921 1.94517 -7.20536e-20)
(23.2542 1.89289 2.48973e-19)
(22.5983 1.83563 -1.38552e-19)
(22.0383 1.77938 5.25605e-19)
(21.6657 1.73198 -9.00768e-18)
(21.5618 1.70201 -4.60618e-18)
(21.7711 1.69659 -2.95803e-19)
(22.2805 1.71889 -3.45017e-18)
(23.0188 1.76668 -2.55707e-18)
(23.8651 1.83182 -1.97047e-18)
(24.6627 1.90024 6.23825e-20)
(25.2588 1.95533 3.49429e-18)
(25.5772 1.98594 -4.44229e-18)
(25.6721 1.99397 -9.23274e-18)
(25.6742 1.9915 -6.64121e-18)
(25.6741 1.98855 -4.70668e-19)
(25.6895 1.98775 -1.08409e-18)
(25.7098 1.98819 8.99147e-19)
(25.7288 1.98893 1.08704e-18)
(25.7468 1.98991 -1.01485e-19)
(25.7649 1.99132 -5.76815e-18)
(25.7834 1.99332 -2.81158e-18)
(25.802 1.99595 -1.09498e-19)
(25.8207 1.99929 -3.59904e-19)
(25.8396 2.00343 -1.6385e-17)
(25.8589 2.00846 6.14812e-18)
(25.8785 2.01447 2.23774e-18)
(25.8985 2.02154 7.24853e-18)
(25.9188 2.02976 5.34213e-20)
(25.9394 2.03921 1.12188e-18)
(25.9602 2.04996 9.96048e-19)
(25.9811 2.06208 -3.82084e-19)
(26.0021 2.07561 -2.31849e-18)
(26.023 2.09062 1.4132e-18)
(26.0437 2.10713 1.28185e-18)
(26.0641 2.12518 1.09624e-19)
(26.084 2.14475 5.74769e-18)
(26.1032 2.16585 2.78342e-18)
(26.1215 2.18845 4.18037e-18)
(26.1389 2.21249 -5.82377e-18)
(26.155 2.23792 2.71444e-18)
(26.1699 2.26464 -4.6858e-18)
(26.1832 2.29255 -1.06409e-17)
(26.1949 2.32152 1.06902e-17)
(26.2049 2.35141 2.5896e-17)
(26.2129 2.38206 -1.78217e-17)
(26.219 2.41329 8.48834e-18)
(26.223 2.44494 3.2111e-17)
(26.225 2.47681 5.87406e-17)
(26.2248 2.50872 -1.82609e-18)
(26.2225 2.54048 1.66094e-18)
(26.2182 2.57191 6.48898e-19)
(26.2118 2.60284 3.77145e-18)
(26.2035 2.6331 -3.72233e-18)
(26.1933 2.66254 2.40079e-17)
(26.1814 2.69103 2.26304e-16)
(26.1678 2.71845 -4.26292e-17)
(26.1528 2.74469 -1.89414e-17)
(26.1364 2.76969 -1.51596e-17)
(26.1191 2.79337 2.44867e-18)
(26.101 2.81571 1.14623e-18)
(25.5662 2.13656 -1.22141e-18)
(25.5835 2.13601 4.61527e-21)
(25.5701 2.13428 -3.74263e-19)
(25.4519 2.12567 2.14762e-19)
(25.1796 2.10736 8.52767e-19)
(24.7543 2.07818 -3.29932e-19)
(24.2098 2.03835 2.06416e-19)
(23.5969 1.98974 -1.11988e-19)
(22.9796 1.93599 4.63983e-18)
(22.4348 1.88253 7.40798e-18)
(22.0471 1.83655 -6.79149e-19)
(21.8958 1.80611 3.76117e-19)
(22.0321 1.79836 2.72521e-18)
(22.4558 1.81701 2.14195e-18)
(23.1106 1.8607 5.27775e-19)
(23.8903 1.92239 6.80585e-19)
(24.6527 1.98941 -4.13984e-18)
(25.2518 2.0462 1.7342e-18)
(25.599 2.0808 -2.32111e-18)
(25.7192 2.0925 7.1034e-18)
(25.726 2.09149 1.21946e-18)
(25.7182 2.08848 -1.17428e-17)
(25.7265 2.08756 4.36698e-18)
(25.7438 2.08828 1.65794e-17)
(25.7613 2.08948 -9.00616e-18)
(25.7772 2.09083 -3.11936e-19)
(25.7927 2.09246 6.80907e-19)
(25.8083 2.09456 -1.14973e-19)
(25.824 2.0972 -4.09486e-19)
(25.8399 2.10043 7.52142e-18)
(25.8559 2.10431 -5.76735e-18)
(25.8722 2.10894 -2.17755e-18)
(25.8889 2.11439 7.29459e-21)
(25.9058 2.12073 2.60452e-20)
(25.9231 2.12805 6.73039e-19)
(25.9407 2.1364 6.58421e-19)
(25.9585 2.14587 2.26109e-18)
(25.9764 2.15651 1.02115e-19)
(25.9945 2.16839 1.05786e-18)
(26.0125 2.18155 -1.25518e-18)
(26.0303 2.19603 -1.06367e-18)
(26.0479 2.21185 4.55639e-18)
(26.065 2.22904 2.23895e-18)
(26.0816 2.24758 7.27598e-19)
(26.0975 2.26746 -4.80882e-18)
(26.1125 2.28864 1.57542e-18)
(26.1265 2.31108 -3.96205e-18)
(26.1394 2.33471 -9.0994e-18)
(26.1509 2.35943 9.24228e-18)
(26.1609 2.38513 2.25526e-19)
(26.1694 2.41171 -1.26119e-17)
(26.1763 2.43902 -1.88892e-17)
(26.1813 2.46691 2.7261e-18)
(26.1845 2.49523 -5.07354e-18)
(26.1858 2.52381 -6.43657e-17)
(26.1852 2.55248 -3.33924e-17)
(26.1826 2.58108 6.06559e-19)
(26.1782 2.60944 4.67208e-17)
(26.1718 2.63739 -3.53815e-18)
(26.1637 2.66479 -2.67362e-17)
(26.1538 2.6915 -1.85907e-16)
(26.1423 2.71738 -3.76479e-19)
(25.6079 2.21127 6.84824e-19)
(25.6153 2.21065 2.57334e-19)
(25.6329 2.21088 7.72773e-19)
(25.6327 2.20918 1.90472e-19)
(25.5515 2.20246 -5.71264e-19)
(25.3342 2.18731 2.34757e-19)
(24.9698 2.16165 1.67435e-18)
(24.4829 2.1254 -9.30982e-20)
(23.9177 2.08023 -1.20118e-18)
(23.3323 2.02944 -4.18855e-19)
(22.7969 1.97797 3.58187e-18)
(22.3911 1.9325 3.36712e-20)
(22.193 1.90074 -1.06199e-18)
(22.2593 1.88989 -3.33528e-18)
(22.6023 1.90427 4.14429e-19)
(23.1796 1.94345 -5.50159e-19)
(23.8986 2.00147 2.76639e-18)
(24.6296 2.06695 2.05715e-18)
(25.2321 2.12513 6.51893e-19)
(25.6068 2.16342 -4.73551e-18)
(25.7535 2.17871 -1.86015e-18)
(25.7684 2.1793 1.32639e-17)
(25.7552 2.17625 -2.77144e-18)
(25.7568 2.175 -1.38243e-17)
(25.771 2.17574 1.57359e-17)
(25.7872 2.1772 2.49263e-18)
(25.8017 2.17876 6.03174e-19)
(25.8151 2.18048 -2.6145e-18)
(25.8284 2.18258 -3.91237e-19)
(25.8418 2.18514 -6.09732e-18)
(25.8553 2.18823 5.45297e-18)
(25.8689 2.19188 1.10406e-20)
(25.8828 2.19618 -7.19133e-18)
(25.897 2.20118 -6.59157e-19)
(25.9115 2.20695 -8.81443e-19)
(25.9262 2.21355 1.16931e-18)
(25.9413 2.22106 -2.16235e-18)
(25.9565 2.22953 -6.58993e-19)
(25.9719 2.23901 7.79558e-19)
(25.9874 2.24957 7.4952e-19)
(26.0029 2.26124 5.22586e-19)
(26.0182 2.27407 3.00813e-18)
(26.0334 2.28808 1.78935e-18)
(26.0482 2.30329 1.0001e-17)
(26.0625 2.31971 -1.89105e-17)
(26.0762 2.33733 2.57121e-18)
(26.0891 2.35612 -1.01078e-17)
(26.1012 2.37604 -7.73529e-18)
(26.1122 2.39704 7.94103e-18)
(26.122 2.41904 1.92129e-17)
(26.1306 2.44195 -3.87518e-17)
(26.1377 2.46568 -1.14465e-17)
(26.1433 2.4901 2.42489e-18)
(26.1473 2.51509 -4.58029e-18)
(26.1497 2.5405 6.08053e-17)
(26.1503 2.5662 5.465e-18)
(26.1491 2.59202 5.62586e-19)
(25.6506 2.2794 -1.6819e-19)
(25.6497 2.27866 9.39349e-20)
(25.6554 2.27859 1.42947e-19)
(25.672 2.27838 1.6001e-19)
(25.6822 2.27735 7.58483e-19)
(25.6347 2.27281 -2.98417e-19)
(25.4715 2.26084 -1.78834e-20)
(25.1678 2.23885 3.45009e-19)
(24.7372 2.20633 9.50947e-19)
(24.2174 2.16456 -3.49092e-18)
(23.6609 2.11643 -3.27674e-18)
(23.1328 2.06652 -3.64226e-19)
(22.7086 2.02105 6.69001e-19)
(22.4654 1.98745 1.6799e-18)
(22.465 1.97302 3.32389e-19)
(22.731 1.9827 4.7078e-19)
(23.2346 2.01704 -6.0597e-19)
(23.8964 2.07117 -2.31805e-18)
(24.5975 2.13486 5.07798e-19)
(25.2023 2.19411 2.75627e-18)
(25.6027 2.23576 -4.15335e-21)
(25.7766 2.25462 -7.27931e-18)
(25.8028 2.25704 9.55971e-18)
(25.7865 2.25409 1.19538e-17)
(25.7819 2.25244 -1.39654e-17)
(25.7927 2.25306 -5.98731e-18)
(25.8077 2.25465 7.84112e-18)
(25.821 2.25635 8.40915e-20)
(25.8327 2.25811 3.24984e-18)
(25.8441 2.26015 1.13274e-17)
(25.8555 2.2626 -1.67464e-18)
(25.8671 2.26551 -3.82659e-18)
(25.8788 2.26892 6.91375e-18)
(25.8907 2.27288 -6.51427e-19)
(25.9029 2.27746 1.49449e-19)
(25.9153 2.28272 -4.7911e-19)
(25.928 2.28871 3.10931e-18)
(25.9409 2.29548 -4.74115e-19)
(25.954 2.3031 8.1992e-19)
(25.9672 2.31161 1.78194e-19)
(25.9806 2.32107 4.04667e-19)
(25.9939 2.3315 3.03463e-18)
(26.0071 2.34295 1.42846e-18)
(26.0202 2.35545 -7.10431e-18)
(26.0329 2.36901 -1.86274e-18)
(26.0452 2.38364 1.1358e-18)
(26.057 2.39934 -1.46742e-18)
(26.068 2.4161 -6.54257e-18)
(26.0783 2.43387 6.7851e-18)
(26.0877 2.45262 3.71421e-17)
(25.6872 2.34136 3.67256e-19)
(25.6861 2.34076 7.58343e-20)
(25.6849 2.34049 2.24953e-18)
(25.6887 2.33999 3.45213e-18)
(25.7032 2.33978 1.35329e-19)
(25.7198 2.33951 -6.26789e-19)
(25.7001 2.33681 1.37861e-18)
(25.5873 2.32791 -5.39299e-19)
(25.3438 2.30975 -1.02649e-18)
(24.9702 2.28115 3.54894e-20)
(24.4958 2.24285 2.78127e-18)
(23.9682 2.19735 7.49531e-19)
(23.4479 2.14883 -7.62329e-19)
(23.0069 2.10314 1.21441e-18)
(22.7215 2.06747 7.0397e-19)
(22.6578 2.0492 4.94514e-19)
(22.85 2.05391 -3.54226e-19)
(23.2826 2.08312 2.90066e-18)
(23.8889 2.1331 5.83781e-18)
(24.5602 2.19471 -1.33632e-19)
(25.1652 2.25463 -4.37516e-19)
(25.5889 2.29927 -3.77814e-18)
(25.7904 2.32164 5.44991e-19)
(25.8307 2.32612 -1.03128e-17)
(25.8135 2.32344 1.22852e-17)
(25.8032 2.32138 5.88141e-18)
(25.8103 2.32175 -7.2805e-19)
(25.824 2.32339 7.53068e-20)
(25.8364 2.32519 -5.49432e-19)
(25.8467 2.32697 -3.75985e-18)
(25.8565 2.32894 2.67935e-18)
(25.8663 2.33126 -4.12612e-19)
(25.8762 2.33399 -6.50925e-18)
(25.8863 2.33717 1.26623e-18)
(25.8965 2.34083 -7.13609e-18)
(25.907 2.34503 1.52116e-19)
(25.9176 2.34983 -3.73057e-18)
(25.9286 2.35527 -3.37343e-19)
)
;

boundaryField
{
    inlet
    {
        type            freestreamVelocity;
        freestreamValue uniform (25.75 3.62 0);
        value           nonuniform List<vector> 
11
(
(25.8857 3.21447 -1.96452e-18)
(25.8933 3.17778 -4.65697e-17)
(25.8941 3.16503 2.10602e-17)
(25.896 3.15289 1.21232e-16)
(25.8976 3.14138 -2.21404e-16)
(25.8985 3.1304 6.48295e-17)
(25.8996 3.11963 2.29573e-16)
(25.9021 3.10873 -2.19795e-16)
(25.9099 3.09678 3.68368e-17)
(25.9276 3.07009 -6.74631e-18)
(25.9277 3.08051 1.0195e-19)
)
;
    }
    outlet
    {
        type            freestreamVelocity;
        freestreamValue nonuniform List<vector> 0();
        value           nonuniform List<vector> 0();
    }
    walls
    {
        type            noSlip;
    }
    frontAndBack
    {
        type            empty;
    }
    procBoundary6to2
    {
        type            processor;
        value           nonuniform List<vector> 
13
(
(18.5701 1.40458 7.98597e-19)
(21.0246 1.29188 -5.19829e-18)
(22.7089 1.38032 4.46733e-18)
(23.7065 1.48727 -5.0774e-19)
(24.4638 1.62829 -6.13929e-18)
(25.0074 1.75843 -4.24224e-19)
(25.3149 1.87088 -3.04674e-19)
(25.4455 1.97036 2.86149e-18)
(25.5054 2.05967 -2.85343e-18)
(25.5576 2.14081 -1.85654e-19)
(25.6085 2.21481 -3.71334e-19)
(25.6519 2.2822 -9.0552e-20)
(25.6874 2.34355 1.19975e-18)
)
;
    }
    procBoundary6to3
    {
        type            processor;
        value           uniform (25.7174 2.39773 2.34447e-18);
    }
    procBoundary6to5
    {
        type            processor;
        value           nonuniform List<vector> 
86
(
(14.7265 -2.17974 -5.57759e-15)
(18.5074 -2.76952 1.73636e-15)
(22.412 -3.25678 -3.40906e-15)
(26.683 -3.70882 5.69091e-15)
(30.5257 -4.01652 -4.82208e-15)
(31.9165 -4.03422 -2.57529e-15)
(31.0434 -3.82246 3.2447e-15)
(30.1754 -3.61546 -1.90176e-15)
(30.0012 -3.46793 5.72638e-15)
(30.0871 -3.34104 -2.96989e-15)
(30.1333 -3.20867 2.39396e-15)
(30.1113 -3.06667 -3.31343e-15)
(30.0658 -2.91794 -1.68058e-16)
(30.0207 -2.76428 2.42038e-15)
(29.9781 -2.60629 -2.74401e-15)
(29.9349 -2.44416 3.02169e-15)
(29.8895 -2.2781 4.87399e-16)
(29.8417 -2.10832 -3.15015e-16)
(29.7913 -1.93513 -2.29271e-15)
(29.7384 -1.75885 -4.33697e-16)
(29.6827 -1.57989 1.5663e-15)
(29.6242 -1.39873 -1.54451e-16)
(29.5628 -1.21584 -1.39947e-15)
(29.4985 -1.03176 1.35236e-15)
(29.4312 -0.847048 9.41095e-16)
(29.3608 -0.662317 -1.74947e-15)
(29.2876 -0.47816 4.00011e-16)
(29.2115 -0.295257 1.32349e-15)
(29.1326 -0.114187 -1.03996e-15)
(29.0511 0.0644109 -6.34453e-17)
(28.9671 0.239891 8.30926e-16)
(28.8809 0.411676 -6.54119e-16)
(28.7926 0.579211 5.31302e-16)
(28.7926 0.579211 5.31302e-16)
(29.0777 0.99218 1.47617e-16)
(28.9559 1.14003 3.6783e-16)
(28.8342 1.28183 -4.80348e-16)
(28.713 1.41735 2.64119e-16)
(28.5928 1.54636 -1.56688e-16)
(28.4738 1.66874 -1.71219e-17)
(28.3565 1.78443 3.73269e-16)
(28.2411 1.89343 -4.55898e-17)
(28.128 1.99579 -1.11482e-16)
(28.0174 2.09161 1.54695e-16)
(27.9096 2.18105 -5.26084e-16)
(27.8046 2.2643 2.42021e-17)
(27.8046 2.2643 2.42021e-17)
(27.7935 2.47751 1.82393e-16)
(27.6843 2.53871 4.34379e-16)
(27.5795 2.5951 3.20417e-16)
(27.4789 2.64694 -7.22303e-17)
(27.3824 2.6945 1.05248e-16)
(27.2901 2.73807 7.42195e-17)
(27.2017 2.7779 -2.27612e-16)
(27.1171 2.81425 -4.03059e-17)
(27.0362 2.84738 9.09909e-17)
(27.0362 2.84738 9.09909e-17)
(26.9818 2.9427 -2.67946e-17)
(26.905 2.9647 1.25708e-17)
(26.8319 2.98461 9.94652e-17)
(26.7622 3.00257 -1.17515e-16)
(26.6957 3.01875 -1.28151e-17)
(26.6323 3.03328 -2.94759e-18)
(26.5718 3.04628 1.21919e-16)
(26.5718 3.04628 1.21919e-16)
(26.5204 3.09438 1.12092e-16)
(26.4646 3.10193 -5.17199e-17)
(26.4115 3.10857 -5.90541e-17)
(26.3612 3.11432 1.07684e-16)
(26.3134 3.11932 4.58111e-17)
(26.268 3.12342 -1.80337e-16)
(26.2312 3.12641 1.62514e-17)
(26.2312 3.12641 1.62514e-17)
(26.2028 3.15149 -7.08597e-17)
(26.1725 3.15218 1.66749e-17)
(26.1419 3.15296 5.11406e-17)
(26.1117 3.15231 -8.67238e-17)
(26.0806 3.15418 -7.97476e-19)
(26.0528 3.14825 -2.46423e-17)
(26.0195 3.15917 4.88575e-17)
(26.0014 3.12993 -3.80939e-17)
(25.9554 3.18518 8.59261e-17)
(25.9554 3.18518 8.59261e-17)
(25.9648 3.08496 -8.81702e-19)
(25.875 3.29273 -5.37375e-17)
(25.996 2.88027 -2.25419e-17)
)
;
    }
    procBoundary6to7
    {
        type            processor;
        value           nonuniform List<vector> 
91
(
(26.0616 2.65164 1.04454e-16)
(26.0616 2.65164 1.04454e-16)
(25.8628 3.22883 1.52716e-17)
(25.8628 3.22883 1.52716e-17)
(25.9546 2.86823 -4.39592e-16)
(25.9546 2.86823 -4.39592e-16)
(25.9262 3.06463 1.53387e-16)
(25.9664 2.9893 5.22315e-16)
(25.9262 3.06463 1.53387e-16)
(25.9588 2.93009 3.01119e-16)
(26.0008 2.94307 -9.02803e-17)
(25.9664 2.9893 5.22315e-16)
(25.9845 2.93387 2.41353e-17)
(26.0471 2.88786 2.46666e-16)
(26.0293 2.90472 3.02272e-16)
(26.0008 2.94307 -9.02803e-17)
(26.0121 2.91213 3.60715e-16)
(26.0826 2.83674 6.63208e-17)
(26.0659 2.85357 -3.02462e-16)
(26.0471 2.88786 2.46666e-16)
(26.0508 2.86839 -3.42534e-17)
(26.1293 2.74232 1.84715e-16)
(26.1149 2.76623 -1.43104e-16)
(26.0995 2.78904 -6.84851e-17)
(26.0826 2.83674 6.63208e-17)
(26.0832 2.81067 2.30912e-17)
(26.1462 2.61782 1.65473e-16)
(26.1415 2.64344 2.71691e-17)
(26.1351 2.66874 2.63714e-17)
(26.1271 2.69358 3.30023e-17)
(26.1293 2.74232 1.84715e-16)
(26.1174 2.71782 8.13409e-18)
(26.096 2.47229 1.99208e-17)
(26.1031 2.4928 5.80838e-17)
(26.109 2.51406 -2.87585e-17)
(26.1135 2.53597 5.74434e-17)
(26.1165 2.55841 2.03612e-17)
(26.1179 2.58128 -7.73704e-17)
(26.1462 2.61782 1.65473e-16)
(26.1178 2.60442 -8.45831e-18)
(25.9397 2.36141 2.03797e-18)
(25.951 2.36828 -2.55434e-19)
(25.9624 2.37595 -3.2252e-19)
(25.9739 2.38445 -7.17223e-18)
(25.9854 2.39381 -5.31181e-18)
(25.9968 2.40408 -1.30316e-17)
(26.008 2.41528 -4.82699e-18)
(26.0189 2.42742 -1.08564e-17)
(26.0294 2.44053 7.8081e-18)
(26.0395 2.45458 5.18902e-17)
(26.0489 2.46959 -1.58952e-17)
(26.096 2.47229 1.99208e-17)
(26.0576 2.48551 1.74428e-17)
(25.7173 2.3973 -1.13692e-18)
(25.7164 2.39709 2.85853e-19)
(25.7149 2.39651 8.35437e-19)
(25.7168 2.39595 -7.56473e-19)
(25.7284 2.39589 -8.6179e-19)
(25.7475 2.39607 2.23853e-18)
(25.7482 2.39479 1.30376e-18)
(25.6796 2.38874 -1.20122e-18)
(25.4947 2.37444 2.86549e-19)
(25.1793 2.34994 1.85956e-18)
(24.7524 2.31532 2.92785e-19)
(24.2555 2.27257 8.58913e-19)
(23.7454 2.2255 -1.08998e-18)
(23.2906 2.1796 -3.80244e-18)
(22.9667 2.14183 1.2298e-18)
(22.8435 2.11965 8.09809e-18)
(22.9647 2.11922 1.13334e-18)
(23.3282 2.1431 -1.54019e-18)
(23.8797 2.18868 3.66097e-19)
(24.5203 2.24788 3.46779e-18)
(25.1231 2.30805 -1.93892e-18)
(25.5675 2.35531 7.01646e-18)
(25.7962 2.38108 -1.07437e-17)
(25.8528 2.38777 1.1587e-17)
(25.8371 2.38556 7.25121e-18)
(25.8219 2.38307 1.29624e-18)
(25.825 2.38309 1.84417e-18)
(25.8371 2.38466 1.45438e-17)
(25.8488 2.38653 -1.00416e-18)
(25.8581 2.38831 4.10292e-18)
(25.8665 2.3902 -8.48777e-18)
(25.8748 2.3924 -1.13118e-17)
(25.8833 2.39495 9.63981e-19)
(25.892 2.3979 -3.97619e-18)
(25.9007 2.40128 7.29263e-18)
(25.9097 2.40514 -1.88574e-18)
(25.9397 2.36141 2.03797e-18)
(25.9189 2.40953 -4.15355e-18)
)
;
    }
}


// ************************************************************************* //
