/*--------------------------------*- C++ -*----------------------------------*\
| =========                 |                                                 |
| \\      /  F ield         | OpenFOAM: The Open Source CFD Toolbox           |
|  \\    /   O peration     | Version:  2506                                  |
|   \\  /    A nd           | Website:  www.openfoam.com                      |
|    \\/     M anipulation  |                                                 |
\*---------------------------------------------------------------------------*/
FoamFile
{
    version     2.0;
    format      ascii;
    arch        "LSB;label=32;scalar=64";
    class       volVectorField;
    location    "300";
    object      momentError;
}
// * * * * * * * * * * * * * * * * * * * * * * * * * * * * * * * * * * * * * //

dimensions      [0 1 -2 0 0 0 0];

internalField   nonuniform List<vector> 
1340
(
(0.000943811 0.00110052 1.15523e-13)
(0.00241094 0.0113829 -1.13965e-14)
(0.05362 0.0723041 -4.65985e-16)
(1.09291 -0.120313 -6.74887e-14)
(0.0017504 3.20601e-05 -3.95083e-14)
(0.00116619 0.00192597 3.30635e-14)
(-0.0294762 0.0142225 -1.41321e-14)
(-0.890323 0.108669 -3.85201e-14)
(0.00193256 -0.000246629 -3.61768e-14)
(0.000566474 0.000692856 -9.98394e-14)
(-0.0128995 0.00157376 2.77989e-14)
(-0.108637 0.00923956 9.92233e-15)
(0.00204264 -0.000461996 -1.16616e-13)
(0.00211419 -0.000169026 1.66379e-14)
(-0.00241427 -0.000973128 -2.83194e-14)
(-0.0281902 0.00830512 4.56553e-14)
(0.00155408 -0.000555234 1.18055e-13)
(0.00275473 -0.000619467 -3.96519e-14)
(0.000967795 -0.00169293 -1.66389e-14)
(-0.0142712 0.00845715 -5.3073e-16)
(0.000978552 -0.000998233 7.32926e-14)
(0.00261008 -0.000614581 8.46592e-14)
(0.00158645 -0.00179693 3.85122e-14)
(-0.0107923 0.00886721 2.85599e-14)
(0.0225171 -0.00783608 -1.01866e-13)
(-0.00642784 0.00213403 -5.78245e-14)
(0.000769841 -0.00222619 6.50993e-15)
(-0.00699915 0.0080608 -2.58405e-14)
(-0.0144354 0.00188401 6.9446e-14)
(-0.00498434 -0.00190647 5.85614e-14)
(-0.00101673 -0.000538423 -3.50685e-14)
(-0.00278434 0.00721143 -2.77353e-14)
(-0.0085883 0.00511392 -8.23849e-14)
(0.00487531 -0.00301011 -1.57967e-14)
(-0.0156664 0.00917137 2.61827e-14)
(-0.00139177 0.00619576 -4.94934e-15)
(0.00135412 -0.000878556 3.04432e-14)
(-0.00124134 -0.0011347 5.40865e-15)
(-0.0047346 0.00031215 -1.68841e-14)
(0.000553932 0.00342628 4.25625e-14)
(-0.000257385 9.25879e-06 -2.02419e-14)
(0.000289814 -0.000573534 2.06827e-14)
(0.00531509 -0.00822041 1.50922e-14)
(0.00137984 0.00240569 7.59673e-15)
(-0.000146875 -0.000266555 5.97855e-14)
(0.000149828 -0.000617255 3.47171e-14)
(-0.00190626 -0.00127628 1.50455e-14)
(-7.41487e-05 0.004065 -3.55826e-14)
(-0.000195976 -0.000266975 -5.60689e-14)
(-0.000470347 -0.000344319 -4.43525e-14)
(-0.00160132 -0.000110313 3.17853e-15)
(0.000227939 0.00304586 1.54104e-15)
(-0.000125318 -0.000282295 4.07127e-14)
(-0.000557731 -0.000328302 5.33983e-14)
(-0.00110505 -0.000332203 -3.67291e-14)
(0.000439491 0.00245036 1.99768e-15)
(-8.48534e-05 -0.000270413 3.92674e-15)
(-0.000534347 -0.000277571 -6.60211e-14)
(-0.00111919 -3.05459e-05 2.43008e-14)
(0.000453378 0.00215741 1.07199e-15)
(-7.71615e-05 -0.000250103 -6.65247e-14)
(-0.000465392 -0.00023483 2.33834e-14)
(-0.00094529 5.88352e-05 -1.72279e-15)
(0.00043293 0.00183511 9.68803e-15)
(-7.68698e-05 -0.000230007 1.19857e-14)
(-0.00040954 -0.000191948 6.27044e-15)
(-0.000760291 0.000136475 -1.69736e-14)
(0.000394268 0.00156118 -6.57314e-15)
(-7.46921e-05 -0.000211016 1.63954e-14)
(-0.000366877 -0.000151422 -5.48207e-15)
(-0.00058942 0.000185122 4.64145e-15)
(0.000365388 0.00131321 7.86573e-15)
(-6.60971e-05 -0.00019181 9.12264e-15)
(-0.000326354 -0.000116597 -2.65084e-14)
(-0.000448515 0.000212864 2.60884e-14)
(0.000344605 0.00109051 -6.29589e-15)
(-5.65205e-05 -0.000171827 -7.04837e-15)
(-0.000283134 -8.69838e-05 7.42181e-15)
(-0.00033128 0.000225977 2.22147e-15)
(0.000324451 0.000894026 -4.58056e-15)
(-4.38353e-05 -0.000150846 -1.26058e-14)
(-0.000238432 -6.14267e-05 -4.93516e-15)
(-0.000236381 0.000226496 -1.86734e-14)
(0.00030411 0.000722925 -2.97037e-15)
(-3.21438e-05 -0.000129899 -1.59452e-14)
(-0.000194701 -4.0193e-05 -1.05217e-14)
(-0.000155276 0.000219054 4.47138e-15)
(0.000284046 0.000577792 3.08031e-15)
(-1.80279e-05 -0.000109846 3.96943e-14)
(-0.0001527 -2.20354e-05 2.06312e-14)
(-8.99701e-05 0.000207149 -1.04264e-14)
(0.000265298 0.000455801 -6.5982e-16)
(-5.36471e-06 -9.0948e-05 -9.3855e-15)
(-0.000113907 -7.72553e-06 -2.36072e-15)
(-3.46732e-05 0.000192214 6.01865e-15)
(0.000248239 0.000356191 2.0314e-15)
(8.98283e-06 -7.39975e-05 -1.5838e-14)
(-7.75546e-05 4.38117e-06 -6.53562e-15)
(7.84283e-06 0.000175588 -1.41067e-14)
(0.00023271 0.00027423 -2.54238e-15)
(2.15072e-05 -5.86908e-05 1.09368e-14)
(-4.52945e-05 1.27387e-05 -1.87236e-14)
(4.26892e-05 0.000156598 9.64115e-15)
(0.000219359 0.000210681 8.40078e-15)
(3.4951e-05 -4.58543e-05 -8.56976e-15)
(-1.5882e-05 1.89975e-05 2.79226e-14)
(6.83831e-05 0.000138574 2.35318e-14)
(0.000207526 0.000159826 -1.29535e-15)
(4.63012e-05 -3.51806e-05 -3.36004e-15)
(9.40989e-06 2.23835e-05 1.21405e-14)
(8.91322e-05 0.000119884 -6.79611e-15)
(0.000196444 0.000120708 1.43698e-15)
(5.76407e-05 -2.8222e-05 8.39683e-15)
(3.20132e-05 2.49221e-05 -2.55997e-14)
(0.000103427 0.00010293 -1.03742e-14)
(0.000186087 8.82762e-05 -4.82425e-15)
(6.81626e-05 -2.08561e-05 1.5645e-15)
(5.09498e-05 2.41138e-05 1.49078e-14)
(0.000114197 8.6275e-05 5.03309e-15)
(0.000176213 6.35084e-05 -2.62902e-15)
(7.73351e-05 -1.68486e-05 -1.22374e-14)
(6.68656e-05 2.37178e-05 -1.42164e-14)
(0.000120654 7.09461e-05 -1.53691e-14)
(0.000167069 4.29944e-05 -2.14842e-15)
(8.62103e-05 -1.11052e-05 2.87633e-15)
(7.99179e-05 2.06812e-05 3.186e-15)
(0.000124398 5.65223e-05 3.17493e-15)
(0.000158338 2.75872e-05 9.71288e-15)
(9.21931e-05 -9.47183e-06 2.95612e-15)
(8.91281e-05 1.78425e-05 1.41178e-15)
(0.00012578 4.35952e-05 -4.31868e-16)
(0.00015023 1.45881e-05 1.2927e-15)
(0.000108622 -1.92126e-05 -1.97141e-14)
(9.82707e-05 -7.08226e-06 -1.93941e-14)
(9.71846e-05 1.41077e-05 -6.15481e-15)
(0.000125151 3.19778e-05 -4.92956e-15)
(0.000142533 5.01634e-06 -9.70233e-15)
(0.00011147 -1.50781e-05 5.0653e-16)
(0.000101816 -4.89265e-06 7.1739e-15)
(0.000100981 9.68814e-06 3.05187e-15)
(0.000123398 2.19382e-05 9.99805e-15)
(0.000135382 -3.14309e-06 8.03079e-15)
(0.000111072 -1.30272e-05 1.21943e-14)
(0.000103849 -5.77463e-06 -1.76883e-15)
(0.000104323 5.76426e-06 1.26604e-14)
(0.000120501 1.32287e-05 3.10635e-15)
(0.000128591 -9.10604e-06 4.04473e-15)
(0.000111441 -1.26038e-05 -2.57753e-15)
(0.000104723 -6.36188e-06 8.36386e-15)
(0.000104773 1.8109e-06 -1.09747e-14)
(0.000116971 5.84471e-06 -9.65757e-15)
(0.000122263 -1.4186e-05 -1.02573e-14)
(0.000109531 -1.20025e-05 -6.77111e-15)
(0.000104736 -7.59246e-06 -9.62022e-15)
(0.00010506 -1.87979e-06 6.83037e-15)
(0.000112817 -2.75397e-07 3.87853e-16)
(0.000116299 -1.77529e-05 -8.13767e-15)
(0.000108491 -1.20187e-05 5.88392e-15)
(0.000103627 -8.83809e-06 1.06261e-14)
(0.000103063 -5.30745e-06 -5.77876e-15)
(0.000108501 -5.35652e-06 -1.18734e-14)
(0.000110665 -2.07689e-05 1.84241e-15)
(0.000105283 -1.22619e-05 4.73151e-15)
(0.000101851 -1.03848e-05 8.08683e-15)
(0.000101366 -8.38832e-06 2.4995e-15)
(0.000103847 -9.36186e-06 1.35871e-14)
(0.000105312 -2.28665e-05 1.12772e-14)
(0.000102989 -1.3309e-05 -2.57416e-15)
(9.93811e-05 -1.167e-05 3.51179e-16)
(9.7892e-05 -1.11175e-05 3.74516e-15)
(9.9301e-05 -1.26399e-05 2.60978e-16)
(0.000100155 -2.46144e-05 -9.84894e-17)
(9.92509e-05 -1.4197e-05 -2.10091e-15)
(9.64882e-05 -1.37728e-05 -1.30034e-14)
(9.50647e-05 -1.3269e-05 -1.04414e-14)
(9.4598e-05 -1.51257e-05 -6.33994e-15)
(9.52239e-05 -2.5767e-05 -1.92064e-15)
(9.62384e-05 -1.54235e-05 -5.32739e-15)
(9.33987e-05 -1.45875e-05 -6.09549e-16)
(9.1192e-05 -1.51715e-05 7.86604e-15)
(9.00458e-05 -1.70719e-05 2.50936e-15)
(9.04376e-05 -2.66793e-05 -6.71108e-15)
(9.24968e-05 -1.54101e-05 1.45795e-14)
(9.01441e-05 -1.586e-05 8.57917e-15)
(8.75904e-05 -1.65582e-05 -5.60856e-15)
(8.54438e-05 -1.85022e-05 -9.33085e-16)
(8.58204e-05 -2.72096e-05 5.34963e-15)
(8.8993e-05 -1.61412e-05 3.09215e-15)
(8.61988e-05 -1.64779e-05 -5.72248e-15)
(8.34317e-05 -1.77691e-05 -6.92923e-15)
(8.09275e-05 -1.96265e-05 -7.2977e-16)
(8.12984e-05 -2.75927e-05 1.54398e-15)
(8.67531e-05 -1.52351e-05 -3.7837e-15)
(8.53635e-05 -1.63262e-05 2.57852e-16)
(8.23277e-05 -1.72827e-05 1.66707e-15)
(7.94086e-05 -1.86942e-05 -3.90866e-15)
(7.64415e-05 -2.04258e-05 -2.75869e-15)
(7.69209e-05 -2.77403e-05 -1.06579e-15)
(8.29143e-05 -1.54766e-05 -5.49524e-15)
(8.13312e-05 -1.65922e-05 -4.78941e-16)
(7.78073e-05 -1.79741e-05 -2.67767e-15)
(7.50847e-05 -1.94734e-05 1.37403e-15)
(7.2073e-05 -2.10533e-05 7.65811e-15)
(7.26287e-05 -2.78173e-05 -1.85959e-16)
(7.83106e-05 -1.59402e-05 -4.31337e-15)
(7.65775e-05 -1.73725e-05 -8.37851e-16)
(7.37813e-05 -1.87029e-05 -4.39914e-15)
(7.10041e-05 -2.01033e-05 6.75115e-15)
(6.77748e-05 -2.14872e-05 -9.32302e-16)
(6.85111e-05 -2.77442e-05 -2.95352e-15)
(7.39398e-05 -1.67558e-05 3.83285e-15)
(7.25228e-05 -1.80316e-05 3.21006e-15)
(6.93393e-05 -1.92793e-05 5.00387e-15)
(6.67347e-05 -2.06547e-05 -3.17362e-16)
(6.36237e-05 -2.18118e-05 -2.12963e-15)
(6.44794e-05 -2.76314e-05 6.37986e-15)
(6.93644e-05 -1.74481e-05 -3.49177e-15)
(6.80161e-05 -1.88196e-05 -2.69895e-15)
(6.5323e-05 -1.99399e-05 -2.41951e-15)
(6.27587e-05 -2.11029e-05 -2.57424e-15)
(5.9585e-05 -2.2014e-05 7.97052e-15)
(6.06216e-05 -2.74424e-05 -1.18845e-16)
(6.50782e-05 -1.81525e-05 -1.36051e-15)
(6.41586e-05 -1.93734e-05 6.04938e-16)
(6.11577e-05 -2.04125e-05 -3.90148e-15)
(5.87303e-05 -2.14708e-05 1.55257e-15)
(5.57096e-05 -2.21598e-05 -1.03123e-15)
(5.68358e-05 -2.72255e-05 -5.31667e-15)
(6.08144e-05 -1.85142e-05 2.53422e-15)
(5.98291e-05 -1.98743e-05 -1.21774e-15)
(5.72715e-05 -2.09198e-05 1.44304e-15)
(5.49701e-05 -2.17756e-05 4.04617e-16)
(5.19646e-05 -2.22375e-05 -7.24768e-16)
(5.3249e-05 -2.69642e-05 2.24792e-15)
(5.65123e-05 -1.89399e-05 5.40731e-15)
(5.58705e-05 -2.03085e-05 7.24577e-15)
(5.33308e-05 -2.12889e-05 1.71411e-16)
(5.12394e-05 -2.20477e-05 -1.12159e-15)
(4.84152e-05 -2.2268e-05 -3.94231e-15)
(4.9738e-05 -2.66844e-05 -1.80469e-15)
(5.23154e-05 -1.95234e-05 -1.00233e-15)
(5.16386e-05 -2.07842e-05 -1.03963e-15)
(4.96529e-05 -2.16109e-05 -2.22194e-16)
(4.77931e-05 -2.21574e-05 5.71579e-16)
(4.50442e-05 -2.22244e-05 3.77253e-15)
(4.64924e-05 -2.63598e-05 3.55495e-15)
(4.87113e-05 -1.86683e-05 5.26624e-16)
(4.93428e-05 -2.00147e-05 2.38508e-15)
(4.74703e-05 -2.09376e-05 2.19367e-15)
(4.62589e-05 -2.161e-05 -1.95233e-15)
(4.44357e-05 -2.21655e-05 -1.52109e-15)
(4.18369e-05 -2.2092e-05 -6.27642e-16)
(4.33102e-05 -2.60526e-05 -2.4982e-15)
(4.52745e-05 -1.91022e-05 -1.97612e-15)
(4.55538e-05 -1.99618e-05 -7.8796e-17)
(4.39997e-05 -2.09353e-05 5.91196e-16)
(4.28157e-05 -2.16084e-05 -3.25884e-15)
(4.11833e-05 -2.20706e-05 -7.85941e-16)
(3.87487e-05 -2.19564e-05 1.43154e-15)
(4.03368e-05 -2.57712e-05 -6.14697e-16)
(4.19414e-05 -1.92641e-05 5.98605e-17)
(4.2341e-05 -2.02114e-05 1.78242e-16)
(4.05178e-05 -2.10151e-05 -4.707e-15)
(3.95643e-05 -2.15744e-05 3.58708e-15)
(3.80438e-05 -2.19871e-05 1.30047e-15)
(3.57567e-05 -2.17925e-05 -2.44832e-15)
(3.74405e-05 -2.55043e-05 3.88637e-15)
(3.86842e-05 -1.95962e-05 3.17999e-15)
(3.91601e-05 -2.04672e-05 1.56895e-15)
(3.74113e-05 -2.1151e-05 6.76358e-16)
(3.63624e-05 -2.15794e-05 -1.42929e-15)
(3.49716e-05 -2.18883e-05 -5.36223e-15)
(3.29235e-05 -2.157e-05 3.45904e-15)
(3.47337e-05 -2.51965e-05 -5.07677e-16)
(3.57082e-05 -1.98806e-05 1.04176e-15)
(3.61462e-05 -2.06483e-05 2.15053e-16)
(3.42933e-05 -2.12497e-05 -1.23501e-15)
(3.33985e-05 -2.15457e-05 -4.73003e-16)
(3.21673e-05 -2.16677e-05 -2.66691e-16)
(3.02712e-05 -2.12265e-05 2.48639e-16)
(3.21171e-05 -2.47947e-05 1.27827e-16)
(3.27947e-05 -1.99981e-05 -1.36084e-16)
(3.32187e-05 -2.07931e-05 1.11446e-15)
(3.15674e-05 -2.12655e-05 1.06185e-15)
(3.06797e-05 -2.13942e-05 7.58058e-16)
(2.95349e-05 -2.14002e-05 -1.23213e-16)
(2.77374e-05 -2.08581e-05 1.49594e-15)
(2.96209e-05 -2.43402e-05 6.59591e-16)
(3.00697e-05 -2.00804e-05 -2.19128e-15)
(3.051e-05 -2.08185e-05 -2.9323e-16)
(2.89586e-05 -2.12616e-05 1.86435e-15)
(2.8139e-05 -2.13065e-05 -9.87356e-16)
(2.70256e-05 -2.12086e-05 -4.85321e-15)
(2.53628e-05 -2.05383e-05 -5.82812e-17)
(2.72333e-05 -2.39794e-05 7.55625e-16)
(2.73467e-05 -1.92971e-05 -9.42241e-16)
(2.8979e-05 -2.02362e-05 -8.33434e-16)
(2.69627e-05 -2.09586e-05 -3.75499e-16)
(2.65526e-05 -2.12475e-05 4.39409e-16)
(2.57051e-05 -2.12638e-05 -1.89531e-15)
(2.47027e-05 -2.11043e-05 -6.34894e-16)
(2.30976e-05 -2.03229e-05 2.87726e-16)
(2.49432e-05 -2.37221e-05 -1.6857e-16)
(2.51048e-05 -1.93647e-05 5.58608e-16)
(2.6085e-05 -2.03301e-05 1.88189e-15)
(2.45841e-05 -2.09701e-05 1.15318e-15)
(2.42253e-05 -2.12329e-05 -2.97323e-15)
(2.34757e-05 -2.12138e-05 -1.58604e-15)
(2.2499e-05 -2.09866e-05 1.09808e-15)
(2.09953e-05 -2.01296e-05 4.98129e-16)
(2.28435e-05 -2.34579e-05 -2.80309e-16)
(2.2719e-05 -1.93648e-05 1.22351e-15)
(2.36853e-05 -2.02811e-05 3.12174e-16)
(2.23743e-05 -2.09294e-05 -1.59664e-15)
(2.20757e-05 -2.11544e-05 1.13576e-15)
(2.13765e-05 -2.1103e-05 1.23059e-15)
(2.04728e-05 -2.08335e-05 -1.01612e-15)
(1.90697e-05 -1.98891e-05 -1.08861e-15)
(2.0845e-05 -2.3219e-05 -1.43895e-16)
(2.05608e-05 -1.92397e-05 -2.14991e-16)
(2.18117e-05 -2.02115e-05 6.00769e-16)
(2.02928e-05 -2.08302e-05 -7.16427e-16)
(2.00734e-05 -2.10089e-05 2.27656e-15)
(1.94316e-05 -2.09233e-05 -1.97715e-15)
(1.85906e-05 -2.0611e-05 -2.48356e-15)
(1.72635e-05 -1.96348e-05 3.28798e-15)
(1.89613e-05 -2.29773e-05 3.49334e-16)
(1.85586e-05 -1.90307e-05 -9.87609e-16)
(1.9868e-05 -2.0025e-05 -9.28961e-16)
(1.84137e-05 -2.06531e-05 -1.95396e-16)
(1.81938e-05 -2.07919e-05 2.23584e-16)
(1.76292e-05 -2.06793e-05 8.72261e-16)
(1.68329e-05 -2.03634e-05 7.92075e-16)
(1.55636e-05 -1.93608e-05 -3.25201e-16)
(1.71865e-05 -2.27178e-05 -7.14777e-16)
(1.6717e-05 -1.87465e-05 1.04506e-15)
(1.79647e-05 -1.97149e-05 -1.16553e-15)
(1.65994e-05 -2.03436e-05 1.08319e-15)
(1.64598e-05 -2.04662e-05 1.72195e-15)
(1.5926e-05 -2.03703e-05 -1.06566e-15)
(1.51485e-05 -2.00541e-05 1.44423e-16)
(1.39912e-05 -1.90133e-05 1.42441e-15)
(1.55401e-05 -2.24133e-05 -1.72808e-16)
(1.60099e-05 -1.94248e-05 -1.03088e-15)
(1.70429e-05 -2.05236e-05 1.05975e-16)
(1.59677e-05 -2.12153e-05 3.59464e-16)
(1.57837e-05 -2.1421e-05 -1.86586e-15)
(1.52723e-05 -2.14097e-05 7.75056e-16)
(1.45939e-05 -2.1126e-05 1.69283e-15)
(1.34794e-05 -2.01227e-05 -1.04801e-15)
(1.49577e-05 -2.36131e-05 -5.94226e-16)
(1.41144e-05 -1.79014e-05 5.56675e-16)
(1.63138e-05 -1.91209e-05 3.62035e-16)
(1.45346e-05 -2.00947e-05 6.4501e-16)
(1.45903e-05 -2.04886e-05 -1.10274e-15)
(1.43508e-05 -2.07537e-05 5.20842e-16)
(1.39029e-05 -2.07468e-05 1.1005e-15)
(1.32351e-05 -2.03841e-05 -2.15713e-15)
(1.21769e-05 -1.92942e-05 -3.80044e-16)
(1.36181e-05 -2.27378e-05 1.79451e-15)
(1.30249e-05 -1.75635e-05 1.33362e-16)
(1.44357e-05 -1.87803e-05 -1.08574e-16)
(1.30811e-05 -1.96388e-05 6.60888e-16)
(1.31336e-05 -1.99589e-05 8.97556e-16)
(1.29446e-05 -2.0202e-05 -9.21673e-16)
(1.25083e-05 -2.01487e-05 -8.56453e-16)
(1.18922e-05 -1.97253e-05 4.83437e-16)
(1.08997e-05 -1.85414e-05 1.54939e-15)
(1.22449e-05 -2.20143e-05 -2.14065e-15)
(1.16708e-05 -1.71824e-05 -2.5745e-16)
(1.29902e-05 -1.83377e-05 -4.27683e-16)
(1.16814e-05 -1.9151e-05 -1.51684e-15)
(1.17618e-05 -1.93986e-05 -5.20153e-16)
(1.15976e-05 -1.9581e-05 1.59011e-16)
(1.12016e-05 -1.94894e-05 2.32037e-16)
(1.06247e-05 -1.90056e-05 -2.9448e-16)
(9.67551e-06 -1.77867e-05 9.66617e-16)
(1.09376e-05 -2.12555e-05 2.32894e-15)
(1.04487e-05 -1.6891e-05 8.99257e-16)
(1.16691e-05 -1.80294e-05 -1.22835e-15)
(1.04488e-05 -1.88229e-05 9.97634e-17)
(1.05188e-05 -1.90298e-05 2.45052e-15)
(1.03664e-05 -1.9177e-05 -1.23386e-15)
(9.99312e-06 -1.90487e-05 3.07863e-16)
(9.43813e-06 -1.85328e-05 -6.31229e-16)
(8.54478e-06 -1.72587e-05 1.52907e-16)
(9.75612e-06 -2.07809e-05 7.00839e-16)
(9.22846e-06 -1.631e-05 -4.90445e-17)
(1.03537e-05 -1.73902e-05 7.01345e-16)
(9.21937e-06 -1.81285e-05 4.34211e-16)
(9.29541e-06 -1.82712e-05 -1.7808e-15)
(9.16619e-06 -1.83616e-05 1.29148e-15)
(8.82508e-06 -1.81938e-05 1.91772e-15)
(8.32016e-06 -1.76432e-05 -3.08886e-15)
(7.48791e-06 -1.63344e-05 -4.89325e-16)
(8.54548e-06 -1.97873e-05 1.14802e-15)
(8.27519e-06 -1.63082e-05 2.36457e-16)
(9.31186e-06 -1.73962e-05 3.93767e-16)
(8.29835e-06 -1.81667e-05 -2.84406e-16)
(8.35673e-06 -1.83116e-05 -7.31012e-16)
(8.21478e-06 -1.8391e-05 6.82338e-16)
(7.88151e-06 -1.81975e-05 1.19044e-15)
(7.39194e-06 -1.76012e-05 -1.70908e-16)
(6.62154e-06 -1.62251e-05 -1.14214e-15)
(7.72845e-06 -1.98482e-05 4.61288e-16)
(7.03756e-06 -1.49727e-05 -5.18812e-16)
(8.3024e-06 -1.60715e-05 -1.91278e-16)
(7.086e-06 -1.67142e-05 6.00651e-16)
(7.1852e-06 -1.66882e-05 8.63829e-16)
(7.08097e-06 -1.66695e-05 -6.36572e-18)
(6.80489e-06 -1.64545e-05 -3.38421e-17)
(6.39124e-06 -1.58553e-05 -3.78495e-16)
(5.66855e-06 -1.44907e-05 7.09239e-17)
(6.41283e-06 -1.77848e-05 -1.09016e-16)
(6.76781e-06 -1.61017e-05 2.78305e-16)
(8.05928e-06 -1.73543e-05 2.64239e-16)
(6.80498e-06 -1.81545e-05 6.16737e-16)
(6.8236e-06 -1.8144e-05 -1.08084e-16)
(6.67531e-06 -1.81477e-05 -5.4167e-16)
(6.3647e-06 -1.79197e-05 1.17645e-16)
(5.92255e-06 -1.72376e-05 -3.57083e-16)
(5.28945e-06 -1.57462e-05 -5.41582e-16)
(6.50174e-06 -1.96544e-05 8.30526e-16)
(5.00266e-06 -1.23525e-05 -1.21486e-15)
(6.23975e-06 -1.33574e-05 -6.19774e-16)
(5.19889e-06 -1.39907e-05 2.60142e-16)
(5.22868e-06 -1.38046e-05 4.195e-16)
(5.18601e-06 -1.3708e-05 1.67596e-15)
(5.01044e-06 -1.34832e-05 -4.31108e-16)
(4.70282e-06 -1.2903e-05 -1.90595e-15)
(4.04794e-06 -1.15697e-05 4.09667e-17)
(4.23932e-06 -1.43477e-05 1.22795e-15)
(5.64652e-06 -1.59515e-05 -1.6849e-16)
(7.76624e-06 -1.81077e-05 -3.89516e-16)
(6.14258e-06 -1.94311e-05 1.0816e-16)
(6.16769e-06 -1.94313e-05 -6.01108e-16)
(6.09944e-06 -1.96171e-05 8.88882e-17)
(5.9492e-06 -1.98358e-05 3.67375e-16)
(5.6637e-06 -1.94814e-05 -1.3537e-15)
(5.25686e-06 -1.86407e-05 6.93857e-16)
(4.7807e-06 -1.69018e-05 1.16859e-15)
(6.54476e-06 -2.15445e-05 1.1001e-16)
(2.59904e-06 -7.09472e-06 2.82744e-16)
(3.4643e-06 -7.7076e-06 -1.23954e-16)
(2.78362e-06 -8.46729e-06 -6.96587e-17)
(2.9214e-06 -8.22477e-06 1.54106e-16)
(3.01784e-06 -8.15929e-06 4.99967e-16)
(3.04427e-06 -8.20293e-06 9.74795e-18)
(2.96248e-06 -7.97161e-06 -7.43177e-17)
(2.79196e-06 -7.54016e-06 3.37852e-16)
(2.19097e-06 -6.44111e-06 6.09349e-17)
(1.45804e-06 -7.97663e-06 -5.45703e-16)
(7.39422e-06 -2.04423e-05 1.43393e-17)
(9.377e-06 -2.34049e-05 3.06288e-16)
(7.45905e-06 -2.50643e-05 5.72424e-16)
(7.86076e-06 -2.50345e-05 -1.43849e-15)
(8.15673e-06 -2.53667e-05 2.64201e-16)
(8.06917e-06 -2.57252e-05 2.49049e-15)
(7.76429e-06 -2.53036e-05 -2.66535e-15)
(7.36166e-06 -2.42518e-05 -7.81507e-16)
(6.89223e-06 -2.18959e-05 1.89288e-15)
(1.03174e-05 -2.8335e-05 -7.50961e-16)
(-0.03497 -0.0260122 -5.98579e-14)
(0.0303117 -0.0345801 -1.63616e-14)
(0.0498179 -0.0193805 2.72162e-14)
(0.0379659 -0.012653 -1.54409e-14)
(0.0307906 -0.00913099 2.45729e-14)
(0.0274467 -0.00682372 -7.79557e-15)
(0.0238344 -0.00504346 -5.7531e-15)
(0.0186802 -0.00371684 -1.74119e-14)
(0.011501 -0.0028749 1.2426e-14)
(0.00820211 -0.00136764 1.77107e-14)
(0.00385079 -0.000262348 -7.49714e-15)
(0.0020664 -0.000254183 -1.68092e-14)
(0.00182673 -0.000152031 1.75e-14)
(0.00165976 -4.40196e-05 -1.71646e-14)
(0.00143771 3.25943e-05 1.55439e-14)
(0.00118447 9.35504e-05 -3.35533e-15)
(0.000965995 0.000135481 1.46413e-15)
(0.000787044 0.000161025 -5.20778e-15)
(0.000644114 0.000170412 -6.52498e-15)
(0.000527124 0.000169828 1.51638e-15)
(0.000432834 0.000160835 3.74336e-15)
(0.000354898 0.000147706 -3.6376e-16)
(0.000293165 0.000131371 1.15681e-15)
(0.000242808 0.000114657 -1.26938e-15)
(0.000204394 9.81801e-05 3.45885e-15)
(0.000173979 8.35676e-05 -3.87301e-15)
(0.000151865 7.03792e-05 1.64679e-15)
(0.000133803 5.82335e-05 -3.6034e-15)
(0.000120693 4.70017e-05 4.44777e-15)
(0.000109972 3.6607e-05 -7.24134e-15)
(0.000102513 2.73899e-05 1.39641e-14)
(9.62035e-05 1.87475e-05 -6.14246e-15)
(9.19595e-05 1.14145e-05 1.98281e-15)
(8.81276e-05 4.57168e-06 6.70185e-16)
(8.55347e-05 -1.09019e-06 4.12811e-15)
(8.29621e-05 -6.30688e-06 -2.09443e-15)
(8.11255e-05 -1.05618e-05 -6.21805e-15)
(7.91119e-05 -1.43966e-05 3.92065e-15)
(7.74761e-05 -1.76038e-05 -2.62864e-16)
(7.5588e-05 -2.03899e-05 7.423e-16)
(7.38788e-05 -2.27699e-05 3.82755e-15)
(7.19264e-05 -2.47478e-05 3.04733e-15)
(7.00814e-05 -2.64468e-05 -6.07584e-15)
(6.80362e-05 -2.77894e-05 5.36926e-15)
(6.60557e-05 -2.89353e-05 4.82898e-16)
(6.38913e-05 -2.98041e-05 -7.42121e-15)
(6.17895e-05 -3.05426e-05 4.18296e-15)
(5.95544e-05 -3.10855e-05 -1.28114e-15)
(5.73828e-05 -3.15469e-05 9.43828e-16)
(5.51036e-05 -3.18735e-05 -1.81639e-15)
(5.28701e-05 -3.21331e-05 -3.48455e-15)
(5.05511e-05 -3.231e-05 2.41719e-15)
(4.82823e-05 -3.23723e-05 4.72909e-17)
(4.59991e-05 -3.2377e-05 2.57588e-15)
(4.37642e-05 -3.23736e-05 -3.94695e-15)
(4.1563e-05 -3.23846e-05 -2.1901e-15)
(3.94307e-05 -3.24508e-05 1.6066e-15)
(3.734e-05 -3.24706e-05 -5.17332e-15)
(3.52771e-05 -3.24374e-05 -1.25258e-15)
(3.3229e-05 -3.23212e-05 -3.37126e-15)
(3.11667e-05 -3.22653e-05 1.71021e-15)
(2.92005e-05 -3.22768e-05 -1.62667e-15)
(2.72847e-05 -3.23281e-05 3.26311e-15)
(2.54287e-05 -3.24001e-05 5.53198e-16)
(2.36224e-05 -3.24838e-05 1.46374e-15)
(2.18839e-05 -3.2557e-05 -1.41074e-15)
(2.02113e-05 -3.25601e-05 1.7172e-15)
(1.91504e-05 -3.30809e-05 1.41958e-15)
(1.79136e-05 -3.29004e-05 -2.03815e-15)
(1.67065e-05 -3.28997e-05 1.60436e-15)
(1.5426e-05 -3.273e-05 -2.4915e-15)
(1.43518e-05 -3.30441e-05 -4.35173e-15)
(1.2882e-05 -3.23289e-05 1.7238e-16)
(1.23707e-05 -3.36609e-05 -6.58721e-16)
(1.01656e-05 -3.08946e-05 -9.68097e-16)
(1.15413e-05 -3.58119e-05 8.72109e-16)
(6.75384e-06 -2.67917e-05 -1.15754e-15)
(1.30061e-05 -4.21654e-05 -3.82884e-16)
(1.80125e-06 -1.67468e-05 -2.52931e-16)
(2.19291e-05 -5.70625e-05 4.68834e-16)
(0.07922 -0.00941714 1.85654e-14)
(-0.0402422 0.00400322 4.29909e-15)
(-0.00471617 -0.00136876 -5.82017e-15)
(-0.00035136 -0.00262418 2.64755e-15)
(0.00321611 -0.00296354 -4.28955e-15)
(0.00493195 -0.00291916 1.07141e-15)
(0.00562552 -0.00273075 6.67649e-16)
(0.00586978 -0.0025275 3.02031e-15)
(0.00577484 -0.00228181 -1.7945e-15)
(0.00250035 -0.00234487 -2.38808e-15)
(0.0010819 -0.00253562 1.42393e-15)
(0.000653602 -0.0022396 2.9237e-15)
(0.000818036 -0.0018845 -2.81055e-15)
(0.000984776 -0.00155222 3.13549e-15)
(0.000935906 -0.00126524 -3.00037e-15)
(0.000830572 -0.00103445 8.0818e-16)
(0.000754975 -0.000834951 -3.1232e-16)
(0.000675221 -0.000659617 7.06834e-16)
(0.000607085 -0.000510405 1.0899e-15)
(0.000544621 -0.000385547 -1.60442e-16)
(0.000485752 -0.000283252 -1.63325e-16)
(0.000430653 -0.000200699 -2.63699e-16)
(0.000379883 -0.000135191 1.53073e-16)
(0.00033434 -8.37802e-05 -1.5859e-16)
(0.000292552 -4.50187e-05 -7.65551e-17)
(0.00025387 -1.69248e-05 1.91224e-16)
(0.000219245 1.57515e-06 -1.72667e-16)
(0.000190919 1.32407e-05 6.52511e-16)
(0.000167132 1.93077e-05 -3.2512e-16)
(0.000148035 2.13334e-05 1.44998e-15)
(0.000132063 2.0409e-05 -1.87821e-15)
(0.000119456 1.7537e-05 7.7196e-16)
(0.000108923 1.35965e-05 -3.52836e-16)
(0.000100631 8.89674e-06 3.26232e-16)
(9.36859e-05 4.1812e-06 -1.4065e-15)
(8.81203e-05 -6.00675e-07 1.57145e-16)
(8.33892e-05 -5.033e-06 1.34747e-15)
(7.94144e-05 -9.18047e-06 -4.78878e-17)
(7.5959e-05 -1.28501e-05 1.88568e-16)
(7.28665e-05 -1.61222e-05 -1.1757e-15)
(7.00854e-05 -1.89547e-05 -1.72265e-16)
(6.74694e-05 -2.13702e-05 7.30441e-16)
(6.50601e-05 -2.34331e-05 6.86064e-16)
(6.27204e-05 -2.51324e-05 -1.53358e-15)
(6.05075e-05 -2.6564e-05 2.46108e-16)
(5.8305e-05 -2.77009e-05 1.61547e-15)
(5.61913e-05 -2.86493e-05 -1.3239e-15)
(5.40809e-05 -2.93857e-05 9.19298e-16)
(5.20474e-05 -2.99788e-05 -7.36023e-16)
(4.99848e-05 -3.04444e-05 -1.78385e-16)
(4.79786e-05 -3.0815e-05 1.20764e-15)
(4.59127e-05 -3.10777e-05 -2.588e-15)
(4.39227e-05 -3.12168e-05 -2.34184e-16)
(4.18225e-05 -3.12338e-05 -5.25276e-16)
(3.98245e-05 -3.12356e-05 2.1109e-15)
(3.77687e-05 -3.12049e-05 7.36706e-16)
(3.5863e-05 -3.12293e-05 -1.58892e-16)
(3.39799e-05 -3.12452e-05 1.2471e-15)
(3.21819e-05 -3.12306e-05 1.28982e-16)
(3.03822e-05 -3.1172e-05 3.66566e-16)
(2.85515e-05 -3.11079e-05 1.84696e-15)
(2.67779e-05 -3.10934e-05 2.80697e-16)
(2.50552e-05 -3.10947e-05 -2.69399e-15)
(2.34013e-05 -3.11358e-05 -5.02328e-16)
(2.17905e-05 -3.11713e-05 2.91894e-15)
(2.02444e-05 -3.12012e-05 -8.10392e-16)
(1.87574e-05 -3.11755e-05 -2.49432e-16)
(1.78172e-05 -3.16265e-05 -2.46578e-16)
(1.67176e-05 -3.14477e-05 2.31293e-16)
(1.56427e-05 -3.14301e-05 2.39736e-15)
(1.44795e-05 -3.1214e-05 1.01848e-15)
(1.35162e-05 -3.15002e-05 3.8016e-16)
(1.2227e-05 -3.07647e-05 -6.66654e-16)
(1.16665e-05 -3.19915e-05 8.45867e-16)
(9.87978e-06 -2.94104e-05 6.25938e-16)
(1.06658e-05 -3.38719e-05 -3.25724e-17)
(7.2327e-06 -2.58659e-05 -1.99419e-16)
(1.12215e-05 -3.94659e-05 -3.09833e-16)
(3.67688e-06 -1.70895e-05 4.28242e-16)
(-0.00274811 -0.000810341 2.67507e-16)
(-0.00579248 -0.000993143 4.79554e-17)
(-0.00126715 -0.00108264 -2.31269e-16)
(0.000694374 -0.000939134 9.13844e-17)
(0.00281774 -0.000754959 2.5261e-16)
(0.00427462 -0.00059453 7.68264e-18)
(0.00487319 -0.000472089 1.77779e-17)
(0.00469745 -0.000355025 7.5762e-17)
(0.00382037 -0.000271963 3.73108e-16)
(0.00275545 -0.000313247 3.44598e-16)
(0.00102876 -0.000309618 -2.29421e-16)
(-0.000571418 -0.000370873 3.95376e-16)
(-0.000762043 -0.000395383 4.35985e-17)
(-0.000258747 -0.000407226 -2.65073e-18)
(-9.05104e-05 -0.000400759 -3.06302e-16)
(-8.52503e-05 -0.000403549 2.45214e-16)
(1.19933e-05 -0.000410091 3.26746e-16)
(5.43508e-05 -0.000395155 -1.40865e-16)
(9.70043e-05 -0.000374943 -4.84435e-16)
(0.000129299 -0.000351054 3.20967e-17)
(0.000152923 -0.000323976 -8.80101e-18)
(0.000167657 -0.000295043 1.69187e-17)
(0.000175735 -0.000264508 -1.44289e-16)
(0.00017833 -0.000233889 3.12908e-16)
(0.000177883 -0.000203355 -1.6736e-16)
(0.000175524 -0.000173392 -8.38449e-17)
(0.000171192 -0.000145812 -1.88878e-16)
(0.000164356 -0.000121794 4.95928e-17)
(0.000156114 -0.000101313 -6.60879e-18)
(0.000147022 -8.42635e-05 -4.72153e-17)
(0.00013775 -7.0382e-05 2.87231e-17)
(0.000128648 -5.93744e-05 -9.28124e-17)
(0.000119977 -5.07999e-05 2.64883e-16)
(0.000111939 -4.43539e-05 -2.35458e-18)
(0.000104561 -3.96055e-05 -1.82816e-16)
(9.79146e-05 -3.62732e-05 -1.17763e-16)
(9.19293e-05 -3.39367e-05 7.09004e-17)
(8.65944e-05 -3.24561e-05 1.59927e-16)
(8.18045e-05 -3.15348e-05 -2.92144e-17)
(7.75076e-05 -3.10369e-05 -3.12431e-16)
(7.36084e-05 -3.07977e-05 2.876e-16)
(7.00624e-05 -3.07248e-05 -1.43845e-15)
(6.68051e-05 -3.07527e-05 5.86296e-17)
(6.38077e-05 -3.08048e-05 -5.82323e-16)
(6.09933e-05 -3.08825e-05 -1.93824e-17)
(5.83514e-05 -3.09391e-05 9.4873e-16)
(5.58285e-05 -3.09834e-05 1.00442e-15)
(5.34436e-05 -3.09943e-05 1.86148e-16)
(5.11424e-05 -3.10057e-05 -2.23666e-16)
(4.89312e-05 -3.09946e-05 -8.72712e-17)
(4.67727e-05 -3.09892e-05 -4.91804e-16)
(4.46671e-05 -3.0955e-05 -2.50611e-17)
(4.25868e-05 -3.08744e-05 -5.10827e-16)
(4.05146e-05 -3.0738e-05 9.64275e-16)
(3.84173e-05 -3.05439e-05 4.67991e-16)
(3.6382e-05 -3.03647e-05 1.00917e-15)
(3.4376e-05 -3.01803e-05 -2.41014e-16)
(3.25003e-05 -3.00514e-05 3.02592e-16)
(3.06944e-05 -2.9929e-05 1.00362e-16)
(2.89288e-05 -2.98426e-05 1.61462e-16)
(2.71733e-05 -2.97799e-05 -2.57212e-15)
(2.54417e-05 -2.97265e-05 1.16271e-15)
(2.3768e-05 -2.97091e-05 5.65338e-16)
(2.21432e-05 -2.97321e-05 1.09708e-15)
(2.05934e-05 -2.97731e-05 -1.54323e-15)
(1.91273e-05 -2.98103e-05 -2.74627e-17)
(1.77114e-05 -2.97858e-05 -2.07351e-16)
(1.68224e-05 -3.03178e-05 -9.75371e-17)
(1.57792e-05 -3.011e-05 8.45504e-19)
(1.4723e-05 -3.00863e-05 -3.0704e-15)
(1.36379e-05 -2.98545e-05 -2.58278e-15)
(1.27029e-05 -3.01601e-05 2.59878e-16)
(1.15533e-05 -2.94143e-05 1.52566e-15)
(1.08755e-05 -3.06544e-05 -1.81549e-16)
(9.4928e-06 -2.80344e-05 7.56277e-16)
(9.73017e-06 -3.23907e-05 -1.6184e-15)
(7.46587e-06 -2.45546e-05 5.72357e-16)
(9.6966e-06 -3.75041e-05 6.99916e-17)
(0.00144967 -0.00096575 -4.87665e-17)
(-0.00201968 -0.00058655 -4.7407e-18)
(-0.00121601 -0.000650039 1.5569e-16)
(-0.000631786 -0.000620571 1.17038e-16)
(0.000698117 -0.000548631 -6.15819e-18)
(0.00229245 -0.000434407 -1.97667e-17)
(0.00357358 -0.000319506 7.63471e-18)
(0.00424239 -0.000238188 -1.06115e-17)
(0.0043057 -0.000189027 -8.32949e-17)
(0.00378637 -0.00017806 -1.79868e-16)
(0.002612 -0.000258651 1.86252e-16)
(0.000866491 -0.000361851 -4.40107e-17)
(-0.000461262 -0.000450828 -2.84309e-16)
(-0.000494138 -0.000448801 5.19987e-17)
(-0.000106599 -0.000319856 -2.05863e-17)
(-2.28158e-05 -0.000331794 3.56658e-16)
(-1.44763e-05 -0.000329918 1.2007e-16)
(-2.35843e-05 -0.000315537 -1.57348e-16)
(2.64254e-06 -0.000300934 -1.78608e-16)
(2.90341e-05 -0.000285232 -3.59688e-18)
(5.09621e-05 -0.00026911 -1.53115e-16)
(6.89062e-05 -0.000252566 2.30557e-16)
(8.39007e-05 -0.000234712 -1.11974e-17)
(9.58285e-05 -0.000216497 3.22178e-16)
(0.000105114 -0.000198278 -3.2869e-16)
(0.000111587 -0.000180715 -3.71685e-17)
(0.000115742 -0.000163601 7.95878e-17)
(0.000117726 -0.000147173 -1.22417e-16)
(0.000117956 -0.000131497 4.78363e-17)
(0.000116585 -0.000117105 -5.82079e-19)
(0.000114058 -0.0001039 4.06966e-17)
(0.000110573 -9.21352e-05 -2.35973e-18)
(0.000106483 -8.16699e-05 -6.53453e-17)
(0.000101958 -7.26736e-05 6.05814e-19)
(9.72545e-05 -6.49013e-05 -8.15876e-17)
(9.24933e-05 -5.84375e-05 2.90953e-16)
(8.78278e-05 -5.30463e-05 -2.51124e-16)
(8.33163e-05 -4.86806e-05 -3.98168e-18)
(7.9036e-05 -4.51309e-05 2.02384e-16)
(7.49899e-05 -4.23163e-05 7.65241e-16)
(7.12007e-05 -4.00701e-05 2.645e-16)
(6.76576e-05 -3.82934e-05 1.63888e-15)
(6.43643e-05 -3.68872e-05 -1.051e-16)
(6.12996e-05 -3.57538e-05 -2.21319e-16)
(5.84303e-05 -3.48449e-05 -1.3318e-16)
(5.57359e-05 -3.40802e-05 -1.75709e-16)
(5.31879e-05 -3.34628e-05 -1.31458e-15)
(5.07886e-05 -3.2929e-05 2.87004e-16)
(4.85005e-05 -3.24856e-05 -2.61625e-16)
(4.63219e-05 -3.21112e-05 -6.54209e-17)
(4.42113e-05 -3.18042e-05 2.77153e-16)
(4.21874e-05 -3.15521e-05 2.82205e-16)
(4.01975e-05 -3.12887e-05 3.23269e-16)
(3.82379e-05 -3.10366e-05 6.34085e-16)
(3.62805e-05 -3.07354e-05 1.71254e-16)
(3.43317e-05 -3.04054e-05 -9.73919e-16)
(3.24265e-05 -3.0096e-05 2.09971e-16)
(3.05751e-05 -2.97924e-05 1.18596e-15)
(2.88227e-05 -2.95676e-05 2.58699e-16)
(2.71174e-05 -2.93839e-05 -2.37165e-16)
(2.54518e-05 -2.92547e-05 1.13946e-15)
(2.38242e-05 -2.91638e-05 -1.00244e-15)
(2.22534e-05 -2.90967e-05 2.01165e-15)
(2.07302e-05 -2.90759e-05 -4.02079e-16)
(1.92894e-05 -2.90596e-05 -1.18408e-15)
(1.79349e-05 -2.90662e-05 -8.87482e-16)
(1.66197e-05 -2.90137e-05 2.24954e-16)
(1.57977e-05 -2.95268e-05 1.72942e-16)
(1.47817e-05 -2.93033e-05 -2.94011e-16)
(1.37964e-05 -2.92615e-05 -1.12161e-15)
(1.27848e-05 -2.89814e-05 -7.70423e-16)
(1.19149e-05 -2.92928e-05 6.43459e-17)
(1.08459e-05 -2.8514e-05 3.42946e-16)
(1.02099e-05 -2.97549e-05 -6.38292e-16)
(9.00337e-06 -2.71009e-05 -2.06273e-15)
(9.07077e-06 -3.13749e-05 -1.87624e-15)
(7.24902e-06 -2.36676e-05 -1.34522e-17)
(-0.000404543 -0.000536908 8.84847e-17)
(-0.000680245 -0.000484184 -5.1223e-19)
(-0.000838963 -0.00051448 6.94102e-17)
(-0.000846837 -0.00050245 -2.24159e-17)
(-0.000376036 -0.000459357 -1.39795e-17)
(0.000626632 -0.000374759 1.38949e-18)
(0.00192441 -0.000256011 -7.83597e-17)
(0.00305007 -0.00013263 1.42998e-17)
(0.00371678 -3.07755e-05 2.26183e-17)
(0.00384525 2.93502e-05 3.03036e-16)
(0.00342864 3.5746e-05 6.97168e-17)
(0.00236179 -9.55284e-06 1.5518e-16)
(0.000756775 -0.000151736 1.28145e-16)
(-0.000393551 -0.000692664 2.20659e-16)
(-0.000564979 -0.000247693 8.23548e-17)
(-0.000691782 0.000243044 -2.86507e-17)
(2.85165e-05 -0.000248197 -8.61084e-17)
(-0.00010776 -0.000189103 1.00406e-16)
(-9.80989e-05 -0.000206737 3.44085e-16)
(-7.30728e-05 -0.000205447 1.3637e-16)
(-4.27608e-05 -0.000202221 9.84564e-17)
(-1.9573e-05 -0.000197745 -2.76065e-17)
(-7.96568e-07 -0.00019178 -2.98932e-16)
(1.56604e-05 -0.00018455 1.53854e-18)
(3.01427e-05 -0.000175735 8.04367e-17)
(4.26364e-05 -0.000166239 1.13598e-16)
(5.3218e-05 -0.000156099 1.55693e-16)
(6.18393e-05 -0.000145854 6.09412e-18)
(6.86401e-05 -0.000135425 -2.54698e-16)
(7.37132e-05 -0.000125152 1.77359e-16)
(7.7277e-05 -0.000114985 -6.97917e-17)
(7.94532e-05 -0.000105346 -3.37206e-17)
(8.04663e-05 -9.61352e-05 1.63351e-17)
(8.0453e-05 -8.76466e-05 9.58327e-18)
(7.96403e-05 -7.98163e-05 -9.02032e-17)
(7.81566e-05 -7.28041e-05 2.38031e-17)
(7.62074e-05 -6.64927e-05 2.11592e-17)
(7.38883e-05 -6.09897e-05 1.59772e-16)
(7.13602e-05 -5.61721e-05 2.47115e-17)
(6.86773e-05 -5.20376e-05 -1.34648e-16)
(6.59456e-05 -4.84936e-05 -1.11835e-16)
(6.31956e-05 -4.54913e-05 -5.06089e-16)
(6.05045e-05 -4.29568e-05 -1.79994e-16)
(5.78851e-05 -4.08085e-05 -2.84855e-16)
(5.53532e-05 -3.9011e-05 3.41455e-16)
(5.2907e-05 -3.74899e-05 -2.20025e-16)
(5.05494e-05 -3.62095e-05 3.04834e-16)
(4.82945e-05 -3.51168e-05 2.40124e-16)
(4.61237e-05 -3.42102e-05 -1.84206e-16)
(4.40416e-05 -3.34373e-05 -4.92721e-16)
(4.20222e-05 -3.27992e-05 5.84633e-16)
(4.0074e-05 -3.22581e-05 1.69031e-16)
(3.81887e-05 -3.18088e-05 4.55274e-16)
(3.63277e-05 -3.1382e-05 -1.21682e-15)
(3.4501e-05 -3.09654e-05 -7.13339e-16)
(3.26543e-05 -3.05357e-05 9.29087e-16)
(3.08267e-05 -3.0085e-05 -1.72725e-16)
(2.90414e-05 -2.96554e-05 -1.71755e-15)
(2.73037e-05 -2.9265e-05 7.02184e-16)
(2.56258e-05 -2.8997e-05 5.88094e-16)
(2.4017e-05 -2.87943e-05 1.59212e-15)
(2.24833e-05 -2.86201e-05 -4.35507e-16)
(2.09962e-05 -2.84959e-05 -3.33388e-15)
(1.95559e-05 -2.84191e-05 -1.01702e-15)
(1.81924e-05 -2.83565e-05 1.27665e-15)
(1.68958e-05 -2.83271e-05 -4.63676e-16)
(1.56754e-05 -2.82634e-05 4.64371e-16)
(1.49029e-05 -2.87885e-05 -8.87511e-16)
(1.39406e-05 -2.85236e-05 8.90859e-16)
(1.30022e-05 -2.84483e-05 1.72186e-15)
(1.2043e-05 -2.81391e-05 2.27275e-15)
(1.12154e-05 -2.84479e-05 5.14272e-17)
(1.02234e-05 -2.76368e-05 2.77309e-16)
(9.64935e-06 -2.88767e-05 1.17113e-15)
(8.50832e-06 -2.61828e-05 -1.42968e-15)
(8.57484e-06 -3.04099e-05 9.72913e-16)
(-0.000556474 -0.000385988 2.25348e-17)
(0.000610657 -0.000251437 -1.27821e-17)
(-0.000270473 -0.000338092 -4.53867e-17)
(-0.000553995 -0.000346481 -4.52425e-17)
(-0.000632804 -0.000347551 -6.92623e-19)
(-0.000293388 -0.000316914 -5.65309e-17)
(0.00050691 -0.000255095 6.57385e-17)
(0.00159929 -0.000165307 -3.78217e-17)
(0.00262008 -6.91098e-05 -1.9263e-16)
(0.0033045 1.00202e-05 -2.61821e-16)
(0.00353125 5.94728e-05 -1.49809e-16)
(0.00320924 6.97022e-05 1.66908e-16)
(0.002034 -7.31839e-07 6.85144e-17)
(5.02248e-05 -8.0443e-05 -1.36471e-16)
(0.000505798 -0.000365334 -1.15007e-16)
(-0.000772615 -0.000315489 -1.20601e-16)
(-0.000421328 8.25276e-05 2.47457e-18)
(1.69731e-05 -0.000174342 5.68822e-17)
(-0.00010126 -0.000123356 -7.69957e-17)
(-0.000103937 -0.00013868 -9.00391e-17)
(-8.74675e-05 -0.000139327 -1.3091e-16)
(-6.11039e-05 -0.000140001 -3.31736e-16)
(-4.13136e-05 -0.000139602 2.14794e-16)
(-2.575e-05 -0.000138622 -1.5852e-16)
(-1.1556e-05 -0.000136302 7.41109e-17)
(1.67337e-06 -0.000133138 5.2248e-17)
(1.35795e-05 -0.000129088 -2.73168e-17)
(2.40464e-05 -0.000124599 -9.84562e-18)
(3.30957e-05 -0.00011944 2.63694e-18)
(4.07508e-05 -0.000114071 3.34275e-17)
(4.70816e-05 -0.000108242 2.32883e-17)
(5.21354e-05 -0.000102322 -1.5622e-17)
(5.60365e-05 -9.61478e-05 2.85642e-18)
(5.88484e-05 -9.00538e-05 -1.13516e-17)
(6.07293e-05 -8.39371e-05 -5.58043e-17)
(6.17554e-05 -7.8098e-05 -9.95144e-17)
(6.20949e-05 -7.24865e-05 2.9938e-17)
(6.1818e-05 -6.72771e-05 8.76026e-17)
(6.10829e-05 -6.24364e-05 -1.55197e-16)
(5.99365e-05 -5.80636e-05 1.16886e-17)
(5.8504e-05 -5.41179e-05 2.59197e-17)
(5.68283e-05 -5.06252e-05 -1.26859e-16)
(5.50178e-05 -4.75384e-05 -1.347e-16)
(5.31047e-05 -4.48424e-05 -1.11353e-16)
(5.11457e-05 -4.24929e-05 3.98539e-16)
(4.91546e-05 -4.0445e-05 -7.69835e-17)
(4.71631e-05 -3.86889e-05 6.2368e-17)
(4.51936e-05 -3.71664e-05 1.28538e-16)
(4.32572e-05 -3.58683e-05 -1.64523e-16)
(4.13644e-05 -3.47565e-05 -2.62074e-17)
(3.95031e-05 -3.38238e-05 6.91459e-17)
(3.7693e-05 -3.30266e-05 8.33088e-17)
(3.59223e-05 -3.23478e-05 -3.8252e-16)
(3.42036e-05 -3.17678e-05 2.32041e-16)
(3.24856e-05 -3.12195e-05 1.36556e-16)
(3.07838e-05 -3.06949e-05 -9.13827e-16)
(2.90671e-05 -3.01464e-05 1.46195e-16)
(2.73596e-05 -2.95977e-05 9.22737e-16)
(2.56787e-05 -2.91273e-05 -4.57349e-16)
(2.40698e-05 -2.87092e-05 -7.42263e-17)
(2.25523e-05 -2.83751e-05 -1.33774e-15)
(2.11027e-05 -2.81338e-05 -8.70165e-18)
(1.97016e-05 -2.79616e-05 3.07235e-15)
(1.83497e-05 -2.784e-05 1.31849e-15)
(1.70409e-05 -2.7721e-05 -1.71785e-15)
(1.58206e-05 -2.76424e-05 1.06818e-15)
(1.46903e-05 -2.75461e-05 -5.54055e-16)
(1.39803e-05 -2.80709e-05 -4.58685e-16)
(1.30936e-05 -2.78e-05 6.21077e-16)
(1.21948e-05 -2.77029e-05 2.57445e-15)
(1.12957e-05 -2.73463e-05 8.78565e-16)
(1.05131e-05 -2.76478e-05 7.71907e-17)
(9.60134e-06 -2.68006e-05 -1.3586e-16)
(9.06583e-06 -2.80475e-05 -8.67335e-16)
(0.000107637 -0.000196014 6.89762e-18)
(0.000507962 -0.000196938 1.06044e-18)
(8.42079e-05 -0.000235653 -1.22847e-17)
(-0.000228332 -0.000249766 -1.62821e-17)
(-0.000513423 -0.00026152 -4.29589e-17)
(-0.000586885 -0.000256238 2.92775e-17)
(-0.000316095 -0.000230752 -1.01657e-17)
(0.000359501 -0.000179526 1.50067e-18)
(0.00132351 -0.000102866 -9.6983e-17)
(0.00227945 -1.8541e-05 -1.46979e-16)
(0.00297553 5.22518e-05 4.31223e-17)
(0.00329604 0.000100369 -2.763e-17)
(0.00311614 0.000110754 -6.0693e-17)
(0.00221558 4.19283e-05 -1.20876e-16)
(-0.000414543 -0.000100908 -1.21101e-17)
(0.000226758 -8.69007e-05 2.82229e-17)
(-0.000317711 -0.000193168 2.38138e-17)
(-0.000219064 -0.000152343 -3.50494e-18)
(-5.34218e-05 -0.000120447 -1.46332e-17)
(-6.21323e-05 -0.000117215 -7.55854e-17)
(-8.24355e-05 -0.00011981 1.77679e-18)
(-7.34196e-05 -0.000120747 9.29502e-17)
(-5.29117e-05 -0.000119599 7.19561e-17)
(-3.67813e-05 -0.000118148 -2.67505e-16)
(-2.50208e-05 -0.000116368 1.32562e-16)
(-1.43954e-05 -0.000114309 1.34053e-17)
(-4.1863e-06 -0.000111671 -3.62598e-17)
(5.23017e-06 -0.000108956 1.46478e-17)
(1.36179e-05 -0.000106023 9.24543e-17)
(2.10383e-05 -0.000102923 -9.22835e-17)
(2.75402e-05 -9.94203e-05 5.54876e-17)
(3.31549e-05 -9.5676e-05 -1.90258e-18)
(3.79152e-05 -9.15286e-05 -5.40514e-17)
(4.18322e-05 -8.72432e-05 -8.98594e-19)
(4.497e-05 -8.2742e-05 -3.22665e-17)
(4.73485e-05 -7.82388e-05 -2.5396e-17)
(4.90684e-05 -7.36865e-05 4.94464e-17)
(5.01542e-05 -6.92939e-05 4.72797e-17)
(5.07191e-05 -6.50248e-05 1.51609e-16)
(5.07858e-05 -6.10108e-05 -8.18211e-17)
(5.04618e-05 -5.72323e-05 -6.36928e-17)
(4.97728e-05 -5.37593e-05 -1.46441e-16)
(4.883e-05 -5.05699e-05 6.03441e-17)
(4.76635e-05 -4.76806e-05 1.97341e-16)
(4.63455e-05 -4.5081e-05 -5.78402e-19)
(4.4889e-05 -4.27657e-05 -1.33695e-16)
(4.33449e-05 -4.07141e-05 5.33134e-17)
(4.17428e-05 -3.89036e-05 4.84039e-16)
(4.01123e-05 -3.73315e-05 -5.22269e-17)
(3.84713e-05 -3.5958e-05 -3.36685e-16)
(3.68243e-05 -3.47804e-05 -3.60794e-16)
(3.51923e-05 -3.37599e-05 1.10803e-16)
(3.35752e-05 -3.28909e-05 -4.35734e-16)
(3.19816e-05 -3.21356e-05 -4.14118e-17)
(3.04106e-05 -3.14683e-05 3.01152e-17)
(2.88298e-05 -3.084e-05 1.50834e-15)
(2.7246e-05 -3.02237e-05 -1.19132e-17)
(2.56637e-05 -2.96035e-05 -1.03133e-15)
(2.41012e-05 -2.89815e-05 -4.2195e-16)
(2.26008e-05 -2.84575e-05 1.61386e-17)
(2.11531e-05 -2.8029e-05 -1.93091e-15)
(1.97906e-05 -2.76924e-05 6.86752e-17)
(1.84758e-05 -2.74492e-05 -1.48654e-15)
(1.71823e-05 -2.728e-05 -4.10369e-16)
(1.59528e-05 -2.71169e-05 6.42834e-17)
(1.48027e-05 -2.69758e-05 1.66776e-16)
(1.37299e-05 -2.68566e-05 1.87931e-16)
(1.30846e-05 -2.7387e-05 9.68385e-16)
(1.2235e-05 -2.70817e-05 -1.43897e-15)
(1.14127e-05 -2.69684e-05 -1.17409e-15)
(1.05586e-05 -2.65797e-05 3.4721e-17)
(9.81979e-06 -2.68713e-05 -5.81176e-16)
(0.000164904 -0.000150151 5.10158e-18)
(0.00042738 -0.00015388 4.15157e-17)
(0.000380391 -0.000165185 -8.22357e-17)
(0.000169897 -0.000178008 -7.4898e-17)
(-0.000160356 -0.000196493 3.52846e-17)
(-0.000458693 -0.000209863 2.5528e-18)
(-0.000580107 -0.000213116 -1.19013e-17)
(-0.00039216 -0.00019739 6.48998e-18)
(0.00017171 -0.000155431 9.82959e-17)
(0.00103102 -8.69706e-05 9.61551e-17)
(0.00194024 -6.95979e-06 -8.80193e-17)
(0.00266189 6.55267e-05 -8.25589e-17)
(0.00301686 0.000111201 -2.02936e-17)
(0.00280729 0.00010428 1.74572e-17)
(0.00235714 7.79983e-05 -4.45972e-17)
(0.000538089 -2.68288e-05 -5.63125e-17)
(-0.000285016 -0.000154961 8.11802e-17)
(-0.000472472 -0.00016966 2.42223e-17)
(-0.000270431 -0.000145927 -1.64074e-16)
(-8.12411e-05 -0.000122138 -6.75289e-17)
(-5.23016e-05 -0.000115402 4.8296e-17)
(-6.89923e-05 -0.000116776 3.2279e-17)
(-6.64781e-05 -0.000117197 -4.91369e-17)
(-4.99207e-05 -0.00011537 1.90192e-16)
(-3.5072e-05 -0.000112352 -3.03184e-17)
(-2.44206e-05 -0.000109224 -9.70832e-17)
(-1.53216e-05 -0.000106017 -5.34042e-17)
(-6.66609e-06 -0.000102956 1.13395e-17)
(1.30999e-06 -9.98938e-05 -1.36493e-17)
(8.42723e-06 -9.69398e-05 -1.66626e-16)
(1.47368e-05 -9.3814e-05 -1.79095e-17)
(2.03067e-05 -9.0659e-05 2.91521e-17)
(2.51911e-05 -8.72992e-05 7.05492e-17)
(2.93867e-05 -8.38974e-05 1.49984e-17)
(3.29533e-05 -8.02793e-05 -2.23642e-17)
(3.58872e-05 -7.66397e-05 -2.32925e-17)
(3.82657e-05 -7.28921e-05 -5.14646e-17)
(4.00839e-05 -6.91844e-05 -5.29258e-17)
(4.14282e-05 -6.54842e-05 -3.54667e-17)
(4.22899e-05 -6.19321e-05 2.63965e-17)
(4.27522e-05 -5.84912e-05 1.46637e-17)
(4.28175e-05 -5.52563e-05 -7.54377e-17)
(4.25798e-05 -5.2197e-05 -6.65592e-17)
(4.20579e-05 -4.93751e-05 -1.42045e-16)
(4.13233e-05 -4.67556e-05 -6.34438e-17)
(4.03835e-05 -4.43627e-05 2.40598e-17)
(3.92943e-05 -4.21948e-05 7.9908e-17)
(3.80814e-05 -4.02417e-05 2.92111e-16)
(3.67892e-05 -3.84985e-05 -1.65004e-16)
(3.5437e-05 -3.6952e-05 2.46554e-17)
(3.40381e-05 -3.56022e-05 1.73536e-16)
(3.26179e-05 -3.44166e-05 1.10421e-16)
(3.11831e-05 -3.33899e-05 2.11768e-16)
(2.97567e-05 -3.24878e-05 4.93776e-16)
(2.83326e-05 -3.16943e-05 8.69601e-17)
(2.69035e-05 -3.09854e-05 -2.73583e-16)
(2.54923e-05 -3.02751e-05 -2.41975e-17)
(2.40651e-05 -2.95631e-05 6.39692e-16)
(2.26573e-05 -2.88987e-05 2.03182e-16)
(2.12546e-05 -2.82627e-05 1.59669e-17)
(1.99267e-05 -2.77127e-05 1.48544e-15)
(1.86248e-05 -2.72809e-05 8.31042e-17)
(1.73569e-05 -2.69997e-05 -9.35108e-16)
(1.61035e-05 -2.67755e-05 -3.85301e-16)
(1.49364e-05 -2.65434e-05 9.31663e-16)
(1.38385e-05 -2.6356e-05 -9.13338e-17)
(1.2821e-05 -2.61857e-05 -2.28292e-16)
(1.22136e-05 -2.67143e-05 -7.64271e-16)
(1.14257e-05 -2.63922e-05 2.06222e-16)
(0.00011476 -0.0001411 2.90385e-17)
(0.000251622 -0.00014148 -4.16933e-17)
(0.000436317 -0.000137502 1.97027e-17)
(0.000450691 -0.000150404 6.52179e-17)
(0.000283595 -0.000162523 -2.30137e-17)
(-4.79895e-05 -0.000185536 -4.8845e-18)
(-0.000378159 -0.000206196 -2.22522e-18)
(-0.000561201 -0.000217067 -3.45368e-18)
(-0.000466632 -0.000207864 7.14075e-17)
(-1.73186e-05 -0.00017136 1.2991e-16)
(0.000739914 -0.000106893 1.26195e-16)
(0.00160539 -2.69471e-05 4.51841e-17)
(0.00234934 4.97665e-05 4.65287e-17)
(0.00275904 0.000102317 7.11693e-17)
(0.002547 0.0001 1.25423e-17)
(0.00204092 5.72179e-05 8.95476e-18)
(0.000986677 -6.00145e-06 1.20681e-17)
(-8.20679e-05 -0.000116856 -2.77828e-17)
(-0.000465409 -0.000157534 -3.39439e-17)
(-0.000315881 -0.000140789 1.01023e-16)
(-0.00011672 -0.000115953 4.88667e-17)
(-5.52598e-05 -0.000106721 -6.77362e-18)
(-6.31091e-05 -0.000107345 6.07348e-19)
(-6.51562e-05 -0.000108256 1.67027e-16)
(-5.23851e-05 -0.000106326 -1.13219e-16)
(-3.80102e-05 -0.000103211 -7.70751e-18)
(-2.72411e-05 -0.000100179 4.0278e-17)
(-1.85119e-05 -9.75216e-05 -2.69135e-17)
(-1.04553e-05 -9.48306e-05 -8.31142e-18)
(-3.02374e-06 -9.21353e-05 1.13807e-16)
(3.59141e-06 -8.93922e-05 7.30904e-18)
(9.41458e-06 -8.66653e-05 1.98804e-18)
(1.45529e-05 -8.37722e-05 1.44512e-17)
(1.90498e-05 -8.08193e-05 -1.74746e-17)
(2.29583e-05 -7.76985e-05 -9.56472e-18)
(2.62859e-05 -7.45452e-05 -1.35506e-17)
(2.90981e-05 -7.12699e-05 -7.15886e-18)
(3.13939e-05 -6.80527e-05 3.39793e-17)
(3.3242e-05 -6.48115e-05 -1.66451e-18)
(3.46358e-05 -6.16823e-05 1.26713e-18)
(3.56408e-05 -5.86015e-05 -2.68715e-18)
(3.62502e-05 -5.56712e-05 -6.13141e-17)
(3.65444e-05 -5.28442e-05 -3.82481e-17)
(3.65344e-05 -5.01774e-05 -9.4487e-17)
(3.62879e-05 -4.7653e-05 -8.50335e-17)
(3.58027e-05 -4.5313e-05 4.29946e-17)
(3.51323e-05 -4.31343e-05 4.01488e-17)
(3.42961e-05 -4.11404e-05 -3.06205e-16)
(3.33435e-05 -3.93266e-05 -1.25315e-16)
(3.22902e-05 -3.7689e-05 -6.08045e-17)
(3.11617e-05 -3.62275e-05 9.24671e-17)
(2.99775e-05 -3.49248e-05 1.47906e-17)
(2.8758e-05 -3.37802e-05 6.08464e-17)
(2.75277e-05 -3.27608e-05 2.24867e-16)
(2.62729e-05 -3.18719e-05 -1.27777e-16)
(2.50355e-05 -3.10407e-05 -5.37569e-17)
(2.37906e-05 -3.02671e-05 -7.39176e-18)
(2.25436e-05 -2.95181e-05 6.75701e-16)
(2.12828e-05 -2.87562e-05 3.56801e-17)
(2.0033e-05 -2.80544e-05 -9.59683e-17)
(1.87607e-05 -2.74346e-05 -1.66578e-17)
(1.75009e-05 -2.69545e-05 3.64082e-17)
(1.62484e-05 -2.65914e-05 1.75398e-15)
(1.5077e-05 -2.63045e-05 4.69133e-16)
(1.39658e-05 -2.60041e-05 1.30527e-15)
(1.2938e-05 -2.57526e-05 -1.99381e-16)
(0.00013061 -0.000137856 4.13669e-18)
(0.000147318 -0.000130547 1.5814e-17)
(0.00022788 -0.000123983 4.28697e-17)
(0.000355928 -0.000127585 -4.63479e-18)
(0.00069984 -0.000103072 -1.8531e-17)
(0.000421321 -0.000148777 -8.65563e-18)
(0.000135179 -0.000168341 9.0938e-18)
(-0.000229678 -0.000199106 2.84395e-18)
(-0.000486814 -0.000218739 -6.17235e-17)
(-0.000497805 -0.000218014 -8.50576e-17)
(-0.000176389 -0.000189364 -4.20422e-17)
(0.000457631 -0.000132503 2.34532e-17)
(0.00126138 -5.58323e-05 -5.89176e-18)
(0.00200706 2.25591e-05 -4.71101e-17)
(0.00249878 8.61574e-05 -3.26634e-18)
(0.0025024 0.000115526 -9.80122e-18)
(0.00199159 7.94401e-05 -3.60671e-20)
(0.00102481 -4.40644e-06 6.33782e-17)
(3.51904e-05 -0.000100649 9.67013e-17)
(-0.000426853 -0.000149487 8.50779e-18)
(-0.000355975 -0.000141643 -6.38738e-17)
(-0.000154331 -0.000117342 1.04153e-16)
(-6.39359e-05 -0.000104475 3.61115e-17)
(-5.77491e-05 -0.000102539 -1.95687e-16)
(-6.29868e-05 -0.000102424 2.71653e-17)
(-5.432e-05 -0.000100318 1.04898e-16)
(-4.10045e-05 -9.69719e-05 1.23668e-17)
(-3.01051e-05 -9.36969e-05 -2.60562e-20)
(-2.15649e-05 -9.07012e-05 9.61383e-18)
(-1.39661e-05 -8.79587e-05 6.98104e-17)
(-6.97548e-06 -8.52583e-05 -3.07391e-17)
(-7.17198e-07 -8.26607e-05 9.3115e-18)
(4.79983e-06 -8.00071e-05 -7.02144e-17)
(9.64563e-06 -7.73944e-05 -2.16755e-18)
(1.38965e-05 -7.46612e-05 -1.0171e-17)
(1.75772e-05 -7.19391e-05 -7.48626e-18)
(2.07474e-05 -6.91163e-05 -9.78489e-18)
(2.34222e-05 -6.63167e-05 8.72801e-18)
(2.56629e-05 -6.34689e-05 -1.33472e-17)
(2.74694e-05 -6.07009e-05 -7.30102e-18)
(2.88965e-05 -5.79469e-05 9.67125e-18)
(2.9938e-05 -5.53049e-05 -4.62809e-17)
(3.066e-05 -5.27168e-05 -3.11949e-17)
(3.10725e-05 -5.02653e-05 -7.63736e-18)
(3.12376e-05 -4.78967e-05 5.64033e-17)
(3.11528e-05 -4.5669e-05 -2.51046e-17)
(3.08656e-05 -4.35616e-05 2.36504e-17)
(3.03875e-05 -4.16017e-05 1.65826e-16)
(2.97695e-05 -3.97806e-05 -7.33487e-17)
(2.9024e-05 -3.81127e-05 -1.92147e-16)
(2.81759e-05 -3.65983e-05 1.15326e-16)
(2.72473e-05 -3.52296e-05 8.82803e-18)
(2.62663e-05 -3.40007e-05 -2.63522e-16)
(2.52401e-05 -3.29096e-05 -5.36963e-16)
(2.41909e-05 -3.19135e-05 3.73168e-16)
(2.31387e-05 -3.1013e-05 2.04555e-16)
(2.20585e-05 -3.01575e-05 2.23447e-17)
(2.09876e-05 -2.93408e-05 -1.26009e-16)
(1.98617e-05 -2.85699e-05 2.93351e-17)
(1.87041e-05 -2.78445e-05 -4.62682e-17)
(1.75029e-05 -2.71928e-05 -1.04391e-15)
(1.63341e-05 -2.66479e-05 4.81835e-16)
(0.000202404 -0.000149235 8.97348e-18)
(0.000670491 -0.00019374 -1.20163e-17)
(-0.000370918 -0.000186128 -1.32647e-17)
(0.000268227 -1.19169e-05 -1.37192e-17)
(0.000689374 -0.000102097 1.41141e-18)
(0.000334387 -0.000157531 1.21578e-17)
(0.00070354 -0.000123662 -2.57479e-17)
(0.000291858 -0.00016927 -2.6818e-17)
(-5.68735e-05 -0.00019654 -1.67859e-17)
(-0.000369681 -0.000220843 -5.73175e-17)
(-0.000484336 -0.000226862 -4.78778e-17)
(-0.000298644 -0.000206945 -6.33353e-17)
(0.000204791 -0.000158471 -1.32227e-17)
(0.000925005 -8.67031e-05 2.8392e-17)
(0.00165035 -7.71947e-06 3.11187e-17)
(0.00218162 5.95117e-05 -2.23189e-18)
(0.00232986 9.6237e-05 2.1581e-17)
(0.00195668 7.79683e-05 -7.08905e-17)
(0.0011162 8.24547e-06 -1.81574e-17)
(0.000172257 -8.23747e-05 -2.25975e-17)
(-0.000369256 -0.000139167 4.59557e-17)
(-0.00038085 -0.000140011 -1.27814e-17)
(-0.000201351 -0.000112891 -7.98493e-17)
(-7.59931e-05 -9.96048e-05 2.62969e-17)
(-6.00923e-05 -9.78224e-05 1.18442e-17)
(-6.2612e-05 -9.71912e-05 -1.05586e-16)
(-5.75891e-05 -9.55164e-05 -8.82559e-19)
(-4.53113e-05 -9.21008e-05 1.45533e-17)
(-3.40868e-05 -8.8509e-05 1.43539e-17)
(-2.5432e-05 -8.52983e-05 -2.3714e-17)
(-1.8064e-05 -8.23172e-05 3.6759e-17)
(-1.13364e-05 -7.95676e-05 -1.18313e-17)
(-5.29548e-06 -7.69215e-05 5.85648e-17)
(2.66886e-08 -7.43968e-05 2.18126e-17)
(4.69744e-06 -7.18393e-05 -1.99115e-20)
(8.7935e-06 -6.93049e-05 -8.66173e-18)
(1.2374e-05 -6.66939e-05 -5.07064e-18)
(1.54671e-05 -6.41537e-05 4.27925e-18)
(1.81054e-05 -6.15893e-05 -7.12379e-18)
(2.03236e-05 -5.91232e-05 5.53454e-18)
(2.21547e-05 -5.66666e-05 5.60458e-18)
(2.36041e-05 -5.43128e-05 -3.32145e-17)
(2.47242e-05 -5.19844e-05 -1.95222e-17)
(2.55327e-05 -4.97501e-05 -6.16324e-17)
(2.60866e-05 -4.75634e-05 9.18616e-17)
(2.63869e-05 -4.54846e-05 1.24291e-17)
(2.64732e-05 -4.34791e-05 5.14713e-17)
(2.63529e-05 -4.15988e-05 9.01552e-17)
(2.60687e-05 -3.98276e-05 -6.15445e-17)
(2.56337e-05 -3.81932e-05 -1.99838e-17)
(2.5086e-05 -3.6678e-05 2.29115e-16)
(2.44324e-05 -3.52771e-05 3.19366e-16)
(2.36961e-05 -3.40215e-05 -1.92835e-17)
(2.28988e-05 -3.28725e-05 2.20512e-16)
(2.20658e-05 -3.1822e-05 2.24822e-16)
(2.11706e-05 -3.08449e-05 4.69679e-17)
(2.0288e-05 -2.99488e-05 1.99951e-17)
(0.000240071 -0.000149448 -1.19855e-18)
(0.000179096 -0.000139881 1.57835e-19)
(-0.000170936 -9.36798e-05 -5.76949e-18)
(0.000507948 -0.000137798 1.91979e-18)
(6.20785e-05 -0.00018227 -5.38312e-18)
(0.000712398 -4.00726e-05 -9.63496e-18)
(0.00056232 -0.000124724 -3.27073e-18)
(0.000725253 -0.00011227 -1.86656e-18)
(0.000522261 -0.000136904 -1.13826e-17)
(0.000149554 -0.000169633 2.63326e-17)
(-0.000205009 -0.000197723 6.98217e-17)
(-0.000416434 -0.000212679 5.4994e-17)
(-0.000364609 -0.000204382 5.45844e-18)
(3.41123e-08 -0.000167966 8.26312e-18)
(0.000617628 -0.000105378 -2.2731e-17)
(0.00130949 -2.95869e-05 3.88676e-18)
(0.00186844 3.93941e-05 -3.19214e-17)
(0.00210412 8.07499e-05 2.02488e-17)
(0.00187643 7.6583e-05 3.4685e-17)
(0.00119227 2.23786e-05 1.60956e-17)
(0.000346467 -5.93865e-05 -1.32617e-17)
(-0.000196942 -0.000143832 -5.07698e-17)
(-0.000595296 -0.000160292 1.63563e-17)
(-0.000212643 -8.3441e-05 -3.85393e-17)
(-0.000105077 -0.000108004 -6.96608e-17)
(-5.85077e-05 -9.26172e-05 1.025e-16)
(-6.59926e-05 -9.30185e-05 -3.42309e-17)
(-6.28737e-05 -9.07673e-05 -1.64901e-17)
(-5.17717e-05 -8.71941e-05 -2.33354e-18)
(-4.00492e-05 -8.30757e-05 -2.6746e-17)
(-3.08525e-05 -7.94269e-05 -6.94504e-17)
(-2.33487e-05 -7.63653e-05 3.26647e-17)
(-1.66277e-05 -7.36041e-05 1.46539e-17)
(-1.0568e-05 -7.10313e-05 -1.27982e-17)
(-5.21719e-06 -6.8492e-05 2.27449e-18)
(-5.30344e-07 -6.60583e-05 -3.51006e-18)
(3.58457e-06 -6.36353e-05 -1.08532e-18)
(7.14967e-06 -6.13567e-05 -8.70954e-19)
(1.02928e-05 -5.90883e-05 -2.36968e-18)
(1.29729e-05 -5.68803e-05 -9.48377e-18)
(1.52477e-05 -5.47183e-05 -5.90965e-18)
(1.71335e-05 -5.26356e-05 -3.63498e-17)
(1.86817e-05 -5.05634e-05 -2.96088e-17)
(1.98995e-05 -4.85746e-05 -5.25904e-17)
(2.08558e-05 -4.65986e-05 1.32518e-16)
(2.15477e-05 -4.47022e-05 -3.31428e-17)
(2.20174e-05 -4.28577e-05 7.31567e-17)
(2.22536e-05 -4.11168e-05 1.36086e-16)
(2.23138e-05 -3.94574e-05 -6.98257e-17)
(2.21918e-05 -3.78805e-05 -2.62417e-16)
(0.000274437 -0.000149879 -1.68678e-17)
(0.000257338 -0.000140695 2.42924e-18)
(0.00027121 -0.000130635 -1.46761e-17)
(0.000176478 -0.000113349 -6.96724e-17)
(0.000177139 -0.000104136 -5.1273e-17)
(0.000143786 -0.000114377 1.8809e-17)
(0.000364712 -0.000101855 -2.06616e-18)
(0.000643987 -9.50569e-05 -1.80734e-17)
(0.000781934 -9.87348e-05 9.85814e-18)
(0.000664856 -0.000116863 5.16167e-17)
(0.000348165 -0.000145698 7.97979e-18)
(-2.93859e-05 -0.000176627 -4.90497e-17)
(-0.0003164 -0.000198455 -2.69723e-19)
(-0.000383195 -0.000200461 -2.06829e-17)
(-0.000153152 -0.000175475 -3.99234e-17)
(0.000351484 -0.000123019 -8.126e-18)
(0.000988398 -5.33997e-05 4.25493e-17)
(0.0015581 1.51422e-05 1.64116e-17)
(0.00186819 6.2532e-05 -8.18152e-17)
(0.0017677 6.94011e-05 -7.50347e-17)
(0.00123896 3.09629e-05 1.48049e-17)
(0.000385902 -3.98611e-05 8.43638e-17)
(-0.000184528 -0.000118858 -4.10632e-17)
(-0.000582145 -0.000200168 -4.15124e-17)
(-0.000118569 -0.000105792 1.05353e-16)
(-0.00014356 -0.000117193 -4.88821e-17)
(-6.51333e-05 -8.94072e-05 -5.68445e-17)
(-6.58459e-05 -8.66428e-05 5.31117e-18)
(-6.74422e-05 -8.37684e-05 -4.05541e-18)
(-5.78528e-05 -7.98396e-05 -5.61213e-17)
(-4.57839e-05 -7.57399e-05 2.10093e-17)
(-3.59306e-05 -7.2312e-05 3.83044e-19)
(-2.81244e-05 -6.94759e-05 -3.03343e-17)
(-2.12882e-05 -6.69979e-05 1.32342e-17)
(-1.51794e-05 -6.46194e-05 1.95436e-17)
(-9.75993e-06 -6.23338e-05 3.01992e-17)
(-5.04449e-06 -6.01738e-05 -1.156e-17)
(-9.17442e-07 -5.79929e-05 8.6049e-18)
)
;

boundaryField
{
    inlet
    {
        type            calculated;
        value           nonuniform List<vector> 
11
(
(-0.0258837 0.417422 -1.23638e-16)
(9.37621e-06 0.425206 3.06288e-16)
(7.45827e-06 0.425649 5.72424e-16)
(7.86001e-06 0.434345 -1.43849e-15)
(8.15597e-06 0.441536 2.64201e-16)
(8.06836e-06 0.44456 2.49049e-15)
(7.76342e-06 0.445863 -2.66535e-15)
(7.36109e-06 0.451642 -7.81507e-16)
(6.8915e-06 0.468931 1.89288e-15)
(0.0192548 0.537274 -7.68205e-16)
(2.19271e-05 0.59818 4.68834e-16)
)
;
    }
    outlet
    {
        type            calculated;
        value           nonuniform List<vector> 0();
    }
    walls
    {
        type            calculated;
        value           nonuniform List<vector> 4((-0.170648 -1.00174 1.15659e-13) (-0.142393 -0.7665 -1.13672e-14) (-0.117128 -0.762707 -2.5718e-16) (1.26962 0.661704 -6.70096e-14));
    }
    frontAndBack
    {
        type            empty;
    }
    procBoundary6to2
    {
        type            processor;
        value           nonuniform List<vector> 
13
(
(-0.0310251 -0.0127319 -1.46565e-14)
(-0.0210904 -0.00116755 3.8797e-15)
(-0.00256008 -0.00153725 -1.2539e-16)
(-0.00089552 -0.000719736 2.70272e-17)
(-0.000145788 -0.000462172 9.00489e-17)
(-0.00135972 -0.000511388 4.7319e-17)
(8.92678e-05 -0.000261859 -5.13904e-18)
(8.70997e-05 -0.000159688 -1.16918e-16)
(9.82867e-05 -0.000145493 6.8361e-17)
(0.000126489 -0.000143224 3.23531e-17)
(0.000169685 -0.000147351 1.01056e-18)
(0.000221453 -0.000152996 1.58854e-18)
(0.000259923 -0.000151209 -2.17391e-17)
)
;
    }
    procBoundary6to3
    {
        type            processor;
        value           uniform (0.000328769 -0.000157262 -7.59049e-17);
    }
    procBoundary6to5
    {
        type            processor;
        value           nonuniform List<vector> 
86
(
(0.00117564 -6.44412e-05 -2.8237e-13)
(0.00203013 -0.000344294 1.6233e-13)
(0.00225805 -0.000519533 1.65117e-14)
(0.00231332 -0.000590303 -7.58653e-14)
(0.00222135 -0.000422255 -1.04867e-13)
(0.000625552 -0.000236134 3.37759e-14)
(0.00203994 -0.000484063 -2.076e-14)
(0.000248397 0.00205437 -4.04636e-14)
(-0.000701363 0.000346746 3.70841e-14)
(-0.000181871 3.13061e-05 2.0381e-14)
(-0.000288221 -5.1433e-05 2.26723e-15)
(-0.000148859 -0.000134495 6.22045e-14)
(-6.79888e-05 -0.000163417 9.94175e-14)
(-2.96924e-05 -0.000171957 -2.47442e-13)
(-1.59602e-05 -0.00017046 2.07027e-13)
(-8.17748e-06 -0.00016799 -7.56201e-14)
(1.06817e-06 -0.000165321 -4.78706e-14)
(1.01459e-05 -0.000161517 5.74198e-15)
(1.91254e-05 -0.000155113 3.47696e-14)
(2.70977e-05 -0.000146458 3.03303e-14)
(3.52108e-05 -0.000136248 -3.85876e-14)
(4.31169e-05 -0.000124192 1.09921e-14)
(5.1143e-05 -0.000111688 -3.03345e-15)
(5.90094e-05 -9.82277e-05 6.92188e-15)
(6.65839e-05 -8.55904e-05 -3.68349e-14)
(7.39281e-05 -7.33484e-05 3.39918e-14)
(8.07072e-05 -6.26442e-05 1.61038e-14)
(8.72411e-05 -5.26245e-05 -3.11619e-14)
(9.22083e-05 -4.65099e-05 -3.33812e-16)
(9.67246e-05 -3.99288e-05 2.95465e-14)
(0.000101133 -3.40964e-05 -1.18437e-14)
(0.000104139 -2.78148e-05 -3.80425e-15)
(0.000108031 -2.29022e-05 1.11302e-14)
(0.000108031 -2.29022e-05 1.11302e-14)
(0.000123303 -2.54924e-05 3.9339e-15)
(0.000122426 -2.1949e-05 9.20446e-15)
(0.000121518 -1.87325e-05 -4.00959e-16)
(0.00011951 -1.65866e-05 -1.14055e-14)
(0.000117389 -1.49073e-05 1.96873e-14)
(0.000114387 -1.39145e-05 -4.90761e-15)
(0.000111494 -1.32165e-05 -1.17776e-14)
(0.000107521 -1.36904e-05 6.91897e-15)
(0.000103592 -1.44421e-05 -2.97463e-15)
(9.94545e-05 -1.49436e-05 2.30628e-15)
(9.52437e-05 -1.51575e-05 5.22022e-16)
(9.14042e-05 -1.51369e-05 4.13666e-15)
(9.14042e-05 -1.51369e-05 4.13666e-15)
(8.92097e-05 -1.38884e-05 3.25755e-15)
(8.42704e-05 -1.4202e-05 -7.63198e-15)
(8.00018e-05 -1.46572e-05 1.03781e-15)
(7.50325e-05 -1.5218e-05 -9.59373e-16)
(7.05864e-05 -1.60061e-05 2.46449e-15)
(6.57199e-05 -1.66496e-05 1.32042e-15)
(6.15698e-05 -1.70515e-05 2.15715e-15)
(5.71015e-05 -1.74475e-05 -1.95353e-15)
(5.29608e-05 -1.80837e-05 5.26844e-16)
(5.29608e-05 -1.80837e-05 5.26844e-16)
(4.9344e-05 -1.737e-05 1.43283e-15)
(4.54391e-05 -1.79415e-05 1.80714e-15)
(4.19505e-05 -1.83482e-05 -1.46051e-15)
(3.871e-05 -1.87009e-05 6.88966e-16)
(3.56047e-05 -1.89978e-05 9.73761e-17)
(3.27061e-05 -1.91727e-05 3.4019e-16)
(2.99371e-05 -1.92458e-05 9.08944e-16)
(2.99371e-05 -1.92458e-05 9.08944e-16)
(2.7184e-05 -1.84121e-05 -7.91662e-16)
(2.46944e-05 -1.84654e-05 3.58078e-16)
(2.23619e-05 -1.84659e-05 -2.00393e-16)
(2.01592e-05 -1.83818e-05 -6.22622e-16)
(1.81296e-05 -1.81891e-05 1.26372e-16)
(1.62284e-05 -1.79099e-05 9.3387e-16)
(1.54034e-05 -1.85299e-05 -3.59771e-16)
(1.54034e-05 -1.85299e-05 -3.59771e-16)
(1.37124e-05 -1.70322e-05 1.37941e-16)
(1.2417e-05 -1.66375e-05 -8.3051e-16)
(1.11526e-05 -1.62594e-05 6.71114e-17)
(9.99452e-06 -1.59589e-05 -3.49665e-17)
(8.8211e-06 -1.54242e-05 3.43537e-16)
(7.90594e-06 -1.53623e-05 7.85994e-17)
(6.7078e-06 -1.42243e-05 3.57516e-17)
(6.35982e-06 -1.51229e-05 -1.22968e-16)
(4.70123e-06 -1.18858e-05 1.82009e-16)
(4.70123e-06 -1.18858e-05 1.82009e-16)
(5.68652e-06 -1.60494e-05 8.20759e-17)
(2.57673e-06 -7.38853e-06 1.31984e-16)
(7.21052e-06 -2.14451e-05 2.38543e-16)
)
;
    }
    procBoundary6to7
    {
        type            processor;
        value           nonuniform List<vector> 
91
(
(1.80667e-05 -5.29498e-05 -7.40003e-16)
(1.80667e-05 -5.29498e-05 -7.40003e-16)
(4.88155e-06 -1.60189e-05 -1.09308e-16)
(4.88155e-06 -1.60189e-05 -1.09308e-16)
(8.95764e-06 -3.619e-05 3.80915e-15)
(8.95764e-06 -3.619e-05 3.80915e-15)
(6.8724e-06 -2.27396e-05 -8.40538e-16)
(8.00264e-06 -2.5317e-05 -1.92752e-15)
(6.8724e-06 -2.27396e-05 -8.40538e-16)
(8.05961e-06 -2.94836e-05 -1.60922e-15)
(8.97185e-06 -2.59873e-05 -6.14443e-16)
(8.00264e-06 -2.5317e-05 -1.92752e-15)
(8.46465e-06 -2.72263e-05 4.86152e-17)
(1.06238e-05 -2.6245e-05 -3.27027e-15)
(9.8341e-06 -2.5835e-05 -4.23989e-15)
(8.97185e-06 -2.59873e-05 -6.14443e-16)
(9.12995e-06 -2.61078e-05 -2.67411e-15)
(1.19179e-05 -2.55426e-05 -8.15581e-16)
(1.13847e-05 -2.60622e-05 1.23755e-15)
(1.06238e-05 -2.6245e-05 -3.27027e-15)
(1.06299e-05 -2.57174e-05 3.37398e-16)
(1.51278e-05 -2.62031e-05 -1.04933e-15)
(1.4068e-05 -2.58299e-05 2.93909e-16)
(1.3047e-05 -2.54697e-05 1.1746e-16)
(1.19179e-05 -2.55426e-05 -8.15581e-16)
(1.20309e-05 -2.52008e-05 -1.09959e-16)
(1.9293e-05 -2.91118e-05 -9.97897e-16)
(1.83355e-05 -2.83426e-05 -1.96802e-16)
(1.72461e-05 -2.75991e-05 1.45665e-16)
(1.62449e-05 -2.6906e-05 1.44061e-15)
(1.51278e-05 -2.62031e-05 -1.04933e-15)
(1.51287e-05 -2.63344e-05 -1.28891e-16)
(2.19551e-05 -3.63992e-05 1.20413e-16)
(2.15804e-05 -3.50434e-05 -2.11595e-16)
(2.10977e-05 -3.3791e-05 5.66384e-17)
(2.05387e-05 -3.26344e-05 -1.62285e-16)
(1.98929e-05 -3.15828e-05 -6.50426e-16)
(1.92102e-05 -3.05766e-05 2.2033e-16)
(1.9293e-05 -2.91118e-05 -9.97897e-16)
(1.84292e-05 -2.96879e-05 1.53124e-16)
(2.73065e-06 -5.5818e-05 -1.74528e-17)
(5.89085e-06 -5.39941e-05 -1.87709e-18)
(8.58915e-06 -5.21167e-05 -2.15529e-18)
(1.09072e-05 -5.03003e-05 1.59366e-17)
(1.28453e-05 -4.85086e-05 2.54311e-17)
(1.44639e-05 -4.67815e-05 1.17541e-16)
(1.57916e-05 -4.50367e-05 2.50539e-17)
(1.68593e-05 -4.33589e-05 4.81786e-17)
(1.76791e-05 -4.17092e-05 5.10678e-18)
(1.82603e-05 -4.01474e-05 -2.01916e-16)
(1.86433e-05 -3.86443e-05 -7.92767e-17)
(2.19551e-05 -3.63992e-05 1.20413e-16)
(1.88367e-05 -3.71937e-05 -2.45177e-16)
(0.000310847 -0.000142065 -1.75146e-17)
(0.00028554 -0.000132371 1.36821e-17)
(0.000234996 -0.000113206 -3.83434e-17)
(0.000203852 -0.000108847 -5.97057e-18)
(0.000178013 -0.000100912 2.98114e-17)
(0.000183812 -9.70303e-05 -1.79689e-17)
(0.000313046 -8.93628e-05 -4.1725e-17)
(0.000582729 -7.88255e-05 1.17e-17)
(0.000809369 -7.49533e-05 1.53866e-17)
(0.000803138 -8.58303e-05 -4.60619e-17)
(0.000547067 -0.000110639 -3.38407e-17)
(0.000165368 -0.000142173 -6.70472e-18)
(-0.000177961 -0.000169588 -1.58704e-17)
(-0.000333291 -0.000181152 4.95141e-17)
(-0.000201489 -0.000167788 5.15157e-17)
(0.000218531 -0.000127123 -8.08971e-17)
(0.0008142 -6.5838e-05 -1.41846e-16)
(0.00139046 4.72809e-07 -2.56304e-17)
(0.00175524 5.34485e-05 3.23433e-17)
(0.00179296 8.52085e-05 -2.36479e-17)
(0.00118021 3.30663e-05 2.10028e-17)
(-0.000213085 -0.000163518 -4.92719e-17)
(0.0003653 -5.31598e-05 1.20891e-16)
(-0.000200819 -8.29337e-05 -9.93654e-17)
(-0.0003396 -0.00012568 -1.4435e-16)
(-0.000133244 -9.48616e-05 -1.32781e-17)
(-6.75867e-05 -8.18526e-05 -1.71629e-18)
(-6.52916e-05 -7.73498e-05 -8.08783e-17)
(-6.77794e-05 -7.45324e-05 -8.39084e-18)
(-6.04142e-05 -7.11272e-05 -3.13469e-17)
(-4.87016e-05 -6.76164e-05 1.78904e-17)
(-3.86552e-05 -6.47243e-05 1.37497e-16)
(-3.07216e-05 -6.24751e-05 1.38741e-17)
(-2.4038e-05 -6.03805e-05 6.3033e-17)
(-1.7985e-05 -5.83455e-05 -3.0242e-17)
(-1.27359e-05 -5.63979e-05 1.26745e-17)
(2.73065e-06 -5.5818e-05 -1.74528e-17)
(-8.03515e-06 -5.43698e-05 2.63214e-17)
)
;
    }
}


// ************************************************************************* //
