/*--------------------------------*- C++ -*----------------------------------*\
| =========                 |                                                 |
| \\      /  F ield         | OpenFOAM: The Open Source CFD Toolbox           |
|  \\    /   O peration     | Version:  2506                                  |
|   \\  /    A nd           | Website:  www.openfoam.com                      |
|    \\/     M anipulation  |                                                 |
\*---------------------------------------------------------------------------*/
FoamFile
{
    version     2.0;
    format      ascii;
    arch        "LSB;label=32;scalar=64";
    class       volVectorField;
    location    "350";
    object      momentError;
}
// * * * * * * * * * * * * * * * * * * * * * * * * * * * * * * * * * * * * * //

dimensions      [0 1 -2 0 0 0 0];

internalField   nonuniform List<vector> 
1340
(
(-0.00177621 0.00873212 -6.95745e-15)
(-0.00124082 0.00857306 2.41174e-14)
(-0.000100806 0.00572933 -4.72385e-14)
(0.000338482 0.00540942 1.77791e-14)
(0.000658817 0.00483098 1.10252e-13)
(0.000880481 0.00424239 -1.75118e-13)
(0.00105716 0.00364372 9.00046e-14)
(0.00110838 0.0030022 -1.11075e-13)
(0.00107106 0.00244257 -2.54648e-13)
(0.000983635 0.00192493 3.44138e-13)
(0.000866698 0.00159546 1.24155e-13)
(0.00049592 0.00092529 -2.28821e-13)
(0.000220878 0.000515109 -3.34539e-13)
(-1.12538e-05 0.000175724 -5.72057e-14)
(-0.00026576 -0.000123992 -1.39773e-13)
(-0.000515819 -0.000383379 -3.10403e-13)
(-0.000769588 -0.000585585 -1.4676e-13)
(-0.00103275 -0.000746907 8.32721e-13)
(-0.00163998 -0.000948484 4.23309e-13)
(-0.00137923 -0.000655432 -5.95087e-13)
(-0.00166942 -0.000754321 1.05311e-13)
(-0.00194438 -0.000986891 1.53272e-13)
(-0.0106877 -0.00183055 -6.74742e-14)
(-0.0136426 -0.00302708 -1.5156e-13)
(0.00792197 -0.000409027 3.57044e-14)
(0.0213873 0.00377065 -2.34352e-15)
(0.0123258 0.00494289 4.15488e-14)
(0.00120179 0.00339817 -1.64642e-14)
(-0.006355 0.00114878 4.39562e-14)
(-0.00871589 -7.10798e-05 1.54488e-13)
(-0.00492394 -0.000303871 3.03082e-14)
(-0.000789691 -0.000300046 -1.28624e-13)
(0.00183783 -0.00032485 -7.93157e-15)
(0.00130356 -0.000152767 -2.15704e-13)
(0.000367161 0.000108084 -2.82306e-13)
(-0.00201536 0.00803361 -1.07648e-14)
(-0.00214676 0.00654489 2.65547e-14)
(-0.00211744 0.00488492 1.73324e-15)
(-0.00181897 0.00339627 3.61639e-14)
(-0.00148039 0.00229052 -3.2886e-14)
(-0.00114911 0.00138374 -9.40107e-14)
(-0.000485601 0.000487023 -1.07391e-13)
(0.000523417 0.00625007 -1.31412e-14)
(0.00106383 0.00607847 5.88607e-15)
(0.0014644 0.0042216 7.81659e-15)
(0.00196112 0.00404975 -3.36687e-14)
(0.00226838 0.00372226 2.10351e-14)
(0.00247863 0.00334522 8.04071e-14)
(0.00267273 0.00292247 1.03902e-13)
(0.00275087 0.00248773 1.00646e-13)
(0.0027124 0.00207817 -3.9879e-15)
(0.00265317 0.00173346 1.90692e-13)
(0.0024882 0.00135291 -2.0887e-13)
(0.00246091 0.00150769 -1.19536e-13)
(0.00238994 0.00149282 4.48637e-13)
(0.00234791 0.00136412 1.28262e-13)
(0.00213875 0.00133152 -1.19192e-13)
(0.00196353 0.00129212 -1.78017e-14)
(0.00174257 0.00130005 3.42068e-13)
(0.00145192 0.00136005 -1.53332e-13)
(0.000302315 0.00161194 -4.9196e-13)
(-0.00322656 0.00162565 1.88447e-13)
(0.00156962 0.00146042 2.35438e-13)
(-0.00926191 0.0017302 4.67798e-14)
(0.00643047 -0.00177365 -1.30898e-13)
(0.0641004 0.00619282 1.92547e-13)
(0.0627011 0.0126693 -4.19945e-14)
(-0.0137285 0.0068425 -7.04787e-14)
(-0.0575026 0.000940017 -3.01917e-14)
(-0.0344277 0.000357779 5.59806e-15)
(-0.0140831 -0.000544627 -1.49943e-14)
(-0.0106873 -0.00193001 -1.58664e-14)
(-0.00314901 -0.00165867 -2.03996e-14)
(0.000881891 -0.000895069 3.52646e-14)
(0.00119632 -0.000348186 -1.8821e-13)
(0.00167909 -0.000122052 -2.24049e-13)
(0.000899457 6.59898e-05 1.62298e-13)
(0.000163279 0.0058601 -4.63958e-15)
(-0.000266179 0.0048925 1.2409e-13)
(-0.000603401 0.00380557 -7.98192e-15)
(-0.000736381 0.00293421 -1.29069e-13)
(-0.000794173 0.002137 -2.5686e-14)
(-0.000753836 0.00138444 1.27342e-13)
(-0.000338773 0.00500895 -5.07272e-15)
(-5.2223e-05 0.0048174 -8.21987e-16)
(0.000303445 0.00349541 -5.8398e-15)
(0.000591402 0.00348876 1.55552e-14)
(0.00078231 0.00331362 3.91374e-15)
(0.000957019 0.00303991 -3.37433e-14)
(0.00112536 0.00276904 -1.07619e-13)
(0.00121985 0.00246024 -9.54257e-14)
(0.00125303 0.0021438 -1.11327e-13)
(0.00125457 0.001848 1.10093e-14)
(0.00121221 0.00157333 2.64068e-13)
(0.00113771 0.00128732 7.06231e-14)
(0.00106016 0.00100775 -9.93139e-14)
(0.000954255 0.000798713 -2.41063e-13)
(0.000965414 0.000597669 1.10248e-13)
(0.00104157 0.000440628 1.45927e-13)
(0.00114596 0.000341543 -9.42445e-14)
(0.00137688 0.000113594 -1.89382e-13)
(0.00220843 -0.000850349 3.17166e-13)
(0.00596107 -0.00125514 -9.48909e-14)
(0.00207596 0.00116955 -1.19556e-13)
(0.00447804 -0.00365358 1.78547e-13)
(0.00329447 -0.00333306 7.39135e-14)
(-0.0136222 -0.0089307 -3.35292e-15)
(-0.0433047 -0.0102749 -3.30813e-14)
(-0.0683211 -0.0100616 3.5563e-15)
(-0.0288469 0.000825814 -3.05935e-14)
(-0.00591951 0.00244074 2.10614e-14)
(0.00038189 -0.000452329 -3.31767e-14)
(0.0192892 -0.00227272 -7.2086e-14)
(0.0162038 -0.00162043 6.96024e-14)
(0.0057431 -0.000975755 3.08587e-14)
(0.000646444 -0.000327298 -1.21842e-13)
(4.94937e-06 0.000215735 7.82251e-14)
(-0.000560922 0.000378911 1.6501e-14)
(-0.000539026 0.00474921 2.92157e-14)
(-0.000669923 0.0040248 -2.76846e-14)
(-0.000751255 0.00314963 -9.83374e-14)
(-0.000783528 0.00251059 4.48507e-14)
(-0.000747017 0.0019048 2.06032e-14)
(-0.000651103 0.00132221 -6.45687e-14)
(0.000104173 0.00399503 7.92626e-15)
(0.000372046 0.00379775 -2.3434e-15)
(0.000613053 0.00286752 6.5358e-17)
(0.000887282 0.00287593 -7.12964e-15)
(0.00107426 0.00270923 1.99933e-15)
(0.00124298 0.00247713 3.5819e-14)
(0.00141443 0.00224816 5.84708e-14)
(0.00151443 0.00198575 5.46353e-14)
(0.0015632 0.00170926 -1.33397e-13)
(0.00158116 0.00144753 -1.11649e-13)
(0.00155213 0.00119631 1.41526e-13)
(0.00148881 0.000963536 2.56594e-13)
(0.00139123 0.000783062 1.35706e-13)
(0.00127623 0.000660269 -4.72166e-13)
(0.00119909 0.000544671 -1.62167e-13)
(0.00103139 0.000547648 3.85924e-13)
(0.000926804 0.000523416 8.39265e-14)
(0.000850212 0.000531327 -1.24272e-13)
(0.000903378 0.000800522 -2.28421e-13)
(0.000559367 0.00187971 1.97916e-13)
(0.00158697 0.000681788 4.3595e-14)
(0.00474534 0.00288621 -2.22442e-13)
(0.00250372 -0.00027341 1.65578e-13)
(0.00147923 0.000194327 -1.14165e-13)
(0.0022472 -0.00240442 -3.71907e-14)
(-0.0249896 0.0144558 3.55852e-14)
(-0.0318841 0.0122168 -4.55843e-14)
(-0.0511789 0.00568006 1.00961e-14)
(0.0230368 -0.00237303 1.36351e-14)
(0.0123234 0.00199379 2.10878e-14)
(0.0372708 -0.00393183 -9.03726e-15)
(0.0125614 8.25868e-05 2.55479e-14)
(0.00185652 9.80669e-05 2.07237e-13)
(-0.00305037 0.000874045 5.34583e-14)
(-0.00256689 0.000749448 -7.58426e-14)
(-0.000114508 0.00379285 1.88156e-14)
(-0.000302232 0.00328685 -3.6873e-14)
(-0.00045243 0.00263194 -4.03957e-15)
(-0.000552234 0.00216933 -3.37257e-14)
(-0.000583723 0.0016976 -2.08278e-14)
(-3.17311e-05 0.00332768 -4.04093e-15)
(0.000151882 0.00315671 4.7789e-15)
(0.000331782 0.00246637 5.76612e-17)
(0.000541325 0.0025138 -4.17825e-15)
(0.00068133 0.00239602 -2.8838e-14)
(0.000815055 0.00222432 3.46397e-14)
(0.000954129 0.00207531 1.26378e-14)
(0.00103645 0.00188413 -7.01602e-14)
(0.00108729 0.00167662 -5.82347e-14)
(0.0011132 0.00147738 -1.21388e-13)
(0.00109999 0.00127915 1.74616e-14)
(0.00106036 0.00109286 -1.3236e-13)
(0.000998179 0.000930168 8.04635e-15)
(0.000930683 0.000788856 3.54368e-13)
(0.000858042 0.000673536 -2.34217e-13)
(0.000813411 0.000540618 -1.6767e-13)
(0.000800934 0.00042266 1.01583e-13)
(0.00079948 0.000343159 -1.3197e-13)
(0.000867809 0.000316196 8.48926e-14)
(0.000856922 0.000222352 -1.4397e-13)
(0.00109714 0.000317249 -1.61823e-13)
(0.00102175 1.90989e-05 1.83272e-13)
(0.000667764 -0.000702988 -4.05362e-14)
(0.00209634 -0.00083621 8.96899e-14)
(0.00533304 0.00121275 5.67728e-14)
(0.0494431 -0.00246731 6.36755e-15)
(0.0304502 -0.0016424 1.0882e-13)
(0.032486 -0.00648757 -2.11481e-14)
(-0.0123772 -0.00703325 2.25057e-14)
(-0.0112083 0.000373828 -5.57926e-14)
(0.0113873 0.00453362 -1.55441e-13)
(0.00131953 -0.000939528 1.29596e-15)
(0.00382388 0.000825592 1.40172e-13)
(-0.00447167 0.00091088 -3.31426e-14)
(-0.00465711 0.000812156 -1.04849e-13)
(-0.000188785 0.00315951 2.02819e-14)
(-0.000304627 0.0027666 1.43626e-14)
(-0.000402091 0.00223843 -3.19922e-14)
(-0.000473053 0.00188018 7.88743e-14)
(-0.000502722 0.00150334 1.86885e-13)
(3.05365e-05 0.00278435 1.93836e-15)
(0.00019383 0.00264063 5.06511e-16)
(0.000340169 0.00212132 3.16222e-15)
(0.00052854 0.00216301 -2.45917e-15)
(0.00065562 0.00206295 -1.08422e-15)
(0.00077705 0.00192052 1.63419e-14)
(0.000907139 0.00179747 7.60588e-15)
(0.000988599 0.00163264 4.04806e-14)
(0.00104456 0.00145121 6.79714e-14)
(0.00108136 0.0012748 -3.20455e-14)
(0.00108244 0.00109547 -7.79467e-15)
(0.00106061 0.000922555 7.50119e-14)
(0.00102065 0.000766377 -1.45515e-13)
(0.000965951 0.000631295 -2.89399e-13)
(0.00090666 0.000516275 1.75237e-13)
(0.000854527 0.000410758 2.68364e-13)
(0.00078781 0.000372891 -3.55862e-13)
(0.000760734 0.000348626 6.06703e-14)
(0.000781465 0.000374242 1.119e-13)
(0.000881814 0.000302884 -1.1297e-13)
(0.000954481 -1.10261e-05 8.56253e-14)
(0.000993766 -0.000490087 -8.73397e-14)
(0.000489002 -0.00164528 -1.69252e-13)
(-0.000875595 -0.00199704 -5.03182e-14)
(-0.00136346 0.000321115 -1.16207e-13)
(0.000234338 0.00310248 5.63248e-14)
(0.00764553 0.00171253 -1.62127e-14)
(0.00403196 -0.00145388 -1.09021e-14)
(-0.00431566 -0.00290639 2.13879e-14)
(0.0189417 -0.00546861 4.25648e-14)
(-0.0241524 0.00214711 3.28573e-14)
(0.00240519 0.000384536 -4.52651e-14)
(0.000450485 0.00109079 -1.16437e-13)
(0.000567778 0.00050225 -1.48669e-13)
(-0.0019898 0.000234666 3.37838e-14)
(-0.000110267 0.00264706 8.5945e-15)
(-0.000222796 0.00234311 -2.0692e-14)
(-0.000317767 0.00192144 1.04905e-14)
(-0.000389933 0.00163794 -5.8305e-15)
(1.13377e-05 0.00237175 3.09089e-15)
(0.000144503 0.00222327 5.82331e-16)
(0.000264692 0.0018493 -1.12571e-15)
(0.000421279 0.00190363 4.17087e-15)
(0.000522718 0.00180209 -8.69287e-15)
(0.000627034 0.00170324 -1.09612e-15)
(0.000739009 0.00162366 2.36022e-14)
(0.00081051 0.00149631 -1.1148e-14)
(0.000861414 0.00135219 -3.96182e-14)
(0.000897173 0.00121036 2.65393e-14)
(0.000902544 0.00106167 -6.0781e-14)
(0.000889373 0.00091649 -1.50868e-13)
(0.00086186 0.000783088 1.0661e-13)
(0.000820143 0.000663649 3.77184e-13)
(0.000775366 0.00055828 -1.38904e-14)
(0.000727341 0.000470432 -4.01385e-13)
(0.000686217 0.000383776 3.32547e-13)
(0.000684083 0.000317501 2.33377e-13)
(0.000719634 0.000279004 1.24571e-13)
(0.000781299 0.000193132 5.8737e-14)
(0.000844997 1.87544e-05 -2.88415e-14)
(0.000892249 -0.000368483 1.61936e-13)
(0.000358327 -0.00118787 1.11966e-13)
(-0.00100914 -0.00148725 -1.01882e-14)
(-0.00179178 0.000115833 2.14263e-13)
(-0.000313287 0.00220289 -6.57066e-14)
(0.00161013 0.00216149 -7.65329e-15)
(0.00291262 -0.000283992 5.67714e-15)
(0.00119244 -0.0021272 -2.01411e-14)
(-0.00345953 -0.00139525 -2.08166e-14)
(-0.00332991 -0.000217028 -1.52575e-14)
(-0.000958638 0.00034596 4.77779e-14)
(0.00120154 0.000731896 -2.27677e-14)
(0.00259177 0.000340582 -1.2799e-13)
(0.00290395 -0.000404369 -2.07585e-14)
(-0.000100168 0.0022537 -9.66479e-15)
(-0.00019221 0.00200979 1.21939e-14)
(-0.000270024 0.00166472 -2.61346e-14)
(-0.000331802 0.00143725 -3.94486e-15)
(2.05384e-05 0.00203382 1.40102e-15)
(0.000135954 0.00192643 1.51019e-15)
(0.000236365 0.00159786 -9.49846e-16)
(0.000372761 0.00165912 -1.91845e-15)
(0.000473609 0.00163804 -3.80383e-15)
(0.00055164 0.00148562 1.65083e-14)
(0.000648399 0.00140976 1.38777e-14)
(0.00071783 0.00131876 -5.19158e-14)
(0.000770564 0.00120714 2.17323e-14)
(0.000810857 0.00109197 1.11293e-13)
(0.000822177 0.000963538 4.63197e-14)
(0.000817819 0.000833056 2.13125e-14)
(0.000800884 0.000709865 -1.8789e-13)
(0.000771244 0.00059564 -4.29874e-13)
(0.000736341 0.000493127 -3.04049e-13)
(0.000697896 0.000402093 1.20073e-13)
(0.000659552 0.000317529 -7.38555e-14)
(0.000643534 0.000267225 -3.77126e-13)
(0.000666726 0.000228466 -1.94586e-13)
(0.000708407 0.000139874 1.60892e-13)
(0.000748104 -1.94043e-05 1.60972e-13)
(0.000736811 -0.0003224 -9.33423e-14)
(0.000340635 -0.000875711 -3.83147e-14)
(-0.000625504 -0.000991278 2.40021e-15)
(-0.00115759 0.00027044 -6.09665e-14)
(-9.38272e-05 0.00189113 6.3294e-14)
(0.0019093 0.00178049 7.21988e-15)
(0.00295063 -6.73198e-05 4.3206e-15)
(0.00184875 -0.00156148 -4.41679e-15)
(0.000196336 -0.00159534 5.21828e-14)
(-0.0015662 -0.000630714 3.49653e-14)
(-0.00128352 0.000227499 -3.44831e-15)
(-0.000146948 0.000657454 1.13117e-13)
(0.00115578 0.000667851 7.8073e-14)
(0.000839958 0.00223719 -4.0453e-14)
(-7.70715e-05 0.00193534 7.39109e-15)
(-0.000156473 0.00173625 -1.2044e-14)
(-0.000224595 0.00145606 3.27006e-15)
(-0.000279875 0.00126959 6.10908e-14)
(2.39084e-05 0.00175891 2.41719e-15)
(0.000117877 0.00181042 4.02393e-15)
(0.000206072 0.00143058 -1.76132e-16)
(0.000321421 0.0014761 1.65153e-18)
(0.000419068 0.00155619 -2.53944e-15)
(0.000490177 0.00140275 -6.73596e-15)
(0.000579653 0.00134609 -4.93976e-15)
(0.00062052 0.0011951 -5.23729e-14)
(0.000663456 0.00108525 -1.00752e-15)
(0.000705957 0.000996942 1.92826e-14)
(0.000722408 0.000894007 -2.32929e-14)
(0.000722662 0.000784631 1.41253e-13)
(0.000712962 0.000677614 1.49079e-13)
(0.000690987 0.000575761 2.69487e-14)
(0.000663576 0.000482447 2.76883e-13)
(0.000632687 0.00039774 -5.76126e-14)
(0.000598663 0.000322708 -7.3018e-16)
(0.000579547 0.00025501 2.14475e-13)
(0.00059947 0.000198718 9.99274e-14)
(0.000626664 0.000110816 -2.94224e-14)
(0.000640177 -3.16612e-05 -1.21913e-13)
(0.00059429 -0.000262738 -1.15885e-14)
(0.000282205 -0.000625118 -9.36617e-14)
(-0.000406933 -0.000649554 -8.10407e-14)
(-0.000762792 0.000304927 4.88766e-14)
(5.98587e-05 0.0015221 -3.10937e-14)
(0.00151614 0.00146069 -5.64904e-14)
(0.0020346 5.70412e-05 6.45179e-15)
(0.00113251 -0.00113248 -3.11517e-15)
(-0.000242012 -0.00114619 -3.83238e-15)
(-0.00110011 -0.000447477 8.20632e-14)
(-0.00120878 0.000268008 -2.93319e-14)
(-0.000677496 0.000641082 -3.9042e-14)
(0.000171434 0.000621706 2.27063e-13)
(-0.000259598 0.000628252 3.70733e-14)
(-5.99992e-05 0.00167459 -1.3144e-14)
(-0.000128971 0.0015129 -3.10164e-14)
(-0.000187653 0.00127949 5.06876e-14)
(0.000352722 0.00125799 9.0039e-15)
(0.000444936 0.00138247 -2.9389e-15)
(0.000524728 0.00126088 2.92775e-14)
(0.000567079 0.00113424 2.04814e-14)
(0.000610491 0.00103979 5.15994e-15)
(0.00062539 0.000905987 -1.7071e-15)
(0.000642594 0.000813792 7.11962e-15)
(0.00064961 0.000719779 -3.14162e-14)
(0.000645605 0.000626139 -1.37092e-13)
(0.000631411 0.00053468 3.64141e-14)
(0.00061142 0.000448266 1.8815e-14)
(0.000586787 0.000368018 5.25291e-14)
(0.000558669 0.000293471 -4.53269e-16)
(0.000533134 0.000224432 -9.40674e-14)
(0.000544875 0.000163946 -1.39002e-13)
(0.000560198 8.49174e-05 -1.19691e-13)
(0.0005555 -3.48797e-05 -6.96983e-14)
(0.000493517 -0.000211776 -5.64261e-14)
(0.000239529 -0.00044711 1.91325e-14)
(-0.000260667 -0.000408055 6.72259e-14)
(-0.000505741 0.000331197 -3.61862e-14)
(0.000122302 0.00124984 -1.37663e-14)
(0.00122778 0.00120151 4.44597e-14)
(0.00161508 8.9887e-05 2.10511e-15)
(0.000871662 -0.000885018 2.45314e-14)
(-0.000205616 -0.00092503 -3.05763e-14)
(-0.000827839 -0.000339159 -1.01148e-13)
(-0.000865261 0.000279615 -5.51592e-14)
(-0.000528621 0.000606618 3.49535e-14)
(5.4247e-05 0.000589562 -1.50197e-14)
(0.000483307 0.000340618 2.03716e-14)
(0.00043593 0.00103052 -3.58218e-15)
(0.0005321 0.00116156 -2.51538e-14)
(0.000554157 0.000978611 -5.0406e-14)
(0.000591412 0.000901606 2.86073e-14)
(0.000577352 0.000761226 2.54489e-14)
(0.000581045 0.000669463 1.48727e-14)
(0.000580527 0.000585562 6.21628e-14)
(0.000570463 0.000503611 4.24088e-15)
(0.000555849 0.000425585 3.33491e-14)
(0.000536291 0.000351265 -5.10126e-14)
(0.000512782 0.000281557 -5.49541e-14)
(0.000487341 0.000214316 6.43137e-14)
(0.000487806 0.000150288 1.26947e-13)
(0.000494579 7.64245e-05 6.41844e-14)
(0.000480475 -2.32607e-05 4.55235e-14)
(0.000414168 -0.000156409 3.34401e-14)
(0.000210957 -0.000305831 6.31491e-14)
(-0.000146495 -0.000241278 -3.6049e-14)
(-0.000302808 0.000315849 -5.68015e-14)
(0.000181542 0.000997389 3.56779e-15)
(0.00103208 0.000959043 -1.98229e-14)
(0.00133417 8.73702e-05 -6.76151e-15)
(0.00072349 -0.000716259 -4.18727e-14)
(-0.000184034 -0.000774079 2.24089e-14)
(-0.000683897 -0.000287596 5.69549e-14)
(-0.000661874 0.000252179 1.25281e-13)
(-0.000364576 0.000543306 1.23582e-14)
(3.76899e-05 0.00053321 -1.15978e-13)
(0.00036251 0.000307261 2.27074e-15)
(0.000466088 0.000811769 -6.97221e-14)
(0.000599531 0.00100886 -7.2692e-14)
(0.0005412 0.000737032 -1.31924e-14)
(0.000526714 0.000625554 -3.2166e-14)
(0.000523187 0.000543397 7.24018e-14)
(0.000516608 0.000469516 -2.92295e-14)
(0.000505918 0.000398577 -1.44824e-13)
(0.000490539 0.000330207 1.01114e-13)
(0.000470955 0.000264554 9.97268e-14)
(0.000448146 0.000200131 -5.34693e-15)
(0.000437026 0.000136902 -1.57515e-13)
(0.000437746 6.93507e-05 -1.28567e-13)
(0.000418819 -1.00936e-05 6.84427e-14)
(0.000354634 -0.000106939 1.07521e-13)
(0.00019427 -0.000196644 -3.91577e-14)
(-5.97075e-05 -0.000121135 -1.514e-14)
(-0.000154623 0.000297288 -1.08545e-14)
(0.000217519 0.000795232 7.14996e-16)
(0.000864861 0.00075892 -1.02561e-14)
(0.00110228 7.50056e-05 4.37234e-15)
(0.000615374 -0.000585584 6.88291e-15)
(-0.00014471 -0.00065866 -2.79159e-14)
(-0.000584264 -0.000259793 -1.5372e-14)
(-0.000558036 0.000208786 -2.90586e-14)
(-0.00028075 0.000470342 -1.75889e-13)
(3.85987e-05 0.000465645 -1.05623e-14)
(0.000297736 0.000256512 6.21887e-14)
(0.000447321 0.00068738 -1.29152e-13)
(0.000572734 0.000860375 3.31776e-14)
(0.000480907 0.00058649 1.13831e-13)
(0.000475183 0.000510496 -7.85757e-14)
(0.000467872 0.000439645 -6.54268e-14)
(0.000459636 0.000375132 8.23009e-14)
(0.000446814 0.000312852 -1.4864e-13)
(0.00042992 0.000251788 1.24897e-14)
(0.000409313 0.000192226 2.11851e-13)
(0.000389057 0.00013103 8.33511e-14)
(0.000386192 6.90597e-05 1.47036e-13)
(0.0003659 6.18905e-06 -3.25671e-14)
(0.000308154 -6.33728e-05 -9.97115e-14)
(0.000183814 -0.000113499 2.22651e-14)
(5.93536e-06 -3.82048e-05 5.13032e-14)
(-4.78235e-05 0.000273271 4.03156e-14)
(0.000236582 0.000631777 2.74477e-15)
(0.000723952 0.00059705 2.26929e-14)
(0.000907873 6.32947e-05 -4.35783e-15)
(0.000524409 -0.000474731 1.46644e-14)
(-0.000104448 -0.000556611 1.44837e-14)
(-0.000495246 -0.000233675 6.59759e-16)
(-0.000488166 0.000168576 -7.27238e-14)
(-0.000241277 0.000403946 6.71726e-15)
(3.52781e-05 0.000403968 1.43272e-13)
(0.00022194 0.000227585 9.9397e-14)
(0.000443333 0.000623622 6.09862e-15)
(0.000524691 0.000706911 -1.82451e-15)
(0.000422482 0.000464923 4.8243e-14)
(0.000419852 0.000405488 -2.60463e-14)
(0.000413625 0.000347646 5.76917e-14)
(0.00040461 0.000293033 2.32854e-13)
(0.000390555 0.000238149 -6.85732e-14)
(0.000372425 0.000183795 -5.85607e-14)
(0.00034878 0.000126837 2.70947e-14)
(0.000341122 7.11246e-05 -3.62121e-14)
(0.000321233 2.08197e-05 1.62661e-14)
(0.00027157 -2.73695e-05 1.46946e-14)
(0.000176881 -5.22117e-05 -2.73922e-14)
(5.42382e-05 1.75604e-05 -1.43006e-14)
(2.76041e-05 0.000247071 -2.81008e-14)
(0.000243091 0.000501635 3.27052e-15)
(0.000605966 0.000467167 3.22257e-15)
(0.000745247 5.35137e-05 1.71423e-15)
(0.000444821 -0.000380771 -1.78308e-15)
(-6.91086e-05 -0.000464435 -1.75394e-14)
(-0.000411376 -0.000206706 5.06858e-15)
(-0.000425197 0.000135648 7.22843e-14)
(-0.000216924 0.000347125 8.31629e-14)
(3.0769e-05 0.000352763 -1.66974e-13)
(0.000182331 0.000199392 -2.47386e-13)
(0.000370521 0.000519698 4.15159e-14)
(0.000472797 0.000642337 2.33567e-14)
(0.00040214 0.000455473 -1.69831e-14)
(0.000382175 0.000382172 1.91847e-14)
(0.000373424 0.000326103 9.76449e-15)
(0.000365914 0.000275699 -3.74982e-14)
(0.000353929 0.000226288 5.73941e-14)
(0.000337545 0.000176888 -1.57669e-13)
(0.000315123 0.000125326 -2.20172e-13)
(0.00030179 7.57236e-05 -9.04154e-14)
(0.00028327 3.41999e-05 1.69253e-14)
(0.000242163 1.64027e-06 9.73626e-15)
(0.000171276 -7.863e-06 2.63446e-14)
(8.81739e-05 5.31757e-05 4.52249e-14)
(7.89085e-05 0.000220195 -2.27318e-14)
(0.000240773 0.000397661 -1.98898e-14)
(0.000507785 0.000363507 6.96189e-16)
(0.000610073 4.47769e-05 -6.97729e-15)
(0.000375231 -0.000302424 4.96284e-15)
(-4.09904e-05 -0.000382383 5.40277e-14)
(-0.000335931 -0.000179145 4.56744e-14)
(-0.000365621 0.000110278 -1.85585e-14)
(-0.000198002 0.000299417 -1.73679e-14)
(2.09533e-05 0.000313176 1.0667e-13)
(0.000155097 0.000182617 2.06979e-13)
(0.000341942 0.000429853 1.06431e-14)
(0.000440565 0.000542953 -1.32029e-14)
(0.000350768 0.000361763 3.4338e-14)
(0.000340859 0.000309217 -3.7111e-15)
(0.000331808 0.000260886 -1.58015e-13)
(0.000321115 0.000215742 -5.08963e-14)
(0.00030577 0.000170747 1.92069e-13)
(0.000285048 0.000124476 3.43112e-15)
(0.000267614 8.01249e-05 5.68669e-14)
(0.000251113 4.55995e-05 1.20094e-14)
(0.000218563 2.39675e-05 8.10427e-14)
(0.000166035 2.35419e-05 1.60173e-14)
(0.000111143 7.42935e-05 -1.13305e-14)
(0.000112125 0.000194516 5.91862e-16)
(0.000232667 0.000314963 2.34007e-14)
(0.000426394 0.000281839 -7.99714e-15)
(0.000499135 3.67731e-05 6.33292e-15)
(0.000315236 -0.000237592 -1.84089e-15)
(-1.97509e-05 -0.000311111 -1.53538e-14)
(-0.000270709 -0.000151791 -4.35981e-14)
(-0.000310388 9.06725e-05 -4.22288e-14)
(-0.000179806 0.000258894 -6.37803e-15)
(8.67144e-06 0.000281073 1.84787e-14)
(0.000130961 0.000172896 -7.56011e-14)
(0.000332581 0.000385787 9.88011e-16)
(0.000395997 0.000444987 2.03506e-14)
(0.000303079 0.00028452 -2.73939e-14)
(0.00029842 0.000244259 1.39071e-15)
(0.000288469 0.000203286 -3.54656e-14)
(0.000275322 0.000163684 -1.11737e-13)
(0.000256945 0.000123185 8.70915e-14)
(0.000237078 8.39226e-05 -3.1999e-14)
(0.000223083 5.48727e-05 -5.95451e-14)
(0.000198502 4.06278e-05 -9.38792e-14)
(0.000160116 4.46744e-05 -3.16435e-14)
(0.000124902 8.54514e-05 -3.53835e-14)
(0.000131384 0.000170398 4.00286e-14)
(0.000220285 0.000249753 1.04223e-14)
(0.00035874 0.000218042 -1.98955e-14)
(0.000408215 3.02824e-05 6.08973e-15)
(0.000263947 -0.00018457 2.27511e-14)
(-4.184e-06 -0.000249525 -3.12287e-14)
(-0.000215678 -0.00012537 -3.9814e-14)
(-0.000261053 7.62389e-05 2.37461e-14)
(-0.000162126 0.000224591 2.21711e-14)
(-3.7415e-06 0.000254091 -1.16807e-14)
(0.000108341 0.00016741 -4.78629e-14)
(0.000279844 0.000323756 -2.24616e-14)
(0.000363178 0.000410736 -3.15887e-14)
(0.000282365 0.00027274 5.29263e-14)
(0.000271843 0.000232605 3.58963e-14)
(0.000260903 0.000194229 2.06226e-14)
(0.000248353 0.000157722 9.6457e-14)
(0.000231801 0.000121849 -5.56973e-14)
(0.000210447 8.68678e-05 8.73285e-14)
(0.000198728 6.19311e-05 6.90777e-15)
(0.000180972 5.24943e-05 1.26994e-14)
(0.000153504 5.80953e-05 1.08841e-13)
(0.000131654 8.99421e-05 2.3574e-14)
(0.000140657 0.000148564 -4.37144e-14)
(0.000205258 0.000199002 -2.99294e-14)
(0.000302519 0.000168936 3.62117e-15)
(0.000334184 2.56327e-05 -3.73363e-15)
(0.000220682 -0.000141125 -6.55418e-15)
(7.07992e-06 -0.000196776 1.44155e-14)
(-0.000169614 -0.000100645 3.97897e-14)
(-0.000217392 6.55279e-05 1.8297e-14)
(-0.000144116 0.000195566 3.3052e-14)
(-1.35604e-05 0.000230095 3.91842e-15)
(8.64191e-05 0.000163381 5.74059e-15)
(0.00026921 0.000289222 -3.78064e-14)
(0.000325382 0.000339047 -3.02679e-14)
(0.000241141 0.000215677 4.4744e-15)
(0.000234267 0.000183354 -6.34318e-14)
(0.000222124 0.000150203 -9.33996e-14)
(0.000208151 0.000119105 1.97779e-14)
(0.000188615 8.88816e-05 -2.00575e-14)
(0.000177947 6.76126e-05 5.90301e-14)
(0.000165153 6.02732e-05 -5.67846e-14)
(0.000145978 6.60783e-05 -9.09084e-14)
(0.000133065 8.98629e-05 -1.6796e-14)
(0.000142456 0.000129312 2.59423e-14)
(0.000188684 0.000159392 1.71601e-14)
(0.00025539 0.000131782 1.33765e-14)
(0.0002738 2.25237e-05 -2.45108e-16)
(0.000184029 -0.000105514 -1.28263e-15)
(1.48102e-05 -0.000151985 -2.18205e-15)
(-0.000131885 -7.77421e-05 -1.27383e-14)
(-0.000179764 5.78101e-05 -1.51937e-14)
(-0.000127405 0.000171316 -1.78601e-15)
(-2.1358e-05 0.000208574 5.82916e-15)
(6.7387e-05 0.000160006 3.47621e-14)
(0.000226084 0.000244678 -9.84688e-14)
(0.000297556 0.00031201 -5.034e-14)
(0.000225178 0.000207481 1.60352e-14)
(0.000213203 0.000175685 -1.9405e-14)
(0.000200272 0.00014449 5.12759e-14)
(0.000187164 0.000116207 8.31419e-14)
(0.000170486 8.99147e-05 -1.50065e-14)
(0.00015973 7.13892e-05 -4.82224e-14)
(0.000150559 6.49327e-05 5.03107e-14)
(0.000137796 7.00069e-05 -3.95473e-14)
(0.000130668 8.707e-05 4.3952e-14)
(0.000139338 0.0001127 -2.08072e-15)
(0.000171719 0.000129043 2.46848e-15)
(0.000216127 0.000104144 -4.1448e-15)
(0.00022492 2.12043e-05 -1.0816e-15)
(0.000153559 -7.62686e-05 2.73119e-15)
(2.00157e-05 -0.000113893 2.23678e-15)
(-0.000100971 -5.70942e-05 4.99897e-15)
(-0.000147172 5.30081e-05 1.43272e-14)
(-0.000111161 0.000151193 -3.66676e-14)
(-2.60213e-05 0.000190169 -3.9145e-14)
(5.07726e-05 0.000156973 3.03257e-14)
(0.000216119 0.000218707 -7.33966e-14)
(0.000265416 0.000258863 5.64412e-14)
(0.000188401 0.000163642 4.81824e-14)
(0.000179197 0.000137291 -1.8608e-14)
(0.000167017 0.000111454 -5.0836e-15)
(0.00015359 8.91176e-05 -9.66993e-15)
(0.000143242 7.30044e-05 -7.43778e-14)
(0.000136852 6.7316e-05 1.1915e-14)
(0.000129047 7.09742e-05 1.00261e-13)
(0.000125399 8.27476e-05 -3.38521e-14)
(0.000132838 9.83557e-05 -1.16599e-14)
(0.000154702 0.000105818 -3.11348e-14)
(0.000183124 8.36759e-05 6.32444e-15)
(0.000185034 2.10996e-05 -2.80401e-15)
(0.000128045 -5.24948e-05 -1.22081e-14)
(2.29351e-05 -8.19755e-05 -1.80781e-14)
(-7.62268e-05 -3.87377e-05 -6.48035e-15)
(-0.000119711 5.03607e-05 1.39247e-14)
(-9.66173e-05 0.000134693 5.12681e-14)
(-2.92521e-05 0.000174234 3.31397e-14)
(3.76365e-05 0.000154083 -3.85799e-14)
(0.000181302 0.00018667 9.87457e-14)
(0.000240329 0.000236257 4.01064e-14)
(0.000175962 0.000158368 -5.10105e-14)
(0.000163066 0.000131853 -3.59976e-15)
(0.00015018 0.000107486 3.83011e-14)
(0.00013875 8.75133e-05 -2.75295e-14)
(0.000128411 7.29703e-05 7.68192e-14)
(0.000123922 6.78244e-05 7.52091e-14)
(0.000119845 7.01576e-05 -2.51743e-14)
(0.000118277 7.76891e-05 1.14161e-14)
(0.000124315 8.64138e-05 1.76017e-14)
(0.000138424 8.81982e-05 2.72183e-14)
(0.000155504 6.90792e-05 3.80741e-16)
(0.00015282 2.19813e-05 -5.90308e-15)
(0.000107087 -3.28264e-05 7.78035e-15)
(2.45148e-05 -5.54075e-05 1.64841e-14)
(-5.62621e-05 -2.22893e-05 -1.29084e-14)
(-9.61831e-05 4.94904e-05 -2.41575e-14)
(-8.26176e-05 0.000121809 -5.47158e-14)
(-2.98434e-05 0.000161123 -5.97063e-14)
(2.73104e-05 0.000152256 1.09888e-14)
(0.000174011 0.000168573 2.83257e-14)
(0.000208529 0.0001934 5.65445e-14)
(0.000141931 0.000122237 1.33098e-14)
(0.000134639 0.000101847 7.98845e-15)
(0.000124494 8.4331e-05 -3.00925e-14)
(0.00011482 7.16005e-05 -5.32629e-14)
(0.000111819 6.69971e-05 -3.09728e-14)
(0.000110462 6.81727e-05 -2.81738e-14)
(0.000110031 7.2404e-05 -3.34651e-14)
(0.000114562 7.64821e-05 -2.48993e-14)
(0.000122985 7.47287e-05 -1.8041e-14)
(0.000132071 5.8558e-05 -4.90618e-16)
(0.000126496 2.3249e-05 1.03085e-14)
(8.95218e-05 -1.70107e-05 -2.96153e-15)
(2.47576e-05 -3.37901e-05 -3.38137e-15)
(-4.07461e-05 -8.08685e-06 1.59787e-14)
(-7.66803e-05 4.96104e-05 -8.73674e-15)
(-7.02409e-05 0.000111649 -6.48102e-14)
(-2.95696e-05 0.000149635 -4.29697e-14)
(1.99707e-05 0.000150281 -3.03179e-15)
(0.000153384 0.000152713 9.71818e-15)
(0.000192098 0.000179341 -1.79276e-14)
(0.000127698 0.000112753 4.20144e-15)
(0.000119662 9.49684e-05 -1.47881e-14)
(0.000111541 8.049e-05 4.85865e-14)
(0.000102302 6.91955e-05 2.85385e-14)
(0.000100421 6.52194e-05 -3.61154e-14)
(0.000101037 6.54206e-05 6.02954e-15)
(0.000101132 6.73776e-05 2.41341e-14)
(0.000104397 6.83221e-05 -2.10351e-15)
(0.000108772 6.47313e-05 9.89884e-15)
(0.00011246 5.12532e-05 2.92409e-15)
(0.000105259 2.50862e-05 -4.6488e-15)
(7.52543e-05 -4.13548e-06 -1.67999e-15)
(2.44794e-05 -1.59309e-05 -3.16833e-15)
(-2.83826e-05 4.20418e-06 -1.24171e-14)
(-6.0016e-05 5.08384e-05 -5.38366e-15)
(-5.84373e-05 0.000103865 4.24573e-14)
(-2.71453e-05 0.000140355 6.71162e-14)
(1.51054e-05 0.00014899 6.92085e-15)
(0.000128991 0.000129893 1.09088e-14)
(0.000171615 0.0001606 -1.47516e-14)
(0.000118406 0.000105902 -1.27384e-14)
(0.000109274 8.98899e-05 -3.01028e-14)
(0.000100922 7.71798e-05 9.1184e-15)
(9.21048e-05 6.68682e-05 -2.88874e-14)
(9.01441e-05 6.29505e-05 3.32964e-14)
(9.15078e-05 6.21891e-05 2.40724e-14)
(9.19246e-05 6.2541e-05 -1.06523e-14)
(9.40537e-05 6.14569e-05 3.90984e-15)
(9.55014e-05 5.70188e-05 -3.80559e-15)
(9.56143e-05 4.5982e-05 -3.90972e-15)
(8.76279e-05 2.6793e-05 7.33586e-16)
(6.31961e-05 5.96251e-06 4.21243e-15)
(2.33598e-05 -1.77323e-06 8.48131e-15)
(-1.9055e-05 1.43479e-05 1.76879e-14)
(-4.64439e-05 5.23265e-05 3.32192e-15)
(-4.81711e-05 9.75359e-05 2.46084e-14)
(-2.42286e-05 0.000132149 1.34755e-15)
(1.23314e-05 0.000146695 -3.68284e-14)
(0.000119619 0.000110106 -1.01938e-13)
(0.000146731 0.000128332 -3.24854e-14)
(9.48883e-05 8.29298e-05 -1.59995e-14)
(9.11687e-05 7.3016e-05 2.37436e-15)
(8.28348e-05 6.39898e-05 3.18248e-14)
(8.09165e-05 6.02292e-05 -1.4883e-14)
(8.22117e-05 5.89351e-05 -3.65518e-14)
(8.29982e-05 5.81697e-05 -3.37573e-15)
(8.41162e-05 5.59737e-05 1.70079e-14)
(8.36652e-05 5.12826e-05 6.77466e-15)
(8.15227e-05 4.2514e-05 9.4353e-17)
(7.34086e-05 2.85691e-05 -3.71943e-15)
(5.34644e-05 1.42338e-05 -2.72108e-16)
(2.22086e-05 9.63296e-06 -8.63235e-15)
(-1.16466e-05 2.30365e-05 -6.80372e-15)
(-3.49363e-05 5.4141e-05 4.43265e-14)
(-3.84765e-05 9.27524e-05 1.65223e-14)
(-1.97616e-05 0.000125497 -1.05911e-14)
(1.13777e-05 0.00014409 3.39847e-14)
(0.000105373 9.80907e-05 4.03579e-14)
(0.000135485 0.000117657 2.6579e-14)
(8.56553e-05 7.65143e-05 -1.9596e-14)
(8.13995e-05 6.85208e-05 -2.02728e-14)
(7.42735e-05 6.06558e-05 1.94983e-14)
(7.20906e-05 5.69752e-05 -1.53022e-15)
(7.32693e-05 5.54669e-05 1.88016e-14)
(7.43542e-05 5.40454e-05 6.89198e-15)
(7.47253e-05 5.12775e-05 -8.33188e-15)
(7.29985e-05 4.67947e-05 -7.87539e-15)
(6.95e-05 3.9956e-05 2.12256e-15)
(6.16397e-05 3.00717e-05 2.92769e-15)
(4.53205e-05 2.05638e-05 2.98496e-16)
(2.07501e-05 1.84276e-05 -1.25186e-15)
(-6.14007e-06 2.98892e-05 -5.07483e-15)
(-2.56912e-05 5.56178e-05 -3.61005e-14)
(-3.00924e-05 8.86641e-05 -2.5191e-14)
(-1.54008e-05 0.000119086 2.17577e-14)
(1.16128e-05 0.000140138 1.61015e-14)
(8.78297e-05 8.28562e-05 2.94584e-14)
(0.000120724 0.000105391 4.67303e-14)
(8.03656e-05 7.33734e-05 6.35132e-14)
(7.44831e-05 6.50603e-05 1.24158e-14)
(6.692e-05 5.74711e-05 -1.42551e-15)
(6.39771e-05 5.35458e-05 -5.48235e-14)
(6.47919e-05 5.19621e-05 -2.14283e-14)
(6.60417e-05 5.02682e-05 2.05118e-14)
(6.59001e-05 4.73305e-05 -2.20342e-15)
(6.34783e-05 4.34026e-05 -1.08367e-15)
(5.93639e-05 3.8207e-05 7.48518e-15)
(5.20855e-05 3.15156e-05 -4.45588e-15)
(3.87875e-05 2.56085e-05 -2.69391e-15)
(1.95167e-05 2.54452e-05 1.12782e-14)
(-1.68012e-06 3.55439e-05 -8.39575e-15)
(-1.77484e-05 5.70827e-05 6.31036e-15)
(-2.22319e-05 8.54113e-05 4.05488e-14)
(-1.00081e-05 0.000113689 1.1353e-14)
(1.31857e-05 0.000135928 -3.11561e-14)
(8.10711e-05 7.3195e-05 3.28891e-14)
(0.000105047 8.91558e-05 -1.51611e-14)
(6.34888e-05 5.97098e-05 -3.64881e-14)
(6.01442e-05 5.38533e-05 1.08624e-14)
(5.60711e-05 4.98535e-05 4.97016e-14)
(5.6923e-05 4.86072e-05 -6.23302e-15)
(5.83435e-05 4.68143e-05 -1.87095e-14)
(5.78304e-05 4.40379e-05 1.06721e-14)
(5.50524e-05 4.06432e-05 2.21854e-15)
(5.06766e-05 3.68841e-05 -1.9573e-15)
(4.40946e-05 3.2548e-05 -3.18841e-16)
(3.32452e-05 2.93129e-05 4.0498e-15)
(1.8118e-05 3.0548e-05 -3.39664e-16)
(1.52331e-06 3.96809e-05 4.19023e-15)
(-1.15133e-05 5.78749e-05 9.07475e-15)
(-1.54578e-05 8.23429e-05 3.84023e-15)
(-5.08078e-06 0.000108439 1.12727e-15)
(1.45256e-05 0.000128129 -3.34294e-16)
(7.16731e-05 6.63814e-05 2.95019e-14)
(9.69568e-05 8.16429e-05 -1.30845e-15)
(5.72547e-05 5.46047e-05 2.45892e-14)
(5.31575e-05 4.95056e-05 -3.26035e-14)
(4.89615e-05 4.62425e-05 -1.57666e-14)
(4.96388e-05 4.53702e-05 -1.73074e-15)
(5.12453e-05 4.37145e-05 -4.25963e-15)
(5.05534e-05 4.12934e-05 5.13126e-15)
(4.7738e-05 3.85506e-05 -3.45828e-15)
(4.34813e-05 3.60267e-05 1.32134e-15)
(3.77167e-05 3.35003e-05 -5.85067e-16)
(2.89206e-05 3.22285e-05 4.38507e-15)
(1.71056e-05 3.45097e-05 -4.38473e-15)
(4.22918e-06 4.29105e-05 -5.79716e-15)
(-6.054e-06 5.84852e-05 1.32997e-14)
(-9.11457e-06 7.97473e-05 -1.9275e-14)
(-8.13721e-07 0.000102397 -3.13442e-14)
(1.6537e-05 0.000121439 2.95414e-14)
(6.02152e-05 5.71844e-05 3.80925e-15)
(8.5542e-05 7.21204e-05 3.08442e-15)
(5.30544e-05 5.03278e-05 -7.13552e-15)
(4.82318e-05 4.56451e-05 1.62463e-14)
(4.30603e-05 4.28446e-05 6.36626e-15)
(4.30276e-05 4.21696e-05 1.0887e-14)
(4.47969e-05 4.08622e-05 1.77263e-14)
(4.4018e-05 3.88446e-05 -1.42572e-14)
(4.12806e-05 3.67858e-05 9.67848e-15)
(3.72886e-05 3.5227e-05 1.52055e-15)
(3.23249e-05 3.40993e-05 1.03766e-15)
(2.52253e-05 3.41844e-05 -2.20102e-15)
(1.60416e-05 3.72035e-05 -3.96496e-17)
(6.17487e-06 4.49455e-05 8.90508e-15)
(-1.76057e-06 5.84336e-05 3.40662e-15)
(-4.23754e-06 7.66928e-05 -2.93852e-14)
(3.47257e-06 9.71857e-05 -4.19393e-15)
(1.94625e-05 0.00011475 -1.18416e-14)
(5.44826e-05 4.88202e-05 1.92512e-16)
(7.35035e-05 5.93766e-05 2.46532e-14)
(4.04034e-05 4.12813e-05 -7.98371e-15)
(3.82204e-05 3.94882e-05 -4.14471e-14)
(3.69777e-05 3.91934e-05 6.42256e-15)
(3.90559e-05 3.82587e-05 3.29493e-15)
(3.82081e-05 3.67458e-05 2.30522e-15)
(3.57003e-05 3.5326e-05 1.2078e-15)
(3.21198e-05 3.46137e-05 -2.82624e-15)
(2.79573e-05 3.45188e-05 1.04622e-17)
(2.23067e-05 3.56028e-05 -5.926e-16)
(1.52663e-05 3.91021e-05 5.90967e-15)
(7.85217e-06 4.63243e-05 4.77462e-15)
(1.92563e-06 5.81281e-05 -2.2082e-14)
(7.38348e-07 7.41151e-05 5.00622e-15)
(7.25657e-06 9.22121e-05 2.33768e-14)
(2.17379e-05 0.000109336 -3.8037e-15)
(4.77517e-05 4.39068e-05 -4.28266e-15)
(6.7318e-05 5.38979e-05 -1.19216e-14)
(3.64309e-05 3.76441e-05 -6.89579e-15)
(3.32256e-05 3.61971e-05 1.89607e-14)
(3.17479e-05 3.63853e-05 -1.6208e-14)
(3.39598e-05 3.57982e-05 -2.36182e-14)
(3.3223e-05 3.48499e-05 -8.07285e-15)
(3.09784e-05 3.39943e-05 -1.46748e-15)
(2.77827e-05 3.39901e-05 2.97863e-15)
(2.43347e-05 3.46211e-05 -1.19156e-15)
(1.98724e-05 3.63617e-05 3.51152e-16)
(1.45231e-05 4.01083e-05 -4.24669e-16)
(9.07725e-06 4.68416e-05 -1.32154e-14)
(4.94076e-06 5.72519e-05 1.47676e-15)
(4.34206e-06 7.12838e-05 5.9738e-15)
(1.13374e-05 8.78145e-05 -1.94751e-14)
(2.5665e-05 0.000103334 1.11284e-14)
(3.98193e-05 3.82126e-05 9.36834e-14)
(5.85502e-05 4.7948e-05 6.03825e-14)
(3.37638e-05 3.5054e-05 -2.64735e-14)
(2.96522e-05 3.35635e-05 2.60816e-15)
(2.73798e-05 3.37641e-05 1.07056e-14)
(2.9447e-05 3.34719e-05 -5.70912e-15)
(2.891e-05 3.30316e-05 9.06555e-15)
(2.69377e-05 3.27545e-05 -8.96643e-16)
(2.41914e-05 3.33089e-05 1.21945e-15)
(2.13998e-05 3.45045e-05 -3.02114e-16)
(1.79691e-05 3.66917e-05 -1.39877e-15)
(1.40482e-05 4.05817e-05 -7.4412e-15)
(1.02498e-05 4.68924e-05 -4.60711e-16)
(7.58421e-06 5.619e-05 1.42516e-14)
(8.50363e-06 6.85924e-05 -1.61552e-14)
(1.46768e-05 8.35604e-05 3.93322e-15)
(3.48781e-05 3.3298e-05 3.0055e-14)
(5.00838e-05 4.10848e-05 1.52513e-14)
(2.37628e-05 3.05239e-05 1.41548e-14)
(2.42229e-05 3.13053e-05 2.53542e-15)
(2.53737e-05 3.1375e-05 5.53037e-15)
(2.53823e-05 3.13915e-05 -9.13462e-15)
(2.35886e-05 3.15675e-05 5.998e-15)
(2.11803e-05 3.25065e-05 -2.39258e-15)
(1.89227e-05 3.40538e-05 5.97983e-16)
(1.63257e-05 3.64905e-05 2.5942e-15)
(1.35579e-05 4.03888e-05 -1.70267e-16)
(1.11055e-05 4.62807e-05 8.21281e-15)
(9.83085e-06 5.46175e-05 -2.41322e-15)
(1.13109e-05 6.5598e-05 1.09945e-14)
(1.77511e-05 7.84026e-05 9.20279e-15)
(3.09905e-05 3.0507e-05 -4.55842e-14)
(4.51691e-05 3.74781e-05 -1.96383e-14)
(2.10477e-05 2.82052e-05 -7.40927e-15)
(2.09195e-05 2.90302e-05 1.29087e-14)
(2.19598e-05 2.9491e-05 -7.75161e-15)
(2.23144e-05 2.98268e-05 1.07446e-14)
(2.07794e-05 3.03062e-05 -2.53674e-15)
(1.8704e-05 3.15488e-05 1.04509e-15)
(1.69268e-05 3.33297e-05 2.35056e-16)
(1.50622e-05 3.59066e-05 6.17619e-16)
(1.32834e-05 3.978e-05 1.85328e-15)
(1.19813e-05 4.52905e-05 -6.93087e-15)
(1.17481e-05 5.28161e-05 -8.49476e-15)
(1.43702e-05 6.24773e-05 5.20869e-15)
(2.08955e-05 7.369e-05 -4.00949e-16)
(2.78327e-05 2.80316e-05 2.96821e-14)
(4.08169e-05 3.38935e-05 -9.77318e-15)
(1.80783e-05 2.59089e-05 -1.27705e-16)
(1.81268e-05 2.69964e-05 -1.36834e-14)
(1.90869e-05 2.77174e-05 2.55488e-14)
(1.97857e-05 2.82527e-05 -1.52469e-16)
(1.84318e-05 2.89268e-05 1.75483e-15)
(1.66427e-05 3.03266e-05 4.0674e-15)
(1.52709e-05 3.22389e-05 -1.76773e-15)
(1.40431e-05 3.48749e-05 -1.22604e-15)
(1.30834e-05 3.86614e-05 2.93386e-16)
(1.2688e-05 4.38098e-05 2.87271e-15)
(1.34524e-05 5.05649e-05 1.51993e-14)
(1.63417e-05 5.90023e-05 -4.18213e-15)
(2.28655e-05 6.85369e-05 -1.14033e-14)
(2.43713e-05 2.52257e-05 -4.38789e-15)
(3.68489e-05 3.07763e-05 3.98669e-14)
(1.62933e-05 2.37948e-05 3.75675e-15)
(1.57297e-05 2.47174e-05 5.368e-15)
(1.66102e-05 2.59032e-05 -1.38633e-14)
(1.75866e-05 2.65204e-05 -3.75717e-15)
(1.64145e-05 2.73431e-05 -7.32124e-15)
(1.48885e-05 2.88457e-05 -1.9299e-15)
(1.39219e-05 3.08382e-05 1.65253e-15)
(1.32776e-05 3.35388e-05 -2.17811e-15)
(1.30458e-05 3.72316e-05 4.57486e-15)
(1.34327e-05 4.20484e-05 7.21174e-15)
(1.48223e-05 4.81164e-05 -1.4673e-14)
(1.84927e-05 5.54744e-05 1.02487e-15)
(2.47397e-05 6.35754e-05 1.96836e-14)
(2.06965e-05 2.20972e-05 -3.23096e-14)
(3.17224e-05 2.7205e-05 -1.6137e-14)
(1.47208e-05 2.12983e-05 1.24135e-14)
(1.37646e-05 2.2615e-05 -1.61801e-14)
(1.47167e-05 2.39603e-05 1.12362e-14)
(1.57671e-05 2.46211e-05 1.63356e-15)
(1.47622e-05 2.5517e-05 5.52395e-15)
(1.34445e-05 2.70996e-05 1.06565e-16)
(1.28476e-05 2.91911e-05 -7.40797e-16)
(1.27212e-05 3.19328e-05 4.5582e-16)
(1.30606e-05 3.55252e-05 -4.9172e-15)
(1.40272e-05 3.99919e-05 -3.45325e-15)
(1.60789e-05 4.54131e-05 8.29711e-15)
(1.96796e-05 5.17527e-05 8.9921e-15)
(2.56136e-05 5.85313e-05 -4.90662e-15)
(1.69976e-05 1.87235e-05 -1.47461e-15)
(2.60999e-05 2.32047e-05 -2.02205e-14)
(1.06308e-05 2.00949e-05 1.01007e-14)
(1.34198e-05 2.17385e-05 8.35784e-15)
(1.4138e-05 2.24853e-05 -3.90342e-15)
(1.33819e-05 2.34852e-05 -1.09892e-15)
(1.23103e-05 2.51691e-05 2.09553e-15)
(1.20592e-05 2.74026e-05 1.11745e-15)
(1.2366e-05 3.01768e-05 4.34499e-16)
(1.31739e-05 3.36604e-05 -1.30634e-15)
(1.46054e-05 3.77916e-05 -4.66963e-15)
(1.68959e-05 4.25936e-05 -4.52116e-15)
(2.09914e-05 4.80959e-05 -6.42722e-15)
(2.65477e-05 5.3805e-05 -1.17754e-14)
(1.54908e-05 1.63336e-05 1.98622e-14)
(2.37494e-05 2.03328e-05 1.13834e-14)
(9.51611e-06 1.76384e-05 -9.53504e-15)
(1.21506e-05 1.94875e-05 2.40319e-15)
(1.29107e-05 2.02466e-05 -4.42965e-16)
(1.2344e-05 2.1335e-05 -4.00799e-15)
(1.1549e-05 2.3263e-05 2.49444e-16)
(1.16241e-05 2.56234e-05 2.32337e-16)
(1.22557e-05 2.84107e-05 1.33616e-15)
(1.33707e-05 3.17191e-05 -2.59217e-15)
(1.50385e-05 3.54522e-05 2.35529e-15)
(1.77461e-05 3.96996e-05 5.86419e-15)
(2.15483e-05 4.44634e-05 -7.14513e-17)
(2.62497e-05 4.84295e-05 6.9176e-15)
(1.36585e-05 1.41852e-05 -1.87349e-14)
(2.19027e-05 1.73834e-05 -7.83474e-15)
(8.6546e-06 1.57608e-05 1.39108e-14)
(1.11274e-05 1.72774e-05 -1.18837e-14)
(1.18811e-05 1.80295e-05 1.48478e-15)
(1.16582e-05 1.94455e-05 -4.87267e-17)
(1.11918e-05 2.15133e-05 9.16324e-17)
(1.14449e-05 2.39259e-05 8.64428e-16)
(1.22925e-05 2.66543e-05 3.44993e-16)
(1.35775e-05 2.97037e-05 7.57946e-16)
(1.54741e-05 3.30542e-05 -5.57435e-15)
(1.81963e-05 3.67785e-05 -1.13985e-15)
(2.16083e-05 4.00542e-05 9.67613e-15)
(2.59392e-05 4.32339e-05 -2.97407e-15)
(1.18325e-05 1.26345e-05 -6.92936e-15)
(1.99919e-05 1.581e-05 3.21529e-16)
(8.16019e-06 1.40605e-05 3.23017e-15)
(1.00215e-05 1.53812e-05 5.36617e-16)
(1.13545e-05 1.6478e-05 -4.5427e-15)
(1.14501e-05 1.79772e-05 2.64396e-15)
(1.10616e-05 2.00083e-05 1.77925e-15)
(1.14765e-05 2.24396e-05 -1.5955e-15)
(1.24104e-05 2.49196e-05 -3.33981e-16)
(1.3777e-05 2.76607e-05 7.01836e-15)
(1.5737e-05 3.05927e-05 4.75384e-15)
(1.80673e-05 3.33769e-05 -3.38289e-15)
(2.10652e-05 3.61033e-05 -5.53767e-15)
(2.53435e-05 3.87049e-05 2.30584e-15)
(9.80995e-06 1.1691e-05 -1.12681e-14)
(1.70442e-05 1.43937e-05 -3.96183e-15)
(7.35421e-06 1.29604e-05 8.18593e-16)
(9.46303e-06 1.44193e-05 -3.54813e-15)
(1.09979e-05 1.55344e-05 1.47758e-15)
(1.12137e-05 1.67683e-05 -8.28541e-16)
(1.11339e-05 1.88715e-05 -1.48086e-15)
(1.15474e-05 2.09194e-05 -3.4898e-16)
(1.24201e-05 2.31151e-05 1.50659e-15)
(1.38423e-05 2.55326e-05 1.80585e-15)
(1.55441e-05 2.79755e-05 1.69236e-15)
(1.78263e-05 3.03944e-05 -1.48524e-15)
(2.09041e-05 3.26335e-05 -5.67583e-15)
(2.4625e-05 3.48048e-05 5.21933e-16)
(8.16445e-06 1.13408e-05 6.30887e-16)
(1.48055e-05 1.39716e-05 -3.22443e-15)
(7.40745e-06 1.38805e-05 3.42373e-15)
(1.0898e-05 1.46426e-05 8.7645e-16)
(1.11769e-05 1.60657e-05 -1.84574e-15)
(1.11497e-05 1.7662e-05 3.07764e-15)
(1.14027e-05 1.93355e-05 -5.68898e-17)
(1.24196e-05 2.12925e-05 5.16891e-16)
(1.37468e-05 2.33791e-05 -1.84292e-15)
(1.55134e-05 2.55284e-05 -1.2491e-15)
(1.75167e-05 2.76236e-05 1.73751e-15)
(2.01644e-05 2.96727e-05 5.60343e-15)
(2.42106e-05 3.14404e-05 4.13595e-15)
(6.97097e-06 1.10929e-05 1.58204e-14)
(1.34806e-05 1.3422e-05 5.34837e-15)
(7.25849e-06 1.34946e-05 -1.00782e-14)
(1.07096e-05 1.41819e-05 2.07866e-16)
(1.08817e-05 1.51517e-05 1.07317e-15)
(1.07568e-05 1.62382e-05 -1.92076e-15)
(1.13081e-05 1.78008e-05 1.25542e-15)
(1.2321e-05 1.94487e-05 3.69051e-17)
(1.3674e-05 2.12833e-05 -3.08654e-15)
(1.51874e-05 2.31527e-05 -1.53134e-15)
(1.7215e-05 2.50059e-05 5.43928e-15)
(2.00071e-05 2.68976e-05 3.25697e-15)
(6.23636e-06 1.07933e-05 -1.23341e-15)
(1.23861e-05 1.27681e-05 -3.29037e-15)
(6.84253e-06 1.32119e-05 9.0794e-15)
(1.0229e-05 1.34572e-05 -1.14267e-16)
(1.02562e-05 1.39223e-05 -1.94164e-16)
(1.04625e-05 1.50362e-05 -8.86374e-16)
(1.11147e-05 1.63701e-05 -2.06182e-16)
(1.21925e-05 1.77894e-05 -8.95678e-16)
(1.34893e-05 1.93438e-05 2.49006e-15)
(1.51032e-05 2.09427e-05 2.38874e-15)
(1.69933e-05 2.25431e-05 -4.36134e-15)
(1.90754e-05 2.39815e-05 -7.63057e-15)
(5.40125e-06 1.02996e-05 -1.12577e-15)
(1.13919e-05 1.22127e-05 1.05675e-14)
(6.76108e-06 1.26008e-05 -4.93724e-15)
(9.48497e-06 1.23646e-05 -1.55113e-15)
(9.76415e-06 1.29497e-05 4.25647e-15)
(1.01366e-05 1.39827e-05 -1.25888e-15)
(1.09073e-05 1.51461e-05 -6.87602e-16)
(1.19671e-05 1.63554e-05 1.40416e-15)
(1.3295e-05 1.76244e-05 1.49774e-15)
(1.46897e-05 1.88909e-05 -4.08927e-15)
(1.63936e-05 2.01126e-05 1.56765e-15)
(1.87056e-05 2.11612e-05 1.03756e-15)
(4.93649e-06 9.62639e-06 -1.62649e-16)
(1.0025e-05 1.13099e-05 1.18863e-15)
(6.06166e-06 1.1625e-05 -2.76926e-15)
(9.03181e-06 1.14468e-05 1.20119e-15)
(9.37676e-06 1.20738e-05 -2.39036e-15)
(9.85872e-06 1.30021e-05 1.81152e-15)
(1.06321e-05 1.40779e-05 4.25261e-16)
(1.16819e-05 1.50526e-05 -1.15347e-15)
(1.28466e-05 1.61311e-05 -7.67809e-18)
(1.42717e-05 1.69887e-05 8.34908e-17)
(1.5836e-05 1.77863e-05 -3.42256e-15)
(1.74862e-05 1.84994e-05 -9.592e-16)
(5.21304e-06 9.57755e-06 -3.46328e-15)
(1.049e-05 1.07816e-05 -3.31591e-16)
(7.76561e-06 1.08105e-05 -1.19923e-15)
(9.21487e-06 1.10636e-05 6.81182e-16)
(9.57392e-06 1.20364e-05 4.86236e-16)
(1.03892e-05 1.29049e-05 -3.52945e-16)
(1.13061e-05 1.3799e-05 -4.75992e-16)
(1.23473e-05 1.44775e-05 1.85784e-15)
(1.33232e-05 1.49998e-05 -1.42106e-15)
(1.47332e-05 1.54745e-05 -1.8327e-15)
(1.66566e-05 1.58558e-05 2.46401e-15)
(4.79174e-06 8.98838e-06 7.14666e-15)
(9.88004e-06 9.902e-06 4.15168e-15)
(7.75479e-06 9.90268e-06 1.23979e-16)
(8.93616e-06 1.00045e-05 -1.41029e-15)
(9.29843e-06 1.08116e-05 -9.15141e-16)
(1.00593e-05 1.15059e-05 -1.92481e-16)
(1.07537e-05 1.21137e-05 1.09786e-15)
(1.13272e-05 1.25411e-05 -1.59317e-15)
(1.24424e-05 1.29446e-05 -1.84793e-15)
(1.3808e-05 1.32747e-05 5.19962e-15)
(1.52668e-05 1.35933e-05 1.32015e-15)
(4.65537e-06 8.2919e-06 1.94029e-15)
(9.32324e-06 8.99833e-06 -3.60528e-15)
(7.30513e-06 8.80396e-06 9.66784e-16)
(8.54402e-06 8.78852e-06 2.84349e-15)
(8.90836e-06 9.34251e-06 -1.76075e-16)
(9.51863e-06 9.87323e-06 -8.63801e-16)
(9.96947e-06 1.02268e-05 -7.04533e-16)
(1.06481e-05 1.0698e-05 1.1543e-15)
(1.14598e-05 1.11112e-05 3.18376e-15)
(1.27214e-05 1.14608e-05 1.61854e-15)
(1.44587e-05 1.17723e-05 2.15671e-15)
(4.36715e-06 7.48374e-06 -1.21831e-15)
(8.62399e-06 7.88557e-06 7.29175e-16)
(7.05638e-06 7.68587e-06 3.22525e-15)
(8.02974e-06 7.47809e-06 -3.96913e-15)
(8.38345e-06 7.92714e-06 -2.97398e-18)
(8.9215e-06 8.25129e-06 4.35422e-16)
(9.40088e-06 8.63984e-06 -2.80276e-16)
(9.90147e-06 9.1073e-06 -2.02093e-15)
(1.08486e-05 9.55855e-06 -4.25783e-16)
(1.21306e-05 1.00187e-05 -1.2697e-16)
(1.31997e-05 1.01244e-05 -1.95311e-15)
(4.18644e-06 6.61265e-06 2.50918e-15)
(7.98684e-06 6.78986e-06 -2.1512e-15)
(6.42306e-06 6.53995e-06 -7.28339e-16)
(7.50813e-06 6.27125e-06 2.21594e-15)
(7.83496e-06 6.61472e-06 -1.01998e-15)
(8.40089e-06 6.88522e-06 6.66078e-16)
(8.87023e-06 7.22524e-06 -1.16406e-15)
(9.49964e-06 7.65286e-06 1.98893e-15)
(1.02768e-05 8.13953e-06 1.33252e-15)
(1.10812e-05 8.3546e-06 -4.40589e-15)
(1.21309e-05 8.35658e-06 5.26731e-16)
(3.79817e-06 5.72136e-06 -1.91134e-15)
(7.25705e-06 5.73252e-06 -3.22243e-15)
(6.10775e-06 5.42368e-06 -2.26915e-15)
(6.94297e-06 5.17235e-06 -1.12323e-15)
(7.33048e-06 5.42554e-06 7.82175e-16)
(7.89067e-06 5.66203e-06 3.58099e-16)
(8.42081e-06 5.90187e-06 1.40353e-15)
(8.955e-06 6.29501e-06 -1.03499e-15)
(9.55851e-06 6.52256e-06 -2.55505e-15)
(1.02266e-05 6.69713e-06 1.43254e-15)
(3.64852e-06 4.77416e-06 -8.31377e-15)
(6.56824e-06 4.68801e-06 1.52575e-15)
(5.46177e-06 4.56258e-06 4.42044e-15)
(6.50609e-06 4.20546e-06 -3.52034e-16)
(6.83134e-06 4.43054e-06 -1.04509e-15)
(7.40853e-06 4.57693e-06 3.8373e-16)
(7.92772e-06 4.76502e-06 2.26253e-16)
(8.39145e-06 4.97363e-06 -3.80943e-16)
(8.80162e-06 5.16534e-06 5.7685e-16)
(9.29979e-06 5.30288e-06 1.80677e-15)
(4.50639e-06 3.9326e-06 1.43776e-15)
(6.79192e-06 3.3735e-06 -8.95773e-16)
(5.64386e-06 3.50264e-06 -7.215e-16)
(6.42158e-06 3.5359e-06 -2.48664e-16)
(6.90371e-06 3.64183e-06 3.46828e-16)
(7.38484e-06 3.73925e-06 -7.66734e-16)
(7.75612e-06 3.85874e-06 -4.31563e-16)
(8.18147e-06 4.01522e-06 5.85245e-16)
(8.63492e-06 4.14972e-06 -1.46021e-15)
(4.05534e-06 3.31288e-06 -1.20053e-15)
(6.23805e-06 2.54947e-06 -1.56992e-15)
(5.4411e-06 2.79419e-06 1.16325e-15)
(5.97335e-06 2.73477e-06 3.19305e-17)
(6.38986e-06 2.8118e-06 -1.17919e-15)
(6.83691e-06 2.82136e-06 -9.04046e-17)
(7.22345e-06 2.89475e-06 1.55e-15)
(7.55653e-06 2.97284e-06 4.02842e-16)
(8.05356e-06 3.10829e-06 6.88817e-16)
(3.81612e-06 2.65887e-06 1.74061e-16)
(5.81229e-06 1.96564e-06 1.24355e-15)
(5.00418e-06 2.10264e-06 1.08413e-16)
(5.55046e-06 2.0153e-06 -5.72828e-16)
(5.91362e-06 2.03109e-06 2.67039e-17)
(6.28697e-06 2.00846e-06 -5.4939e-16)
(6.59543e-06 2.01341e-06 -4.9358e-18)
(7.0149e-06 2.07133e-06 1.56833e-15)
(7.44456e-06 2.16712e-06 9.73645e-17)
(3.48638e-06 2.10267e-06 -4.84044e-15)
(5.31736e-06 1.36442e-06 -2.60876e-16)
(4.73448e-06 1.49952e-06 7.08897e-16)
(5.12059e-06 1.36463e-06 -5.62679e-16)
(5.43006e-06 1.34809e-06 9.24968e-17)
(5.756e-06 1.29102e-06 3.78818e-16)
(6.11662e-06 1.31237e-06 4.14618e-16)
(6.48864e-06 1.35483e-06 -4.30312e-16)
(6.89632e-06 1.38488e-06 3.40117e-16)
(3.26259e-06 1.58684e-06 -4.01483e-15)
(4.90257e-06 8.70733e-07 -2.53867e-16)
(4.30204e-06 9.58003e-07 6.34699e-16)
(4.72422e-06 8.11801e-07 -3.9548e-16)
(4.99854e-06 7.67957e-07 -2.46016e-16)
(5.33127e-06 7.24894e-07 -4.35717e-16)
(5.64949e-06 7.20547e-07 -8.31917e-16)
(5.99892e-06 7.12675e-07 5.83772e-16)
(6.34611e-06 7.295e-07 9.08738e-16)
(2.95381e-06 1.16643e-06 4.0897e-15)
(4.45622e-06 3.9814e-07 9.21617e-16)
(4.0297e-06 5.10369e-07 -5.30526e-16)
(4.34256e-06 3.28458e-07 7.0086e-16)
(4.62567e-06 2.6624e-07 -2.02892e-16)
(4.91495e-06 1.82789e-07 8.98803e-17)
(5.20299e-06 1.47586e-07 -6.46072e-17)
(5.52523e-06 1.04297e-07 -7.91481e-16)
(2.7242e-06 8.23509e-07 6.55613e-17)
(4.06478e-06 8.37376e-08 3.10932e-16)
(3.63854e-06 1.22683e-07 1.37943e-15)
(3.98058e-06 -7.59309e-08 -1.22707e-15)
(4.22096e-06 -1.95959e-07 2.64073e-16)
(4.50606e-06 -3.01288e-07 -3.1474e-16)
(4.76915e-06 -3.82709e-07 -6.95194e-16)
(5.02452e-06 -4.73664e-07 3.57989e-16)
(2.41668e-06 6.19668e-07 4.14096e-16)
(3.61923e-06 -2.30311e-07 -2.50681e-16)
(3.31263e-06 -2.07651e-07 1.38083e-16)
(3.56941e-06 -4.34879e-07 -5.71329e-17)
(3.8368e-06 -5.84046e-07 5.41694e-16)
(4.09503e-06 -7.43842e-07 5.373e-16)
(4.29401e-06 -8.78026e-07 -2.44248e-16)
(4.54523e-06 -9.8904e-07 -2.00341e-16)
(2.75195e-06 -2.61197e-07 -2.56116e-15)
(3.29974e-06 -7.28595e-07 -9.4766e-16)
(3.13793e-06 -7.02002e-07 -2.91018e-16)
(3.41364e-06 -9.6092e-07 7.47777e-17)
(3.62157e-06 -1.14573e-06 3.33917e-16)
(3.85688e-06 -1.29007e-06 6.82259e-16)
(4.07764e-06 -1.42703e-06 -6.22475e-16)
(2.30404e-06 -4.87221e-07 -1.00242e-15)
(2.82468e-06 -1.00386e-06 -7.6436e-16)
(2.66666e-06 -9.81706e-07 3.34836e-16)
(2.99183e-06 -1.24676e-06 4.25132e-16)
(3.22138e-06 -1.42566e-06 -3.1229e-16)
(3.4276e-06 -1.5897e-06 -6.44377e-16)
(3.66243e-06 -1.73795e-06 1.26335e-16)
(1.93506e-06 -7.48014e-07 -1.1857e-15)
(2.42722e-06 -1.22279e-06 -2.36485e-16)
(2.38639e-06 -1.18091e-06 1.91839e-16)
(2.63324e-06 -1.42792e-06 1.57545e-16)
(2.82389e-06 -1.61236e-06 3.48502e-17)
(3.04433e-06 -1.77821e-06 -1.23691e-15)
(3.27088e-06 -1.91943e-06 9.33645e-16)
(1.76257e-06 -9.47349e-07 -8.36328e-17)
(2.25247e-06 -1.43282e-06 9.1857e-16)
(2.17838e-06 -1.40711e-06 -2.54871e-16)
(2.45594e-06 -1.68542e-06 -2.01127e-16)
(2.66986e-06 -1.88182e-06 1.93706e-17)
(2.88909e-06 -2.0454e-06 -1.42697e-16)
(3.13757e-06 -2.21906e-06 -3.59669e-16)
(1.56326e-06 -1.03488e-06 -1.71831e-15)
(1.9987e-06 -1.4826e-06 3.72811e-17)
(2.02016e-06 -1.48841e-06 2.18961e-17)
(2.24612e-06 -1.74127e-06 -3.90027e-17)
(2.46706e-06 -1.93516e-06 -3.7558e-16)
(2.65353e-06 -2.08214e-06 1.37904e-16)
(1.41425e-06 -1.12729e-06 -1.27447e-16)
(1.77719e-06 -1.5179e-06 -3.89365e-17)
(1.79969e-06 -1.57362e-06 -6.22984e-17)
(2.02973e-06 -1.81014e-06 2.06482e-16)
(2.24197e-06 -2.01313e-06 -2.09117e-16)
(2.4066e-06 -2.14867e-06 -8.3029e-16)
(1.24654e-06 -1.20567e-06 7.18884e-16)
(1.55663e-06 -1.57023e-06 1.43167e-16)
(1.63794e-06 -1.64404e-06 -3.00048e-16)
(1.81756e-06 -1.87521e-06 4.79543e-17)
(2.0246e-06 -2.08207e-06 2.77479e-16)
(2.14265e-06 -2.20922e-06 6.70928e-17)
(1.13301e-06 -1.27369e-06 1.01586e-15)
(1.37217e-06 -1.60678e-06 4.95864e-16)
(1.43254e-06 -1.71517e-06 -1.69154e-16)
(1.61683e-06 -1.94242e-06 -9.51221e-17)
(1.80636e-06 -2.15961e-06 -3.65037e-16)
(1.90656e-06 -2.28285e-06 -3.49572e-17)
(9.5121e-07 -1.32411e-06 3.20225e-16)
(1.16095e-06 -1.62159e-06 -3.63652e-16)
(1.26873e-06 -1.75724e-06 2.17406e-16)
(1.39778e-06 -1.95664e-06 1.14626e-16)
(1.58151e-06 -2.16074e-06 2.50829e-16)
(1.64449e-06 -2.26437e-06 3.43446e-16)
(8.58761e-07 -1.42802e-06 -7.48087e-16)
(9.94441e-07 -1.70111e-06 9.76841e-17)
(1.08705e-06 -1.83825e-06 2.34355e-16)
(1.26559e-06 -2.05737e-06 -1.81651e-16)
(1.41669e-06 -2.27564e-06 -2.46738e-16)
(1.4745e-06 -2.373e-06 7.85768e-17)
(9.00682e-07 -1.79114e-06 4.38026e-20)
(9.35301e-07 -1.7972e-06 4.38132e-17)
(9.98421e-07 -1.92212e-06 6.83349e-17)
(1.18248e-06 -2.09422e-06 2.15169e-16)
(1.2143e-06 -2.15184e-06 3.57417e-17)
(7.7305e-07 -1.81905e-06 1.23603e-16)
(8.94176e-07 -1.97093e-06 2.31994e-16)
(1.04805e-06 -2.14524e-06 5.81978e-17)
(1.18637e-06 -2.34478e-06 -9.26981e-17)
(1.21383e-06 -2.41502e-06 -1.22932e-16)
(5.33776e-07 -1.34556e-06 -1.2341e-16)
(6.33631e-07 -1.38383e-06 1.0222e-16)
(7.15919e-07 -1.46068e-06 2.92049e-17)
(8.66411e-07 -1.58463e-06 1.05981e-16)
(8.49331e-07 -1.60184e-06 1.81957e-16)
(8.60495e-07 -2.08638e-06 1.26986e-16)
(9.69747e-07 -2.22285e-06 -1.22776e-16)
(1.09695e-06 -2.42045e-06 7.12191e-17)
(1.19851e-06 -2.63714e-06 8.20504e-17)
(2.82482e-07 -4.57074e-07 -6.72053e-17)
(3.78839e-07 -4.32501e-07 1.0748e-16)
(4.11647e-07 -4.23856e-07 -1.07039e-16)
(5.01676e-07 -5.23278e-07 1.31945e-16)
(1.4018e-06 -3.07468e-06 -2.60354e-16)
(1.50209e-06 -3.24896e-06 8.6821e-17)
(1.61937e-06 -3.5714e-06 -4.46582e-17)
(1.8083e-06 -3.93587e-06 2.38452e-16)
)
;

boundaryField
{
    inlet
    {
        type            calculated;
        value           nonuniform List<vector> 4((0.00254132 0.347072 -2.71259e-16) (-0.00237843 0.360367 8.85077e-17) (0.00686162 0.379789 -7.66526e-17) (0.0169109 0.408972 1.74616e-16));
    }
    outlet
    {
        type            calculated;
        value           nonuniform List<vector> 0();
    }
    walls
    {
        type            calculated;
        value           nonuniform List<vector> 
42
(
(296.405 -6.47921 -7.04817e-15)
(360.827 -29.2482 2.45427e-14)
(409.835 -76.3023 -4.36988e-14)
(448.555 -125.634 1.7081e-14)
(467.243 -171.851 1.11679e-13)
(470.83 -223.413 -1.81515e-13)
(457.254 -265.075 1.08546e-13)
(426.244 -293.275 -9.98097e-14)
(386.553 -312.216 -2.93345e-13)
(340.159 -316.952 3.45502e-13)
(291.207 -310.477 1.53707e-13)
(243.889 -295.894 -2.2237e-13)
(200.738 -276.193 -3.20953e-13)
(162.827 -254.017 -3.82445e-14)
(130.298 -231.027 -1.38938e-13)
(102.443 -207.166 -3.1135e-13)
(78.8302 -183.394 -1.51938e-13)
(58.4464 -157.801 8.1211e-13)
(41.3389 -131.622 4.37694e-13)
(27.2034 -103.951 -5.98995e-13)
(16.3147 -76.9213 1.01873e-13)
(8.77936 -52.6524 1.53268e-13)
(4.42735 -35.4334 -6.56195e-14)
(2.03525 -22.9584 -1.51867e-13)
(0.804261 -13.413 3.57969e-14)
(0.276646 -7.87152 -2.3126e-15)
(0.0411621 -4.52198 4.15586e-14)
(-0.0539447 -3.01376 -1.64957e-14)
(-0.109154 -2.46646 4.38927e-14)
(-0.151444 -2.2365 1.5441e-13)
(-0.187208 -2.15102 3.0371e-14)
(-0.213427 -2.04314 -1.28653e-13)
(-0.223175 -1.83671 -7.66075e-15)
(-0.217855 -1.56942 -2.149e-13)
(-0.198057 -1.27256 -2.82448e-13)
(247.384 19.284 -1.00331e-14)
(176.393 23.7676 2.74685e-14)
(118.953 28.6656 -2.14396e-15)
(60.4617 21.1713 3.789e-14)
(16.1497 7.55464 -3.27314e-14)
(-9.85474 -5.9819 -9.33672e-14)
(-19.1152 -14.8083 -1.06301e-13)
)
;
    }
    frontAndBack
    {
        type            empty;
    }
    procBoundary5to0
    {
        type            processor;
        value           nonuniform List<vector> 4((2.82227e-05 0.00153021 -2.94617e-15) (-4.57549e-05 0.00145783 -2.40507e-14) (-0.000106126 0.00132323 1.50614e-14) (-0.000160309 0.00112635 4.42744e-14));
    }
    procBoundary5to1
    {
        type            processor;
        value           nonuniform List<vector> 
13
(
(-0.000103338 0.00010981 2.99483e-14)
(-0.000489267 0.00073325 1.11448e-13)
(-0.000489267 0.00073325 1.11448e-13)
(-0.000486286 0.000794496 1.35435e-14)
(-0.000548519 0.00122672 7.34773e-14)
(-0.000548519 0.00122672 7.34773e-14)
(-0.000480849 0.00112726 -6.87655e-14)
(-0.000423087 0.00133512 4.67877e-15)
(-0.000423087 0.00133512 4.67877e-15)
(-0.000362526 0.00119091 7.3823e-15)
(-0.000312693 0.00105895 3.14374e-15)
(-0.000242458 0.00112085 9.71618e-14)
(-0.000242458 0.00112085 9.71618e-14)
)
;
    }
    procBoundary5to4
    {
        type            processor;
        value           nonuniform List<vector> 
95
(
(0.000110715 0.00157479 1.78945e-16)
(0.000183104 0.00138458 -1.6535e-15)
(0.000284665 0.00130292 -1.52312e-15)
(0.000284665 0.00130292 -1.52312e-15)
(0.000310273 0.00111812 5.52041e-15)
(0.000368624 0.00106487 6.92202e-15)
(0.000368624 0.00106487 6.92202e-15)
(0.000385246 0.000923296 -5.33132e-16)
(0.000427452 0.000870756 4.564e-14)
(0.000427452 0.000870756 4.564e-14)
(0.000411467 0.000733483 -6.63956e-15)
(0.000411467 0.000733483 -6.63956e-15)
(0.00039594 0.000622655 8.43985e-14)
(0.00039594 0.000622655 8.43985e-14)
(0.000352543 0.000563348 -4.44596e-15)
(0.000330478 0.000470938 -7.4449e-15)
(0.000330478 0.000470938 -7.4449e-15)
(0.000305837 0.00039126 -3.35563e-14)
(0.000305837 0.00039126 -3.35563e-14)
(0.000274295 0.000355208 -1.34934e-14)
(0.000250939 0.000295462 -1.17278e-14)
(0.000250939 0.000295462 -1.17278e-14)
(0.000225304 0.000269326 3.94108e-14)
(0.000202637 0.000224785 6.06904e-14)
(0.000202637 0.000224785 6.06904e-14)
(0.000181841 0.000205932 2.25218e-14)
(0.000162042 0.000172078 6.75385e-16)
(0.000162042 0.000172078 6.75385e-16)
(0.000146083 0.000158116 -5.71285e-14)
(0.000131322 0.000143901 1.0288e-13)
(0.000114854 0.000116572 -4.60973e-14)
(0.000114854 0.000116572 -4.60973e-14)
(0.000103137 0.000104407 3.76291e-14)
(9.19953e-05 9.32031e-05 -1.08498e-14)
(7.8025e-05 7.50485e-05 -6.82055e-15)
(7.8025e-05 7.50485e-05 -6.82055e-15)
(6.98852e-05 6.83641e-05 7.62388e-15)
(6.23522e-05 6.18388e-05 -1.04204e-14)
(5.30926e-05 5.11348e-05 3.35295e-14)
(5.30926e-05 5.11348e-05 3.35295e-14)
(4.71823e-05 4.57475e-05 -4.10327e-14)
(4.17762e-05 4.09735e-05 3.98089e-14)
(3.48384e-05 3.44456e-05 -1.92693e-14)
(3.48384e-05 3.44456e-05 -1.92693e-14)
(3.07064e-05 3.08692e-05 3.00635e-14)
(2.73554e-05 2.79312e-05 -3.19517e-15)
(2.44499e-05 2.51435e-05 -3.41391e-14)
(2.18177e-05 2.22841e-05 -1.85741e-15)
(1.81937e-05 1.91539e-05 1.4084e-14)
(1.81937e-05 1.91539e-05 1.4084e-14)
(1.59052e-05 1.6304e-05 1.08725e-14)
(1.398e-05 1.42113e-05 -3.719e-15)
(1.19322e-05 1.25274e-05 1.88881e-15)
(1.00646e-05 1.15021e-05 1.1932e-14)
(7.9918e-06 1.10762e-05 4.51709e-15)
(7.9918e-06 1.10762e-05 4.51709e-15)
(6.62584e-06 1.0383e-05 -3.56287e-15)
(5.81408e-06 9.91452e-06 1.13518e-14)
(5.05067e-06 9.4466e-06 9.07974e-15)
(4.54025e-06 8.81559e-06 5.10566e-15)
(4.20639e-06 8.81415e-06 -6.9547e-15)
(4.20639e-06 8.81415e-06 -6.9547e-15)
(3.8026e-06 8.03263e-06 -6.6733e-15)
(3.69951e-06 7.37796e-06 -8.84078e-16)
(3.4807e-06 6.67435e-06 -3.93565e-15)
(3.38466e-06 6.02149e-06 4.20769e-15)
(3.18635e-06 5.22299e-06 -7.67244e-15)
(3.03718e-06 4.44751e-06 -8.30298e-16)
(3.20502e-06 3.96044e-06 -2.43191e-16)
(3.20502e-06 3.96044e-06 -2.43191e-16)
(2.95313e-06 3.27625e-06 -1.49425e-15)
(2.79066e-06 2.68959e-06 -3.56575e-16)
(2.55277e-06 2.1504e-06 4.90904e-15)
(2.38025e-06 1.70882e-06 -1.09517e-15)
(2.14222e-06 1.2853e-06 -1.86274e-15)
(1.96857e-06 1.01644e-06 4.63307e-15)
(1.75426e-06 8.14926e-07 -8.75061e-16)
(2.0996e-06 3.71186e-07 -8.54886e-16)
(2.0996e-06 3.71186e-07 -8.54886e-16)
(1.77464e-06 5.42381e-08 -1.33383e-15)
(1.47743e-06 -2.17263e-07 -1.08892e-15)
(1.29257e-06 -4.25871e-07 2.46563e-16)
(1.15847e-06 -5.76638e-07 -1.15708e-15)
(1.04573e-06 -6.98478e-07 2.34859e-15)
(9.49881e-07 -8.07197e-07 -3.8239e-16)
(8.59092e-07 -8.61766e-07 3.58248e-16)
(7.61086e-07 -9.16725e-07 -6.06785e-16)
(6.56062e-07 -1.01365e-06 -7.39088e-16)
(6.50738e-07 -1.41148e-06 2.51796e-16)
(6.50738e-07 -1.41148e-06 2.51796e-16)
(6.47006e-07 -1.59083e-06 8.59021e-16)
(4.0561e-07 -1.21041e-06 2.00733e-16)
(7.48159e-07 -1.8545e-06 -3.75771e-16)
(1.81285e-07 -3.95337e-07 1.70013e-17)
(1.28598e-06 -2.75762e-06 -1.54581e-16)
)
;
    }
    procBoundary5to6
    {
        type            processor;
        value           nonuniform List<vector> 
86
(
(-0.000321502 0.00132754 1.1549e-13)
(-0.000263417 0.000452929 -3.94976e-14)
(-0.00112111 0.000494718 -3.61617e-14)
(-0.00163967 0.000582738 -1.16595e-13)
(-0.0031821 0.000546568 1.18023e-13)
(-0.00170288 -0.000323266 7.32705e-14)
(0.023226 -0.00765436 -1.0183e-13)
(-0.0140375 0.00211456 6.94132e-14)
(-0.00927249 0.00550835 -8.23498e-14)
(0.00105503 -0.000786836 3.04281e-14)
(0.000121426 0.000126999 -2.02329e-14)
(0.000265817 -2.68869e-05 5.9771e-14)
(0.000157369 2.53027e-05 -5.60548e-14)
(0.000104122 2.49476e-05 4.06993e-14)
(6.27518e-05 3.60726e-05 3.93026e-15)
(3.86807e-05 4.74658e-05 -6.65114e-14)
(2.46393e-05 6.2896e-05 1.19834e-14)
(1.3896e-05 7.84221e-05 1.6392e-14)
(7.78458e-06 9.28274e-05 9.12056e-15)
(2.25319e-06 0.000105728 -7.04807e-15)
(7.9707e-07 0.000117588 -1.26024e-14)
(-6.28546e-07 0.000128105 -1.59417e-14)
(1.4278e-06 0.000136901 3.96844e-14)
(2.88369e-06 0.000144028 -9.38221e-15)
(7.01947e-06 0.00014881 -1.58348e-14)
(1.01948e-05 0.000151726 1.09342e-14)
(1.51968e-05 0.000152013 -8.56784e-15)
(1.89461e-05 0.000150143 -3.35907e-15)
(2.36297e-05 0.000144584 8.39495e-15)
(2.84248e-05 0.000139913 1.56402e-15)
(3.27219e-05 0.000132216 -1.22346e-14)
(3.7587e-05 0.000126959 2.87537e-15)
(4.02625e-05 0.000118034 2.95563e-15)
(2.66907e-05 9.69613e-05 -1.97106e-14)
(2.66907e-05 9.69613e-05 -1.97106e-14)
(3.05699e-05 9.19166e-05 5.06132e-16)
(3.14338e-05 8.53848e-05 1.21923e-14)
(3.33867e-05 7.78415e-05 -2.57712e-15)
(3.3229e-05 7.12084e-05 -6.76983e-15)
(3.41944e-05 6.46086e-05 5.88265e-15)
(3.30646e-05 5.84558e-05 4.73084e-15)
(3.2972e-05 5.20674e-05 -2.57362e-15)
(3.14972e-05 4.63957e-05 -2.10062e-15)
(3.08607e-05 4.08183e-05 -5.32641e-15)
(2.95654e-05 3.6929e-05 1.45767e-14)
(2.85767e-05 3.25985e-05 3.09162e-15)
(2.29123e-05 2.82483e-05 -3.78299e-15)
(2.29123e-05 2.82483e-05 -3.78299e-15)
(2.22776e-05 2.51646e-05 -5.49418e-15)
(2.09774e-05 2.21056e-05 -4.31255e-15)
(1.98319e-05 1.89657e-05 3.83213e-15)
(1.84209e-05 1.62353e-05 -3.49107e-15)
(1.71932e-05 1.3737e-05 -1.36028e-15)
(1.59158e-05 1.18056e-05 2.53372e-15)
(1.45208e-05 9.99476e-06 5.40623e-15)
(1.31268e-05 8.1542e-06 -1.00208e-15)
(1.07982e-05 6.73514e-06 5.26516e-16)
(1.07982e-05 6.73514e-06 5.26516e-16)
(9.99357e-06 5.36787e-06 -1.97571e-15)
(9.34503e-06 4.34811e-06 5.98303e-17)
(8.57494e-06 3.22359e-06 3.17933e-15)
(7.95939e-06 2.2127e-06 1.04154e-15)
(7.29412e-06 1.42348e-06 -1.36055e-16)
(6.68399e-06 6.89489e-07 -2.1908e-15)
(5.81525e-06 5.64027e-08 -9.42035e-16)
(5.81525e-06 5.64027e-08 -9.42035e-16)
(5.33022e-06 -5.69063e-07 5.58485e-16)
(4.7941e-06 -1.11049e-06 1.22322e-15)
(4.35264e-06 -1.55796e-06 -2.14937e-16)
(3.91253e-06 -1.88362e-06 -9.87368e-16)
(3.55808e-06 -2.08035e-06 1.0448e-15)
(3.43029e-06 -2.39908e-06 -1.03062e-15)
(2.89236e-06 -2.24344e-06 5.56532e-16)
(2.89236e-06 -2.24344e-06 5.56532e-16)
(2.65828e-06 -2.37007e-06 1.33329e-16)
(2.36635e-06 -2.4348e-06 -2.57381e-16)
(2.09767e-06 -2.5215e-06 8.99017e-16)
(1.82122e-06 -2.491e-06 -4.90303e-17)
(1.62479e-06 -2.61689e-06 2.36392e-16)
(1.35916e-06 -2.34563e-06 -5.18665e-16)
(1.35103e-06 -2.67726e-06 2.78221e-16)
(9.31194e-07 -1.73242e-06 -1.2145e-15)
(1.19379e-06 -2.7006e-06 -1.68436e-16)
(1.19379e-06 -2.7006e-06 -1.68436e-16)
(4.69606e-07 -5.4014e-07 2.8266e-16)
(1.78279e-06 -3.84221e-06 1.43328e-17)
)
;
    }
}


// ************************************************************************* //
