/*--------------------------------*- C++ -*----------------------------------*\
| =========                 |                                                 |
| \\      /  F ield         | OpenFOAM: The Open Source CFD Toolbox           |
|  \\    /   O peration     | Version:  2506                                  |
|   \\  /    A nd           | Website:  www.openfoam.com                      |
|    \\/     M anipulation  |                                                 |
\*---------------------------------------------------------------------------*/
FoamFile
{
    version     2.0;
    format      ascii;
    arch        "LSB;label=32;scalar=64";
    class       volVectorField;
    location    "350";
    object      momentError;
}
// * * * * * * * * * * * * * * * * * * * * * * * * * * * * * * * * * * * * * //

dimensions      [0 1 -2 0 0 0 0];

internalField   nonuniform List<vector> 
1340
(
(-0.000103338 0.00010981 2.99483e-14)
(-0.000237358 0.000269015 -7.51813e-14)
(-0.000564796 0.000547316 9.5792e-14)
(-0.000601255 0.000417151 -6.00414e-14)
(-0.000471364 0.000269668 -1.46128e-13)
(-0.000415618 0.000215023 -1.64679e-13)
(-0.00038797 0.000178003 1.32097e-14)
(-0.000344152 0.000140237 1.3304e-13)
(-0.000297896 0.000113474 3.99424e-14)
(-0.00026338 9.51184e-05 -5.03091e-14)
(-0.000235486 8.13603e-05 -3.54766e-14)
(-0.0002116 6.96118e-05 -2.18189e-14)
(-0.000191347 6.06521e-05 3.90419e-14)
(-0.000175771 5.2198e-05 1.72971e-14)
(-0.000162665 4.53341e-05 2.5053e-14)
(-0.000152123 3.72189e-05 -3.38403e-14)
(-0.000138356 2.9487e-05 -2.46572e-14)
(-0.000119327 2.17576e-05 1.81858e-14)
(-9.78922e-05 1.83997e-05 1.24094e-14)
(-7.81983e-05 1.57558e-05 6.93145e-15)
(-6.31531e-05 3.19633e-06 -1.46281e-15)
(-5.5069e-05 -3.83176e-06 -2.84588e-16)
(-5.78714e-05 -9.71093e-06 2.30416e-16)
(-4.78853e-05 -6.36998e-06 -4.51162e-16)
(-3.03105e-05 -6.4591e-06 -1.86681e-15)
(-1.84485e-05 -6.16768e-06 -1.26053e-15)
(-1.757e-05 -6.2096e-06 -3.83715e-15)
(-1.57732e-06 -4.08074e-06 -2.90305e-15)
(-0.000489267 0.00073325 1.11448e-13)
(-0.00032235 0.000440745 5.95739e-14)
(-0.000398771 0.00045947 -8.26132e-14)
(-0.000570178 0.000504421 -1.06356e-14)
(-0.000624568 0.000356397 1.01899e-13)
(-0.00057076 0.000239925 -5.20943e-15)
(-0.000521641 0.000177698 1.22895e-14)
(-0.000483652 0.000122869 -2.4794e-14)
(-0.000436112 7.74464e-05 -3.2589e-14)
(-0.000385069 5.17461e-05 1.41535e-14)
(-0.000342713 3.67252e-05 1.70871e-14)
(-0.000307701 2.71373e-05 -5.80459e-14)
(-0.000277601 2.06447e-05 2.69307e-14)
(-0.00025216 1.66263e-05 1.78458e-14)
(-0.000231396 1.3399e-05 1.46794e-14)
(-0.000214097 1.02274e-05 3.19108e-14)
(-0.000198589 6.6301e-06 4.17848e-14)
(-0.000180665 4.0741e-08 1.76506e-14)
(-0.000158496 -6.91935e-06 -1.51666e-14)
(-0.000134823 -1.30026e-05 8.16032e-16)
(-0.000110914 -1.56334e-05 -5.6832e-15)
(-8.91668e-05 -1.59563e-05 -2.08635e-15)
(-7.7254e-05 -1.28162e-05 3.93468e-16)
(-7.13151e-05 -7.94741e-06 -3.85546e-17)
(-5.07672e-05 -1.11741e-05 2.82505e-16)
(-3.69089e-05 -7.09475e-06 6.13653e-16)
(-2.3106e-05 -6.86612e-06 1.84899e-15)
(7.24279e-06 -7.94827e-06 2.35297e-15)
(3.2418e-05 -7.93443e-06 7.64772e-16)
(-0.000486286 0.000794496 1.35435e-14)
(-0.000420237 0.000601208 -1.1765e-13)
(-0.000509315 0.000596467 -7.91847e-14)
(-0.000609068 0.000560426 -8.81279e-14)
(-0.000634407 0.000455199 9.75396e-14)
(-0.00059367 0.000362342 1.45311e-14)
(-0.000541098 0.000291402 -1.36526e-14)
(-0.000493088 0.000228148 -8.09001e-14)
(-0.000442666 0.000176562 -5.80897e-14)
(-0.000390655 0.000140776 3.78575e-14)
(-0.000345138 0.00011526 -2.13744e-14)
(-0.000307445 9.58835e-05 -4.39739e-14)
(-0.000275642 8.0892e-05 -4.00373e-15)
(-0.000248919 6.94226e-05 -4.02413e-14)
(-0.000227227 5.92434e-05 -4.30024e-14)
(-0.000209318 4.97334e-05 -8.433e-14)
(-0.000193154 3.90498e-05 -6.39476e-14)
(-0.000174645 2.69276e-05 -1.80002e-14)
(-0.000152359 1.6102e-05 3.95083e-15)
(-0.000128671 8.3744e-06 -1.14787e-15)
(-0.00010508 4.59862e-06 -1.053e-14)
(-8.28267e-05 2.07658e-06 4.47474e-15)
(-6.94696e-05 1.85035e-06 5.81927e-16)
(-6.3856e-05 -4.46226e-06 -1.81376e-16)
(-4.91795e-05 -6.16093e-06 -9.26734e-18)
(-3.36314e-05 -5.15783e-06 -5.33791e-16)
(-2.10578e-05 -3.23454e-06 -9.82613e-16)
(-1.37724e-06 -7.37392e-07 -1.46426e-15)
(3.48543e-05 7.2079e-06 1.86899e-15)
(-0.000548519 0.00122672 7.34773e-14)
(-0.000456189 0.000815707 -1.84169e-13)
(-0.000446239 0.00068726 1.69129e-13)
(-0.000559476 0.000690692 2.01518e-15)
(-0.000619195 0.000613594 -1.20418e-13)
(-0.000634739 0.000501932 -7.02443e-14)
(-0.000609716 0.000397139 -1.98381e-14)
(-0.000565097 0.000308792 5.95901e-14)
(-0.000517982 0.000234443 1.29282e-13)
(-0.000469282 0.000174317 2.11139e-14)
(-0.000418799 0.0001295 -4.7339e-14)
(-0.0003726 9.75136e-05 2.21991e-14)
(-0.000332717 7.44386e-05 5.00114e-14)
(-0.000298571 5.7513e-05 -3.67795e-15)
(-0.000269295 4.54091e-05 -7.78321e-15)
(-0.000245003 3.56306e-05 -2.14384e-14)
(-0.000224408 2.72209e-05 5.28098e-14)
(-0.00020544 1.81913e-05 3.09373e-14)
(-0.000184472 8.20352e-06 -1.07672e-14)
(-0.000160632 -7.30892e-07 -1.69138e-14)
(-0.000135967 -7.0711e-06 -6.96468e-15)
(-0.000111494 -1.01867e-05 1.26272e-14)
(-8.82461e-05 -1.19404e-05 -8.9152e-16)
(-7.33138e-05 -1.03446e-05 -5.13623e-16)
(-6.5372e-05 -1.1331e-05 2.01737e-16)
(-5.00736e-05 -1.4982e-05 -3.96503e-17)
(-3.49407e-05 -1.59719e-05 -3.66293e-17)
(-3.52042e-05 -6.14675e-05 2.73936e-16)
(-7.10693e-05 -0.00024214 5.10723e-16)
(0.000104271 0.000280251 -3.23313e-15)
(-0.000480849 0.00112726 -6.87655e-14)
(-0.000448836 0.000861288 -7.24458e-14)
(-0.000478749 0.000765032 1.50456e-13)
(-0.000568452 0.000727635 1.26929e-13)
(-0.000613816 0.000640871 3.56523e-14)
(-0.000623856 0.000536322 -5.19407e-14)
(-0.000604772 0.000435454 5.91831e-14)
(-0.000565735 0.000346818 4.5427e-14)
(-0.000520763 0.000272387 -3.98337e-15)
(-0.00047437 0.000211827 -9.37222e-14)
(-0.000425761 0.000164763 3.96478e-15)
(-0.000380156 0.000129846 3.73033e-15)
(-0.00033947 0.000103888 2.06862e-16)
(-0.000304235 8.41791e-05 1.51387e-14)
(-0.00027369 6.92375e-05 -5.43048e-15)
(-0.000247961 5.68017e-05 1.23016e-14)
(-0.000225946 4.58551e-05 -2.67257e-14)
(-0.000205638 3.41826e-05 -1.5366e-14)
(-0.000183725 2.20423e-05 1.5503e-14)
(-0.00015962 1.11866e-05 2.09549e-14)
(-0.000135002 3.62102e-06 1.25548e-15)
(-0.000110517 -4.96108e-07 -1.23719e-15)
(-8.72894e-05 -2.26857e-06 -3.2605e-15)
(-7.19946e-05 -8.35389e-07 6.54429e-16)
(-6.36267e-05 -4.39975e-06 -1.04657e-16)
(-4.80871e-05 -6.48585e-06 -5.31048e-16)
(-3.06789e-05 5.19152e-06 -2.81658e-17)
(-1.43505e-05 7.16962e-05 7.93714e-17)
(3.02219e-05 0.000304324 -6.81964e-17)
(-3.1619e-05 -0.000469709 -9.2926e-16)
(-0.000423087 0.00133512 4.67877e-15)
(-0.000417763 0.00103083 -7.81781e-14)
(-0.000423031 0.000852342 -2.94249e-14)
(-0.00048088 0.000793657 -3.5063e-14)
(-0.00055551 0.000743016 2.74162e-14)
(-0.000592445 0.000653045 1.35737e-13)
(-0.000601246 0.000552973 -3.03599e-14)
(-0.000587613 0.000455609 -5.88491e-14)
(-0.000555872 0.000366925 2.49992e-15)
(-0.000516627 0.000290972 -5.12985e-14)
(-0.000474926 0.000228067 1.70042e-14)
(-0.000430412 0.000177297 2.54115e-14)
(-0.000387298 0.000137867 3.93186e-14)
(-0.000347656 0.000107555 1.50496e-14)
(-0.000312572 8.42143e-05 -1.77035e-14)
(-0.000281674 6.62476e-05 2.27268e-14)
(-0.000254991 5.17748e-05 2.51839e-14)
(-0.000231703 3.92745e-05 1.82603e-14)
(-0.000209905 2.6978e-05 3.816e-15)
(-0.00018692 1.47774e-05 -1.44107e-14)
(-0.000162214 4.14258e-06 1.18026e-14)
(-0.000137416 -3.52494e-06 3.28053e-15)
(-0.000112684 -7.55392e-06 -1.13722e-14)
(-8.92561e-05 -9.26324e-06 1.22358e-15)
(-7.32857e-05 -7.54766e-06 -1.18529e-16)
(-6.40382e-05 -1.01332e-05 2.05698e-16)
(-4.84949e-05 -1.31275e-05 6.67792e-16)
(-2.98938e-05 -1.29616e-05 -1.60713e-16)
(-9.63903e-06 -2.95863e-05 -2.52194e-16)
(2.99594e-05 -9.45871e-05 5.63529e-16)
(-5.39958e-05 0.000200622 1.39526e-15)
(-0.000362526 0.00119091 7.3823e-15)
(-0.000366256 0.000934597 1.10915e-14)
(-0.000392399 0.000823582 8.06422e-14)
(-0.000463164 0.000786798 -1.01461e-13)
(-0.000527894 0.00073221 -3.27999e-14)
(-0.000562373 0.000648404 -3.11498e-14)
(-0.00057229 0.000556023 1.17309e-13)
(-0.000562784 0.0004651 -4.64478e-14)
(-0.000537249 0.00038061 -4.56507e-15)
(-0.000504253 0.000307133 1.85401e-14)
(-0.000467647 0.000245527 1.77852e-14)
(-0.000427409 0.000194365 1.20874e-14)
(-0.000387451 0.000153492 -7.68281e-14)
(-0.000349598 0.000121331 -2.81423e-14)
(-0.000315211 9.62774e-05 3.58182e-14)
(-0.000284374 7.65672e-05 1.42851e-15)
(-0.000257228 6.07341e-05 3.63876e-14)
(-0.000233014 4.68687e-05 -1.0391e-14)
(-0.00021022 3.3624e-05 1.50681e-15)
(-0.000186562 2.05832e-05 2.42368e-14)
(-0.000161806 9.22554e-06 -2.03644e-14)
(-0.000137135 7.75881e-07 -6.99038e-15)
(-0.000112612 -4.05691e-06 6.58293e-15)
(-8.92301e-05 -5.9294e-06 2.19827e-15)
(-7.29239e-05 -4.4276e-06 -1.14245e-18)
(-6.30634e-05 -6.8499e-06 -2.57246e-16)
(-4.79465e-05 -8.90751e-06 6.3805e-16)
(-3.03066e-05 -5.50479e-06 7.49552e-17)
(-1.66806e-05 -4.55544e-06 -1.08155e-15)
(-2.32896e-06 -8.23688e-07 5.42143e-17)
(2.58379e-06 4.36152e-06 -3.1638e-15)
(-0.000312693 0.00105895 3.14374e-15)
(-0.000329992 0.000873172 1.01652e-13)
(-0.00037251 0.000801884 1.36656e-13)
(-0.000444722 0.000772522 -5.30041e-14)
(-0.000493958 0.000706717 -7.25301e-14)
(-0.000525591 0.000630302 -5.54125e-14)
(-0.000538025 0.000547928 -1.02167e-13)
(-0.000532894 0.000465148 -5.52986e-15)
(-0.000513139 0.000386283 -4.30513e-14)
(-0.000486352 0.000316541 5.78122e-14)
(-0.00045527 0.000256762 1.93969e-14)
(-0.000419864 0.000205734 -3.07517e-14)
(-0.000383784 0.00016366 -3.26228e-15)
(-0.000348559 0.000129649 -2.54414e-14)
(-0.000315748 0.0001025 2.79082e-15)
(-0.000285646 8.07573e-05 -1.77689e-14)
(-0.000258609 6.3002e-05 -3.33812e-14)
(-0.000233928 4.76412e-05 1.47964e-14)
(-0.000210497 3.33339e-05 -2.76269e-14)
(-0.000186359 1.97697e-05 -1.00669e-14)
(-0.000161691 7.90799e-06 6.28624e-15)
(-0.00013723 -9.8701e-07 3.97157e-15)
(-0.000112986 -6.48373e-06 1.56341e-15)
(-8.97406e-05 -8.50208e-06 -1.0352e-15)
(-7.30848e-05 -7.27341e-06 -4.35206e-16)
(-6.25614e-05 -9.01849e-06 -7.72629e-17)
(-4.76747e-05 -1.12052e-05 -1.03099e-15)
(-2.98462e-05 -8.2388e-06 5.53911e-16)
(-1.57418e-05 -7.58633e-06 3.06583e-15)
(-4.75657e-07 -7.57704e-06 5.13449e-17)
(1.68129e-05 -1.10126e-05 2.49834e-15)
(-0.000242458 0.00112085 9.71618e-14)
(-0.000272249 0.000945501 6.43184e-14)
(-0.00029906 0.000816471 -1.65788e-13)
(-0.000342589 0.000748188 -1.14062e-13)
(-0.000417489 0.000739037 -3.87778e-14)
(-0.000464499 0.000683932 7.08616e-14)
(-0.00048752 0.000605607 7.32056e-14)
(-0.000501001 0.000531304 2.72965e-14)
(-0.000499875 0.000457296 2.5044e-14)
(-0.000485572 0.000385578 -2.67414e-14)
(-0.000464627 0.000321072 -8.73383e-14)
(-0.000438764 0.000264399 1.34155e-14)
(-0.000408148 0.000214802 2.70948e-14)
(-0.000376189 0.000172902 1.84382e-14)
(-0.00034388 0.000138203 5.10872e-14)
(-0.000313123 0.000109936 -2.84815e-14)
(-0.000284217 8.70269e-05 -2.12619e-14)
(-0.000257634 6.80277e-05 -1.5319e-14)
(-0.000232852 5.1664e-05 -3.15584e-15)
(-0.000209067 3.66579e-05 2.46394e-14)
(-0.000184795 2.26911e-05 1.64559e-14)
(-0.000160347 1.04533e-05 1.90886e-14)
(-0.000136336 1.03133e-06 6.47053e-15)
(-0.000112494 -5.05537e-06 2.83014e-17)
(-8.96536e-05 -7.58651e-06 2.21336e-15)
(-7.27685e-05 -6.38249e-06 -3.08485e-16)
(-6.17532e-05 -7.82832e-06 3.02192e-16)
(-4.7059e-05 -9.65258e-06 -3.79905e-16)
(-2.93432e-05 -6.82222e-06 3.187e-17)
(-1.51204e-05 -5.60804e-06 -1.76073e-15)
(-8.91446e-07 -3.51875e-06 4.23797e-16)
(1.49229e-05 -1.57222e-06 4.63175e-15)
(-0.000238687 0.000845795 1.02128e-13)
(-0.000270882 0.000758719 1.87081e-14)
(-0.000326963 0.00072989 -2.78769e-15)
(-0.000373135 0.000670458 -9.34347e-14)
(-0.000428243 0.000645228 -3.88184e-14)
(-0.000453034 0.000580899 5.64903e-14)
(-0.000464531 0.000511006 6.41651e-14)
(-0.000465873 0.00044434 1.04452e-13)
(-0.000455923 0.000379737 9.98136e-14)
(-0.000440231 0.00032087 -2.10593e-14)
(-0.000419396 0.000268072 -8.11399e-15)
(-0.000393315 0.00022054 1.57309e-14)
(-0.000365435 0.000179539 3.48494e-15)
(-0.000336414 0.000144719 1.13515e-14)
(-0.000308036 0.000115806 3.09256e-14)
(-0.000280751 9.1827e-05 8.31712e-17)
(-0.000255023 7.17605e-05 -1.26207e-14)
(-0.000230535 5.4335e-05 -5.7631e-15)
(-0.000206754 3.86337e-05 2.63283e-15)
(-0.00018257 2.41681e-05 1.12632e-15)
(-0.000158532 1.15814e-05 -3.97072e-15)
(-0.000135077 1.60731e-06 -8.91634e-15)
(-0.000111779 -5.04782e-06 5.54165e-16)
(-8.94878e-05 -8.18625e-06 -1.41949e-15)
(-7.25216e-05 -7.22172e-06 4.54826e-16)
(-6.09889e-05 -8.47579e-06 6.53916e-17)
(-4.6436e-05 -1.01637e-05 2.1651e-16)
(-2.89617e-05 -7.68579e-06 1.7477e-15)
(-1.4424e-05 -5.99894e-06 2.52589e-15)
(-1.75139e-07 -3.83706e-06 -1.92817e-15)
(1.58915e-05 -1.80239e-06 -6.47636e-15)
(-0.000244326 0.000697552 9.93867e-15)
(-0.000308005 0.000700709 7.45252e-14)
(-0.000357863 0.000660482 -9.30779e-14)
(-0.000378377 0.000579137 1.36918e-15)
(-0.000415592 0.000545897 2.55373e-14)
(-0.000429352 0.000487101 -1.08719e-13)
(-0.000432485 0.000427982 -1.63284e-13)
(-0.000425992 0.000370318 2.25682e-14)
(-0.000414595 0.000317223 2.43315e-14)
(-0.000398099 0.000268467 -1.70257e-14)
(-0.000376201 0.00022362 -1.6472e-14)
(-0.000352183 0.00018413 -3.75652e-14)
(-0.000326533 0.000149917 3.35304e-14)
(-0.000300778 0.000120963 2.9375e-14)
(-0.00027532 9.64772e-05 9.06541e-15)
(-0.000250748 7.56471e-05 3.06027e-14)
(-0.00022687 5.7523e-05 2.85575e-14)
(-0.000203352 4.12965e-05 1.14274e-15)
(-0.000179505 2.65547e-05 -4.24748e-14)
(-0.000156055 1.37121e-05 -9.03133e-15)
(-0.000133238 3.39424e-06 -2.4434e-15)
(-0.000110639 -3.8013e-06 -7.61576e-15)
(-8.89799e-05 -7.41386e-06 -4.13993e-17)
(-7.21063e-05 -6.97711e-06 -9.25595e-17)
(-6.01255e-05 -7.95515e-06 2.1932e-16)
(-4.5744e-05 -9.67946e-06 -2.34849e-16)
(-2.85571e-05 -7.36905e-06 -1.8141e-16)
(-1.37598e-05 -5.39535e-06 2.31679e-17)
(5.65689e-07 -2.94385e-06 -4.45407e-15)
(1.65919e-05 -7.91288e-07 2.7294e-15)
(-0.00027533 0.000630746 -7.0086e-14)
(-0.000341107 0.000643445 7.50895e-14)
(-0.00036635 0.000577091 5.83741e-14)
(-0.000368125 0.000492138 7.79314e-14)
(-0.0003925 0.000456265 7.72727e-14)
(-0.000399014 0.000407176 -5.4246e-14)
(-0.000395799 0.000357132 -5.91132e-14)
(-0.000388164 0.000310196 4.22783e-14)
(-0.000375661 0.000265955 1.36129e-14)
(-0.000357521 0.000224179 2.77765e-15)
(-0.000337154 0.000186658 -5.28854e-15)
(-0.000314753 0.0001536 -8.11538e-14)
(-0.000291707 0.000124987 -3.57946e-14)
(-0.000268262 0.000100376 -1.46664e-14)
(-0.00024509 7.90738e-05 -3.10059e-14)
(-0.000222071 6.04513e-05 -1.60441e-14)
(-0.000199054 4.3787e-05 3.6702e-15)
(-0.000175774 2.87861e-05 2.51798e-14)
(-0.000153019 1.57351e-05 1.37419e-15)
(-0.000130958 5.11033e-06 1.15445e-14)
(-0.00010914 -2.53388e-06 8.95733e-15)
(-8.82625e-05 -6.67334e-06 1.08881e-15)
(-7.16023e-05 -6.84269e-06 -1.28722e-15)
(-5.92516e-05 -7.83704e-06 -2.04724e-16)
(-4.49922e-05 -9.62695e-06 -2.23951e-16)
(-2.81439e-05 -7.69276e-06 3.6419e-16)
(-1.31163e-05 -5.41358e-06 -2.99524e-16)
(1.33531e-06 -2.58446e-06 1.83762e-15)
(1.72817e-05 -1.90751e-07 2.59597e-15)
(-0.000294355 0.000556753 9.77239e-14)
(-0.000354535 0.000573458 6.41762e-15)
(-0.000347859 0.000477265 -5.21806e-14)
(-0.000357489 0.000425078 4.48775e-14)
(-0.000366886 0.000384719 9.55721e-14)
(-0.000366251 0.000341579 1.6607e-14)
(-0.00036166 0.000300444 -6.74018e-14)
(-0.000352446 0.00026079 3.37449e-14)
(-0.000337856 0.000222375 1.38589e-14)
(-0.00032088 0.00018733 1.9315e-15)
(-0.000301635 0.000155812 2.00005e-15)
(-0.000281144 0.000128028 -5.0173e-14)
(-0.000259775 0.00010357 6.39172e-15)
(-0.000238154 8.21988e-05 3.20108e-15)
(-0.000216197 6.32754e-05 2.24619e-16)
(-0.000193933 4.64172e-05 -3.34582e-16)
(-0.000171371 3.12306e-05 9.53668e-15)
(-0.000149426 1.81253e-05 1.79735e-14)
(-0.000128223 7.27928e-06 -8.92463e-15)
(-0.000107256 -6.33859e-07 -6.21576e-15)
(-8.72354e-05 -5.31742e-06 1.65626e-15)
(-7.08715e-05 -6.09265e-06 1.03177e-15)
(-5.82694e-05 -7.31438e-06 -3.46484e-16)
(-4.41517e-05 -9.24543e-06 -1.55435e-16)
(-2.77147e-05 -7.68482e-06 -1.80275e-15)
(-1.25107e-05 -5.13025e-06 2.26678e-15)
(2.06289e-06 -2.00808e-06 1.93944e-15)
(1.78321e-05 9.14349e-07 -8.87489e-15)
(-0.000297134 0.000478794 -2.06127e-14)
(-0.000359842 0.000512108 3.4514e-14)
(-0.000322472 0.000392464 -2.647e-14)
(-0.000336925 0.000362829 -3.31977e-14)
(-0.000338402 0.00032547 1.41595e-14)
(-0.000336106 0.000289339 3.36166e-14)
(-0.000329442 0.000253902 -4.79475e-14)
(-0.000317801 0.000218795 1.00897e-14)
(-0.000303875 0.000186368 2.92537e-14)
(-0.000287574 0.000156707 2.8092e-14)
(-0.000269529 0.000130045 2.81831e-14)
(-0.000250167 0.000106089 1.28362e-14)
(-0.000230133 8.48544e-05 5.79816e-15)
(-0.000209384 6.58845e-05 9.13064e-15)
(-0.000188051 4.89308e-05 1.09404e-14)
(-0.000166337 3.37124e-05 -1.34859e-14)
(-0.000145317 2.0576e-05 -1.64112e-14)
(-0.000125031 9.63187e-06 -7.63009e-16)
(-0.00010501 1.4576e-06 -2.97517e-15)
(-8.59022e-05 -3.65147e-06 -1.56559e-15)
(-6.99772e-05 -5.14482e-06 -4.87784e-16)
(-5.71758e-05 -6.67186e-06 2.58085e-16)
(-4.32303e-05 -8.86158e-06 1.64941e-15)
(-2.72746e-05 -7.67565e-06 -1.77007e-15)
(-1.19515e-05 -5.07388e-06 -4.73683e-15)
(2.74748e-06 -1.59547e-06 6.02402e-15)
(1.83293e-05 1.9032e-06 2.14079e-15)
(-0.000311052 0.000443473 -3.65764e-14)
(-0.000320891 0.000405393 -5.92282e-14)
(-0.00030463 0.000335801 -2.15357e-14)
(-0.000310254 0.000306357 -2.56377e-14)
(-0.000310618 0.000275812 -1.09416e-15)
(-0.000306511 0.000244816 4.38359e-15)
(-0.000297609 0.000213466 -4.33729e-14)
(-0.000286455 0.000183817 7.73098e-15)
(-0.000272758 0.000156304 -2.55357e-14)
(-0.000257032 0.000130962 -1.64601e-14)
(-0.000239605 0.000107869 3.05068e-14)
(-0.000221178 8.70058e-05 -1.76407e-14)
(-0.000201732 6.8265e-05 -3.17506e-14)
(-0.000181446 5.1337e-05 2.42532e-15)
(-0.000160705 3.62403e-05 1.6905e-14)
(-0.000140727 2.31411e-05 2.45119e-15)
(-0.000121436 1.22564e-05 -3.65698e-15)
(-0.000102409 3.86803e-06 1.08241e-15)
(-8.42546e-05 -1.5579e-06 2.94358e-16)
(-6.88075e-05 -3.80873e-06 -6.61526e-16)
(-5.59357e-05 -5.76965e-06 4.49169e-16)
(-4.22171e-05 -8.14905e-06 -1.26765e-15)
(-2.67781e-05 -7.4496e-06 -1.32112e-16)
(-1.14314e-05 -4.88219e-06 -2.16976e-16)
(3.36231e-06 -1.0499e-06 2.06701e-15)
(1.86807e-05 3.00008e-06 8.07372e-15)
(-0.000260805 0.000372546 -2.18526e-14)
(-0.00032209 0.000415954 -5.97847e-14)
(-0.000278042 0.000313968 -9.68092e-15)
(-0.000284584 0.000288704 4.24537e-15)
(-0.000286846 0.000262213 -2.73763e-14)
(-0.000284752 0.000235092 5.8247e-14)
(-0.000278005 0.000207187 5.85417e-14)
(-0.000269217 0.000180396 -1.39529e-15)
(-0.000257694 0.000154943 2.07579e-14)
(-0.000244003 0.000131087 -1.46698e-14)
(-0.000228364 0.000108959 1.59353e-14)
(-0.000211504 8.87173e-05 3.7299e-14)
(-0.000193434 7.0333e-05 1.55842e-15)
(-0.000174285 5.36303e-05 -2.66319e-14)
(-0.000154626 3.87025e-05 -8.15188e-15)
(-0.000135732 2.57467e-05 7.6463e-15)
(-0.000117509 1.49158e-05 3.80769e-15)
(-9.95086e-05 6.45169e-06 6.89486e-15)
(-8.23555e-05 6.76798e-07 -2.89453e-15)
(-6.74375e-05 -2.211e-06 4.79025e-17)
(-5.46046e-05 -4.69343e-06 -1.94248e-16)
(-4.11419e-05 -7.19421e-06 1.13749e-16)
(-2.62807e-05 -7.075e-06 2.43695e-16)
(-1.10052e-05 -4.60661e-06 -1.7694e-15)
(3.86494e-06 -6.37873e-07 -1.35673e-14)
(1.89088e-05 4.03398e-06 -1.42111e-14)
(-0.000272926 0.000351922 -4.60346e-14)
(-0.000286698 0.000336242 9.54396e-15)
(-0.000258284 0.000268471 4.26148e-14)
(-0.000262264 0.000246207 2.86932e-14)
(-0.000262406 0.000223181 -2.1764e-14)
(-0.000258106 0.000199078 1.93882e-14)
(-0.000251617 0.000175547 -1.61463e-14)
(-0.000242224 0.000152374 6.79385e-16)
(-0.000230443 0.00013025 1.84829e-14)
(-0.000216568 0.000109273 -1.61898e-14)
(-0.000201264 8.98824e-05 1.64408e-14)
(-0.000184592 7.1992e-05 1.33429e-14)
(-0.000166668 5.5698e-05 1.02313e-14)
(-0.000148179 4.1044e-05 -8.5939e-15)
(-0.000130427 2.83894e-05 -6.7275e-15)
(-0.000113307 1.76229e-05 -2.51504e-15)
(-9.63584e-05 9.17368e-06 -4.99862e-15)
(-8.01839e-05 3.08387e-06 5.99332e-16)
(-6.58341e-05 -3.78585e-07 1.968e-15)
(-5.31338e-05 -3.35618e-06 -2.08814e-16)
(-4.00013e-05 -5.97493e-06 1.18736e-15)
(-2.57173e-05 -6.33565e-06 -7.04523e-16)
(-1.06014e-05 -4.17209e-06 1.52973e-15)
(4.2754e-06 -7.45579e-08 9.63094e-15)
(1.89345e-05 5.16427e-06 7.21131e-15)
(-0.000226606 0.000292897 -7.79671e-14)
(-0.000280612 0.000334237 -4.35801e-14)
(-0.000240977 0.000256495 1.25073e-14)
(-0.000243315 0.000234409 -1.09357e-14)
(-0.00024296 0.000213004 -3.42823e-14)
(-0.00023981 0.000191428 -5.21853e-14)
(-0.000234794 0.000170365 2.35344e-14)
(-0.000227044 0.000149291 -2.29745e-14)
(-0.000216884 0.000128734 -1.05776e-14)
(-0.000204587 0.000109001 -2.23713e-14)
(-0.000190796 9.05249e-05 -4.10727e-14)
(-0.000175484 7.33239e-05 -1.27661e-14)
(-0.000158793 5.75047e-05 1.32929e-14)
(-0.000141462 4.32419e-05 1.14185e-14)
(-0.00012489 3.08413e-05 6.85046e-16)
(-0.00010886 2.02883e-05 4.40487e-15)
(-9.29898e-05 1.18132e-05 -2.54284e-15)
(-7.77752e-05 5.55178e-06 -6.59407e-17)
(-6.40467e-05 1.52611e-06 7.90625e-16)
(-5.1563e-05 -1.78376e-06 -5.64723e-16)
(-3.88136e-05 -4.59205e-06 2.56335e-16)
(-2.51193e-05 -5.30821e-06 1.23994e-15)
(-1.03319e-05 -3.57248e-06 -1.11493e-15)
(4.44379e-06 5.50862e-07 -1.63845e-15)
(1.88065e-05 6.21061e-06 7.724e-15)
(-0.000243649 0.000289128 -8.8958e-14)
(-0.000242301 0.000266589 -1.20436e-14)
(-0.000220871 0.000218096 6.61007e-15)
(-0.000223613 0.000201017 4.73028e-14)
(-0.000221739 0.000182641 1.07964e-14)
(-0.000218376 0.000164271 -1.75586e-14)
(-0.000212138 0.000145394 3.19515e-14)
(-0.0002035 0.000126481 9.19225e-16)
(-0.000192643 0.000108086 2.48682e-14)
(-0.000180226 9.05923e-05 1.12483e-14)
(-0.000166219 7.4214e-05 2.94392e-15)
(-0.000150739 5.89734e-05 2.1522e-15)
(-0.000134553 4.52319e-05 -6.94572e-15)
(-0.000119109 3.3091e-05 -3.2107e-15)
(-0.000104187 2.28157e-05 1.16747e-15)
(-8.9372e-05 1.43572e-05 1.32002e-15)
(-7.51141e-05 7.98967e-06 7.6032e-16)
(-6.2001e-05 3.52694e-06 -7.29569e-16)
(-4.98515e-05 -6.74855e-08 4.34298e-17)
(-3.75067e-05 -2.96342e-06 -2.52985e-15)
(-2.44078e-05 -4.02296e-06 1.78024e-15)
(-1.01074e-05 -2.61799e-06 6.53328e-15)
(4.42731e-06 1.28211e-06 -2.57363e-15)
(1.85597e-05 7.49903e-06 -8.0838e-15)
(-0.000215932 0.000259609 2.50409e-14)
(-0.000230894 0.000257173 -2.6774e-15)
(-0.000200405 0.000201703 2.65381e-14)
(-0.000204208 0.000187906 -2.1655e-14)
(-0.00020427 0.00017275 1.36289e-14)
(-0.000202363 0.000157141 -1.45136e-14)
(-0.000197546 0.000140495 1.04247e-14)
(-0.000190263 0.000123401 1.15768e-14)
(-0.000180773 0.000106414 -4.0861e-15)
(-0.000169652 9.01024e-05 1.69039e-14)
(-0.000156866 7.45991e-05 -9.92668e-15)
(-0.000142539 6.00847e-05 -1.06635e-14)
(-0.000127482 4.68106e-05 9.05116e-15)
(-0.000113124 3.50979e-05 -3.94545e-15)
(-9.93119e-05 2.50512e-05 -8.01716e-15)
(-8.55391e-05 1.67361e-05 4.13752e-16)
(-7.22334e-05 1.02705e-05 4.71097e-16)
(-5.97727e-05 5.54762e-06 -8.83074e-16)
(-4.804e-05 1.72641e-06 9.72934e-16)
(-3.61443e-05 -1.20139e-06 -7.83043e-16)
(-2.36498e-05 -2.54739e-06 -5.88119e-16)
(-9.95927e-06 -1.44283e-06 3.33663e-17)
(4.20619e-06 2.1778e-06 2.52532e-15)
(1.81426e-05 8.76775e-06 4.35153e-16)
(-0.00017789 0.000214561 1.76216e-14)
(-0.000229265 0.000257716 -5.96954e-15)
(-0.000185949 0.000190774 5.20621e-15)
(-0.000188696 0.000177419 6.02646e-15)
(-0.00018901 0.000163656 -1.20491e-14)
(-0.000187911 0.00015005 1.32332e-14)
(-0.000184014 0.000135334 -5.32185e-15)
(-0.000177679 0.000119923 6.2418e-15)
(-0.000169297 0.000104297 -2.04316e-14)
(-0.000159274 8.91452e-05 -4.15826e-15)
(-0.000147615 7.45762e-05 1.63898e-14)
(-0.000134305 6.08107e-05 -8.85798e-15)
(-0.000120265 4.80001e-05 -9.26725e-15)
(-0.000106996 3.67328e-05 4.51104e-15)
(-9.42579e-05 2.69799e-05 5.42069e-15)
(-8.15245e-05 1.88462e-05 2.9602e-15)
(-6.91351e-05 1.2393e-05 -1.93766e-15)
(-5.73587e-05 7.50071e-06 3.06923e-16)
(-4.6091e-05 3.58383e-06 -4.65254e-18)
(-3.46872e-05 6.22698e-07 2.61333e-15)
(-2.27875e-05 -8.60016e-07 -2.93106e-15)
(-9.7434e-06 -6.79488e-08 -5.29559e-15)
(3.97988e-06 3.38121e-06 1.26515e-15)
(1.75905e-05 1.00878e-05 3.89962e-15)
(-0.000185021 0.000206459 -5.35642e-15)
(-0.000204737 0.000214931 1.10041e-14)
(-0.000171418 0.000164902 6.5896e-15)
(-0.000173327 0.000153223 -2.65224e-14)
(-0.000173173 0.000141549 -2.28008e-14)
(-0.000170495 0.000129126 -1.42411e-14)
(-0.000165244 0.000115563 7.72017e-15)
(-0.000157929 0.000101528 2.19056e-14)
(-0.00014896 8.75832e-05 -1.47463e-14)
(-0.000138358 7.40659e-05 -2.40148e-15)
(-0.000126048 6.09799e-05 8.55917e-15)
(-0.00011299 4.87618e-05 -1.64315e-15)
(-0.000100782 3.79168e-05 -3.97153e-16)
(-8.91003e-05 2.85602e-05 1.02491e-15)
(-7.7397e-05 2.06504e-05 4.47175e-15)
(-6.59218e-05 1.43124e-05 -9.28873e-16)
(-5.48471e-05 9.346e-06 -1.29671e-15)
(-4.41043e-05 5.42671e-06 -6.07547e-16)
(-3.32246e-05 2.46013e-06 2.95251e-16)
(-2.19314e-05 9.27723e-07 1.68656e-15)
(-9.58398e-06 1.4637e-06 2.66543e-15)
(3.59947e-06 4.76787e-06 3.21865e-15)
(1.67808e-05 1.15081e-05 -2.95671e-15)
(-0.000151454 0.00017062 -4.89236e-14)
(-0.00019904 0.000209726 -2.74713e-14)
(-0.00016176 0.000158043 2.30669e-15)
(-0.000161821 0.000145655 -2.43901e-15)
(-0.000161239 0.000134589 -2.05932e-15)
(-0.000158767 0.000123394 1.24849e-14)
(-0.000153895 0.000111353 -6.07631e-16)
(-0.000147222 9.8578e-05 -4.07954e-15)
(-0.000139055 8.57429e-05 -3.41432e-15)
(-0.000129318 7.30999e-05 2.59258e-15)
(-0.000117876 6.06571e-05 5.31823e-15)
(-0.000105753 4.89898e-05 4.45214e-15)
(-9.45513e-05 3.86494e-05 4.04448e-15)
(-8.39185e-05 2.97151e-05 1.85913e-15)
(-7.31895e-05 2.213e-05 2.08374e-15)
(-6.25969e-05 1.59632e-05 4.18638e-16)
(-5.22269e-05 1.10479e-05 6.27591e-17)
(-4.20349e-05 7.17225e-06 1.51181e-16)
(-3.16858e-05 4.27498e-06 1.15749e-15)
(-2.10051e-05 2.73921e-06 1.64691e-15)
(-9.35402e-06 3.15126e-06 -5.45087e-15)
(3.23175e-06 6.28936e-06 -6.10227e-15)
(1.58293e-05 1.31698e-05 4.56489e-15)
(-0.000163004 0.00017053 -1.1496e-15)
(-0.000175018 0.000173922 7.55166e-15)
(-0.000147063 0.000135021 1.89299e-14)
(-0.000148992 0.00012632 -6.15896e-15)
(-0.000147101 0.000116993 1.12587e-14)
(-0.000143015 0.000106592 9.19972e-15)
(-0.000136886 9.52178e-05 3.00073e-15)
(-0.000129502 8.34747e-05 2.19112e-15)
(-0.000120547 7.16045e-05 -8.58846e-15)
(-0.000109905 5.98453e-05 -5.36999e-15)
(-9.86568e-05 4.87162e-05 2.9401e-15)
(-8.83978e-05 3.89491e-05 1.29126e-15)
(-7.8757e-05 3.04975e-05 -7.01197e-15)
(-6.89805e-05 2.33069e-05 -6.37019e-15)
(-5.92312e-05 1.73751e-05 1.99177e-15)
(-4.95587e-05 1.25862e-05 -5.44465e-16)
(-3.99556e-05 8.81699e-06 5.68016e-16)
(-3.01706e-05 6.02913e-06 -3.30779e-15)
(-2.01055e-05 4.55306e-06 1.19271e-15)
(-9.18705e-06 4.90066e-06 7.32092e-15)
(2.69856e-06 7.96137e-06 -1.84281e-15)
(1.46356e-05 1.49017e-05 -1.93489e-15)
(-0.000144677 0.000152793 -3.76456e-15)
(-0.000167639 0.000166911 -1.31351e-14)
(-0.00013487 0.000125469 -3.14339e-14)
(-0.000137005 0.00011821 9.355e-15)
(-0.00013591 0.000110234 -1.00172e-14)
(-0.000132404 0.000101351 6.19428e-15)
(-0.000126986 9.13015e-05 -1.53597e-14)
(-0.000120183 8.06569e-05 -7.66553e-15)
(-0.000111966 6.95884e-05 2.24679e-14)
(-0.000102059 5.84725e-05 -1.27653e-14)
(-9.16052e-05 4.79598e-05 -5.46848e-15)
(-8.22886e-05 3.87858e-05 -2.14908e-15)
(-7.35989e-05 3.09047e-05 -2.08588e-15)
(-6.47411e-05 2.41512e-05 5.63714e-15)
(-5.57993e-05 1.85248e-05 2.07265e-15)
(-4.68142e-05 1.39148e-05 1.1042e-15)
(-3.78052e-05 1.03113e-05 -1.25144e-16)
(-2.85952e-05 7.66714e-06 2.38585e-15)
(-1.91461e-05 6.3152e-06 -2.25839e-15)
(-8.95398e-06 6.64198e-06 -6.731e-15)
(2.20296e-06 9.69379e-06 9.94323e-16)
(1.33806e-05 1.66142e-05 4.68912e-15)
(-0.000118235 0.000126402 4.88604e-15)
(-0.00016161 0.000160701 1.70079e-14)
(-0.00012815 0.000120774 9.47951e-15)
(-0.00012878 0.000112605 -6.35251e-15)
(-0.000127025 0.000104856 -3.23275e-15)
(-0.00012352 9.66289e-05 -1.42268e-14)
(-0.000118007 8.75816e-05 1.93698e-14)
(-0.000111517 7.76168e-05 3.88032e-15)
(-0.00010364 6.72701e-05 -1.07145e-16)
(-9.44085e-05 5.67287e-05 1.62637e-14)
(-8.47445e-05 4.68532e-05 2.06283e-15)
(-7.63388e-05 3.83267e-05 -1.30645e-15)
(-6.85589e-05 3.10232e-05 -9.6076e-16)
(-6.05675e-05 2.47446e-05 1.37389e-15)
(-5.24104e-05 1.94514e-05 3.33989e-17)
(-4.41142e-05 1.50875e-05 -5.76587e-16)
(-3.57098e-05 1.16799e-05 -4.82846e-16)
(-2.70919e-05 9.22205e-06 -7.21116e-18)
(-1.82769e-05 8.02251e-06 -1.66019e-15)
(-8.84032e-06 8.39479e-06 -5.97891e-15)
(1.52942e-06 1.14543e-05 -5.35583e-15)
(1.18898e-05 1.83476e-05 -7.04228e-15)
(-0.000128352 0.000127268 -6.84279e-15)
(-0.000143773 0.000136054 1.57116e-15)
(-0.000117224 0.000104966 2.10459e-14)
(-0.000117919 9.86117e-05 -8.36204e-15)
(-0.000114431 9.14775e-05 -7.52919e-16)
(-0.00010938 8.32833e-05 8.6679e-15)
(-0.000102928 7.42004e-05 -1.70572e-15)
(-9.55949e-05 6.44994e-05 -4.53616e-15)
(-8.69429e-05 5.46326e-05 2.17011e-15)
(-7.81303e-05 4.54225e-05 -7.98707e-16)
(-7.05965e-05 3.75837e-05 -5.80606e-15)
(-6.36882e-05 3.08803e-05 2.83953e-15)
(-5.65001e-05 2.50893e-05 -3.32298e-16)
(-4.90646e-05 2.01513e-05 -6.63222e-16)
(-4.14248e-05 1.60675e-05 -1.35987e-16)
(-3.36179e-05 1.28895e-05 -1.7609e-16)
(-2.55958e-05 1.06419e-05 -1.08851e-15)
(-1.73986e-05 9.61593e-06 2.76633e-15)
(-8.69851e-06 1.00663e-05 1.0959e-14)
(8.93575e-07 1.31299e-05 8.81812e-15)
(1.03275e-05 1.99885e-05 5.98624e-15)
(-0.000113612 0.000114931 2.11753e-14)
(-0.000137758 0.000130649 -1.00554e-15)
(-0.000108227 9.83138e-05 -1.7475e-14)
(-0.000108696 9.23235e-05 1.16327e-14)
(-0.000105621 8.59112e-05 1.87876e-14)
(-0.000100767 7.83322e-05 -8.30536e-15)
(-9.47547e-05 7.02032e-05 3.49515e-15)
(-8.77294e-05 6.11966e-05 -8.36889e-16)
(-7.98138e-05 5.21882e-05 -1.86031e-14)
(-7.17883e-05 4.37504e-05 4.53457e-15)
(-6.51071e-05 3.66245e-05 5.0955e-15)
(-5.90086e-05 3.0546e-05 -8.00881e-16)
(-5.25734e-05 2.52385e-05 3.20701e-16)
(-4.58285e-05 2.06937e-05 -9.76195e-16)
(-3.88303e-05 1.69196e-05 -1.2301e-15)
(-3.16229e-05 1.39971e-05 2.87757e-16)
(-2.42021e-05 1.19797e-05 -4.77533e-16)
(-1.66321e-05 1.11423e-05 1.85483e-15)
(-8.69013e-06 1.16999e-05 -4.54013e-15)
(7.34399e-08 1.4782e-05 -7.75769e-15)
(8.56745e-06 2.15913e-05 4.85129e-17)
(-9.34797e-05 9.61696e-05 6.2782e-15)
(-0.00013281 0.000125857 2.1832e-14)
(-0.000102804 9.42911e-05 -1.66392e-15)
(-0.00010177 8.76109e-05 -2.82277e-14)
(-9.82936e-05 8.04762e-05 -1.30847e-14)
(-9.33864e-05 7.35754e-05 9.11943e-15)
(-8.73673e-05 6.57308e-05 -6.59809e-15)
(-8.06481e-05 5.78035e-05 -1.01213e-15)
(-7.3243e-05 4.96666e-05 -5.41807e-15)
(-6.58606e-05 4.19909e-05 -3.41244e-15)
(-5.99097e-05 3.55449e-05 4.38252e-15)
(-5.45419e-05 3.00633e-05 -2.99871e-15)
(-4.87751e-05 2.52289e-05 -4.58234e-15)
(-4.26648e-05 2.10716e-05 -7.7057e-16)
(-3.62748e-05 1.76181e-05 1.21616e-15)
(-2.96514e-05 1.49615e-05 -1.11462e-15)
(-2.28237e-05 1.31832e-05 -2.01712e-16)
(-1.58601e-05 1.25267e-05 -2.40495e-15)
(-8.65078e-06 1.31938e-05 5.32587e-15)
(-6.92188e-07 1.62668e-05 1.08951e-14)
(6.81045e-06 2.2957e-05 -4.30269e-16)
(-9.9373e-05 9.49413e-05 4.20269e-15)
(-0.000122881 0.000110769 -1.39873e-14)
(-9.25291e-05 8.11512e-05 5.12498e-15)
(-9.0465e-05 7.45243e-05 1.89164e-16)
(-8.56533e-05 6.76271e-05 -1.32072e-14)
(-8.01102e-05 6.09859e-05 1.17176e-14)
(-7.40241e-05 5.42084e-05 -1.10585e-15)
(-6.69896e-05 4.69864e-05 1.07985e-14)
(-6.01894e-05 4.01339e-05 -2.63441e-16)
(-5.4933e-05 3.43823e-05 4.77403e-15)
(-5.02553e-05 2.94606e-05 7.43696e-15)
(-4.51235e-05 2.5114e-05 3.65443e-15)
(-3.9624e-05 2.13455e-05 2.14625e-15)
(-3.38315e-05 1.82282e-05 -4.86492e-16)
(-2.77906e-05 1.58466e-05 1.40445e-15)
(-2.15622e-05 1.43164e-05 6.3876e-16)
(-1.52157e-05 1.38426e-05 4.05201e-16)
(-8.73718e-06 1.46294e-05 -3.41177e-15)
(-1.59537e-06 1.7664e-05 -9.37537e-15)
(4.95318e-06 2.41915e-05 -4.34695e-15)
(-8.18043e-05 8.04573e-05 1.59038e-15)
(-0.000116016 0.000103776 3.1833e-15)
(-8.77832e-05 7.73237e-05 1.39828e-14)
(-8.46096e-05 6.97535e-05 2.03123e-14)
(-7.94785e-05 6.29e-05 -2.25922e-15)
(-7.44747e-05 5.70384e-05 -1.26122e-14)
(-6.83361e-05 5.09426e-05 -1.61054e-15)
(-6.14651e-05 4.44224e-05 -1.33919e-14)
(-5.50147e-05 3.83871e-05 -7.88642e-16)
(-5.02656e-05 3.32276e-05 4.48467e-16)
(-4.61708e-05 2.88076e-05 -1.41853e-15)
(-4.16279e-05 2.48971e-05 -3.50957e-15)
(-3.66954e-05 2.15053e-05 -2.74082e-15)
(-3.14649e-05 1.87042e-05 5.59499e-16)
(-2.59829e-05 1.65979e-05 -7.069e-16)
(-2.03336e-05 1.52955e-05 -6.72123e-16)
(-1.4587e-05 1.49997e-05 9.67288e-16)
(-8.79723e-06 1.58737e-05 -1.01961e-15)
(-2.43053e-06 1.88459e-05 6.73685e-15)
(3.13265e-06 2.50959e-05 6.53336e-15)
(-8.72298e-05 7.87956e-05 2.23904e-14)
(-0.000102539 8.8008e-05 5.00716e-15)
(-7.56645e-05 6.40508e-05 -1.28644e-14)
(-7.34134e-05 5.81819e-05 -1.26888e-14)
(-6.85515e-05 5.29765e-05 8.31629e-15)
(-6.29761e-05 4.74984e-05 1.59841e-15)
(-5.63215e-05 4.19582e-05 4.0449e-15)
(-5.02265e-05 3.65216e-05 -2.56553e-15)
(-4.58468e-05 3.20101e-05 -2.38229e-15)
(-4.23152e-05 2.81068e-05 -1.60386e-15)
(-3.83293e-05 2.4604e-05 -1.86212e-16)
(-3.39447e-05 2.15879e-05 7.33792e-16)
(-2.92603e-05 1.91108e-05 -1.18519e-15)
(-2.43328e-05 1.72781e-05 8.30039e-16)
(-1.92573e-05 1.62094e-05 -6.0774e-16)
(-1.40996e-05 1.60694e-05 -6.32925e-16)
(-8.97252e-06 1.70531e-05 2.3649e-15)
(-3.4532e-06 1.99426e-05 -4.18252e-15)
(1.20897e-06 2.5821e-05 -2.61488e-15)
(-7.6445e-05 7.09327e-05 -2.51336e-14)
(-9.65269e-05 8.29524e-05 -1.07004e-14)
(-6.91907e-05 5.93838e-05 8.60831e-16)
(-6.70889e-05 5.39731e-05 8.31117e-15)
(-6.29402e-05 4.90848e-05 1.18004e-14)
(-5.78517e-05 4.43989e-05 2.73768e-15)
(-5.16299e-05 3.93762e-05 -5.404e-15)
(-4.566e-05 3.45548e-05 7.80811e-16)
(-4.1776e-05 3.07031e-05 -4.24406e-15)
(-3.86782e-05 2.72716e-05 3.1299e-15)
(-3.52028e-05 2.4204e-05 -6.61853e-17)
(-3.13354e-05 2.15535e-05 -7.56046e-17)
(-2.7166e-05 1.94008e-05 8.80861e-16)
(-2.27628e-05 1.78224e-05 5.54859e-16)
(-1.82257e-05 1.69659e-05 1.23038e-15)
(-1.36277e-05 1.69473e-05 -3.09461e-15)
(-9.12163e-06 1.80059e-05 -2.92425e-15)
(-4.38941e-06 2.07977e-05 -1.04439e-15)
(-6.09591e-07 2.61767e-05 -1.44382e-15)
(-6.31296e-05 5.96655e-05 -9.07918e-17)
(-8.94657e-05 7.68639e-05 -4.63899e-15)
(-6.52015e-05 5.69773e-05 5.41916e-15)
(-6.26275e-05 5.11758e-05 3.18199e-15)
(-5.85055e-05 4.62444e-05 8.37509e-15)
(-5.36661e-05 4.17483e-05 9.01187e-15)
(-4.74171e-05 3.69736e-05 2.86927e-16)
(-4.18424e-05 3.27732e-05 -6.42295e-15)
(-3.81129e-05 2.93261e-05 3.56121e-16)
(-3.53483e-05 2.63943e-05 -1.71701e-15)
(-3.23195e-05 2.37568e-05 6.16723e-16)
(-2.89162e-05 2.14825e-05 1.11842e-15)
(-2.52331e-05 1.96253e-05 -1.00778e-15)
(-2.13278e-05 1.8308e-05 -8.39764e-16)
(-1.73181e-05 1.76292e-05 4.52667e-16)
(-1.32726e-05 1.77372e-05 -2.26198e-16)
(-9.37412e-06 1.88405e-05 4.47976e-15)
(-5.38462e-06 2.14762e-05 8.40786e-15)
(-2.30364e-06 2.63678e-05 -8.18053e-15)
(-6.5344e-05 5.72748e-05 -9.25249e-15)
(-7.85248e-05 6.5586e-05 -1.27747e-14)
(-5.54588e-05 4.75149e-05 8.89566e-15)
(-5.37917e-05 4.30888e-05 4.545e-15)
(-4.90928e-05 3.89131e-05 -4.77751e-15)
(-4.35679e-05 3.46884e-05 -3.42273e-15)
(-3.81264e-05 3.07913e-05 3.69443e-15)
(-3.47076e-05 2.78399e-05 2.03189e-15)
(-3.23118e-05 2.54487e-05 1.15408e-15)
(-2.9662e-05 2.32431e-05 7.23438e-16)
(-2.66743e-05 2.13258e-05 -1.87399e-15)
(-2.3425e-05 1.9752e-05 -2.73211e-16)
(-1.99855e-05 1.86568e-05 -2.04135e-16)
(-1.64561e-05 1.81291e-05 -1.98174e-15)
(-1.29305e-05 1.83138e-05 3.65544e-15)
(-9.57317e-06 1.94108e-05 1.60267e-15)
(-6.20881e-06 2.18091e-05 -3.79595e-15)
(-3.81467e-06 2.62313e-05 9.64228e-15)
(-5.71971e-05 5.17334e-05 4.41468e-15)
(-7.39638e-05 6.16352e-05 -1.0206e-14)
(-5.08477e-05 4.42361e-05 -4.25015e-15)
(-4.9059e-05 4.01537e-05 6.21407e-15)
(-4.48516e-05 3.62194e-05 -1.45117e-15)
(-3.95237e-05 3.2171e-05 -2.76268e-15)
(-3.46488e-05 2.8721e-05 -5.4365e-15)
(-3.16301e-05 2.63054e-05 2.25779e-15)
(-2.95674e-05 2.44313e-05 2.46966e-15)
(-2.72499e-05 2.2665e-05 -2.0651e-15)
(-2.46302e-05 2.1087e-05 4.14255e-16)
(-2.17874e-05 1.98014e-05 -7.75379e-16)
(-1.87794e-05 1.89043e-05 1.45994e-16)
(-1.57065e-05 1.85163e-05 2.47847e-15)
(-1.26741e-05 1.87617e-05 -1.51872e-15)
(-9.82482e-06 1.9796e-05 -6.25417e-15)
(-7.06353e-06 2.19843e-05 -1.80436e-15)
(-5.21049e-06 2.59583e-05 -3.80379e-15)
(-4.73366e-05 4.40773e-05 1.51492e-14)
(-6.79988e-05 5.66285e-05 1.04323e-14)
(-4.80635e-05 4.24516e-05 -3.71663e-15)
(-4.57822e-05 3.80212e-05 -1.90664e-15)
(-4.11977e-05 3.38067e-05 -8.85769e-15)
(-3.63339e-05 2.99663e-05 4.6078e-15)
(-3.17631e-05 2.68217e-05 3.02894e-15)
(-2.90772e-05 2.49227e-05 -2.85022e-15)
(-2.72646e-05 2.34903e-05 -3.57925e-15)
(-2.51426e-05 2.20729e-05 -1.67098e-15)
(-2.27963e-05 2.07916e-05 2.40528e-15)
(-2.02856e-05 1.9734e-05 1.43307e-16)
(-1.76466e-05 1.90033e-05 5.0048e-16)
(-1.49852e-05 1.87108e-05 -1.38773e-15)
(-1.23888e-05 1.89719e-05 1.25302e-15)
(-9.98701e-06 1.98997e-05 3.84074e-15)
(-7.74432e-06 2.18205e-05 -3.06968e-16)
(-6.40425e-06 2.54995e-05 -1.26856e-15)
(-4.83083e-05 4.19414e-05 1.38263e-14)
(-5.95966e-05 4.86606e-05 -3.85677e-15)
(-3.99018e-05 3.52097e-05 -6.08831e-16)
(-3.75967e-05 3.12016e-05 6.42488e-15)
(-3.28129e-05 2.76156e-05 -1.59459e-15)
(-2.90835e-05 2.50967e-05 8.65754e-16)
(-2.68628e-05 2.37679e-05 4.53586e-15)
(-2.51861e-05 2.26355e-05 -5.70162e-16)
(-2.32196e-05 2.14647e-05 1.71409e-16)
(-2.11157e-05 2.04234e-05 -2.73053e-16)
(-1.89078e-05 1.95501e-05 -5.80378e-16)
(-1.66104e-05 1.89647e-05 1.15379e-15)
(-1.4328e-05 1.87522e-05 3.71713e-16)
(-1.21304e-05 1.90053e-05 -3.89086e-15)
(-1.01329e-05 1.98376e-05 -4.82202e-15)
(-8.48531e-06 2.15614e-05 -2.35222e-15)
(-7.55779e-06 2.46774e-05 1.165e-15)
(-4.19775e-05 3.8176e-05 -1.69515e-16)
(-5.57887e-05 4.55724e-05 -2.04353e-15)
(-3.62694e-05 3.25952e-05 3.66755e-15)
(-3.36256e-05 2.87391e-05 2.2268e-16)
(-2.97536e-05 2.57749e-05 -1.4236e-15)
(-2.6748e-05 2.3928e-05 4.07888e-15)
(-2.47928e-05 2.28071e-05 1.90972e-16)
(-2.31999e-05 2.18083e-05 -1.2913e-15)
(-2.14236e-05 2.0826e-05 1.78949e-15)
(-1.95662e-05 1.99226e-05 -2.13403e-16)
(-1.76294e-05 1.92047e-05 -1.50078e-16)
(-1.56422e-05 1.87336e-05 -1.38534e-15)
(-1.36861e-05 1.85746e-05 1.69935e-15)
(-1.18375e-05 1.88083e-05 6.15347e-15)
(-1.02443e-05 1.95283e-05 -7.22561e-16)
(-8.97366e-06 2.09968e-05 -1.19995e-15)
(-3.46322e-05 3.28389e-05 9.10468e-15)
(-5.04806e-05 4.1361e-05 -1.72654e-15)
(-3.36835e-05 3.09071e-05 3.38024e-15)
(-3.12708e-05 2.74138e-05 -3.04086e-15)
(-2.76993e-05 2.48929e-05 -5.49681e-15)
(-2.49091e-05 2.30742e-05 -3.11138e-16)
(-2.29239e-05 2.19265e-05 1.19494e-15)
(-2.14499e-05 2.09744e-05 3.50083e-16)
(-1.98109e-05 1.99816e-05 7.34158e-16)
(-1.81372e-05 1.92568e-05 8.24987e-16)
(-1.64726e-05 1.8691e-05 8.99018e-17)
(-1.47517e-05 1.83247e-05 8.79023e-16)
(-1.30897e-05 1.82169e-05 -1.41093e-15)
(-1.15567e-05 1.84479e-05 -5.90412e-15)
(-1.02861e-05 1.9073e-05 2.02548e-15)
(-9.29503e-06 2.01935e-05 6.98108e-15)
(-3.45318e-05 3.04077e-05 -1.01356e-14)
(-4.33579e-05 3.53587e-05 2.3365e-15)
(-2.72629e-05 2.61825e-05 8.22157e-15)
(-2.56089e-05 2.36759e-05 -8.53809e-16)
(-2.26753e-05 2.19115e-05 -3.2149e-15)
(-2.10658e-05 2.07599e-05 -1.04096e-15)
(-1.96464e-05 1.96566e-05 -1.06384e-15)
(-1.82321e-05 1.89243e-05 1.17526e-15)
(-1.68984e-05 1.84261e-05 -6.206e-16)
(-1.54127e-05 1.8006e-05 -2.27989e-16)
(-1.39167e-05 1.77358e-05 -4.92097e-16)
(-1.25083e-05 1.76761e-05 5.19301e-16)
(-1.12426e-05 1.78927e-05 7.6474e-15)
(-1.02059e-05 1.84251e-05 3.0409e-15)
(-9.48422e-06 1.93339e-05 -5.59728e-15)
(-2.99355e-05 2.78933e-05 -3.66655e-15)
(-4.07738e-05 3.3465e-05 -2.85201e-15)
(-2.52539e-05 2.46858e-05 4.34908e-15)
(-2.3228e-05 2.22097e-05 -1.8288e-15)
(-2.05661e-05 2.03662e-05 -3.5331e-16)
(-1.88903e-05 1.89482e-05 -4.08379e-15)
(-1.79e-05 1.82212e-05 1.27127e-15)
(-1.69826e-05 1.78525e-05 1.60796e-15)
(-1.57422e-05 1.74875e-05 -1.05042e-15)
(-1.44425e-05 1.71749e-05 -2.40569e-17)
(-1.31439e-05 1.69945e-05 8.4979e-16)
(-1.19606e-05 1.69873e-05 -9.79612e-16)
(-1.0931e-05 1.71949e-05 -5.07321e-15)
(-1.01315e-05 1.76682e-05 -3.52019e-15)
(-9.61403e-06 1.84461e-05 -2.43752e-15)
(-2.50834e-05 2.43968e-05 -1.02364e-14)
(-3.6951e-05 3.03197e-05 -1.09469e-15)
(-2.38197e-05 2.34017e-05 7.5852e-15)
(-2.1609e-05 2.0726e-05 7.42433e-16)
(-1.8502e-05 1.84825e-05 -6.52931e-17)
(-1.73072e-05 1.74867e-05 1.29891e-15)
(-1.68268e-05 1.72336e-05 -1.71734e-15)
(-1.5884e-05 1.68665e-05 5.71916e-16)
(-1.47627e-05 1.65511e-05 1.17167e-15)
(-1.35851e-05 1.63038e-05 -9.45897e-16)
(-1.24609e-05 1.61751e-05 -5.32649e-16)
(-1.14577e-05 1.62012e-05 1.08608e-15)
(-1.06244e-05 1.63973e-05 5.55378e-16)
(-1.00041e-05 1.68135e-05 2.33863e-15)
(-9.67849e-06 1.74561e-05 4.61864e-15)
(-2.50141e-05 2.24298e-05 -1.89301e-15)
(-3.13388e-05 2.56121e-05 -4.88144e-15)
(-1.79855e-05 1.87415e-05 -3.6175e-15)
(-1.68691e-05 1.69701e-05 2.87397e-15)
(-1.60107e-05 1.65896e-05 -2.75853e-15)
(-1.56343e-05 1.62749e-05 -9.70591e-16)
(-1.47846e-05 1.5927e-05 2.47061e-15)
(-1.37788e-05 1.56363e-05 -7.1843e-16)
(-1.27642e-05 1.54292e-05 3.34112e-16)
(-1.17984e-05 1.53572e-05 1.57855e-16)
(-1.0969e-05 1.53581e-05 3.25071e-16)
(-1.03097e-05 1.55518e-05 -3.43237e-15)
(-9.86548e-06 1.59006e-05 -3.1993e-15)
(-9.67905e-06 1.64395e-05 1.12311e-15)
(-2.15299e-05 2.02761e-05 -1.37188e-14)
(-2.87185e-05 2.32819e-05 -1.53835e-15)
(-1.65233e-05 1.7344e-05 4.2705e-15)
(-1.54892e-05 1.61268e-05 -3.35206e-15)
(-1.46846e-05 1.56848e-05 -1.71067e-16)
(-1.43657e-05 1.53687e-05 2.99292e-16)
(-1.36495e-05 1.50452e-05 1.44277e-16)
(-1.28116e-05 1.48184e-05 3.41752e-16)
(-1.19763e-05 1.46649e-05 -8.14086e-16)
(-1.11532e-05 1.45385e-05 -8.40941e-17)
(-1.04694e-05 1.45564e-05 4.11829e-16)
(-9.99469e-06 1.46635e-05 3.45797e-15)
(-9.67479e-06 1.49494e-05 4.80398e-15)
(-9.62767e-06 1.5381e-05 -1.17127e-15)
(-1.76666e-05 1.73068e-05 9.31843e-15)
(-2.57885e-05 2.09173e-05 -5.04809e-15)
(-1.58603e-05 1.66305e-05 4.93483e-15)
(-1.4637e-05 1.53949e-05 4.93499e-15)
(-1.36821e-05 1.48749e-05 -3.54339e-15)
(-1.33303e-05 1.45304e-05 -9.72957e-16)
(-1.26864e-05 1.42748e-05 1.56461e-15)
(-1.19753e-05 1.40854e-05 -6.65748e-16)
(-1.11919e-05 1.38922e-05 6.08979e-16)
(-1.04969e-05 1.37613e-05 8.55233e-17)
(-9.97471e-06 1.36297e-05 8.01917e-16)
(-9.61166e-06 1.37302e-05 -3.14184e-16)
(-9.48231e-06 1.39674e-05 -2.60638e-15)
(-9.51924e-06 1.43114e-05 -1.07449e-16)
(-1.72196e-05 1.56217e-05 -6.14729e-15)
(-2.16947e-05 1.7921e-05 -2.64345e-15)
(-1.26488e-05 1.43689e-05 5.23156e-15)
(-1.26949e-05 1.37898e-05 1.73521e-15)
(-1.22265e-05 1.35694e-05 -1.08331e-15)
(-1.17724e-05 1.33931e-05 3.52853e-16)
(-1.10812e-05 1.3249e-05 -1.91203e-16)
(-1.0427e-05 1.30174e-05 6.6133e-16)
(-9.7575e-06 1.26877e-05 -1.71344e-17)
(-9.3692e-06 1.26456e-05 8.92459e-16)
(-9.30816e-06 1.27773e-05 -3.78079e-16)
(-9.24608e-06 1.299e-05 -6.53959e-16)
(-9.34871e-06 1.32335e-05 5.77691e-16)
(-1.58023e-05 1.42039e-05 -1.388e-15)
(-2.00623e-05 1.61395e-05 -3.44742e-15)
(-1.1798e-05 1.31149e-05 1.02601e-15)
(-1.17107e-05 1.26062e-05 1.14654e-15)
(-1.13185e-05 1.25055e-05 2.69986e-15)
(-1.09099e-05 1.24053e-05 -4.53666e-16)
(-1.026e-05 1.21767e-05 7.38961e-17)
(-9.40324e-06 1.17263e-05 1.4647e-16)
(-8.98535e-06 1.15953e-05 -2.65431e-16)
(-9.01729e-06 1.17288e-05 -1.13764e-15)
(-8.95996e-06 1.18749e-05 1.71004e-16)
(-8.98666e-06 1.20246e-05 -3.44074e-16)
(-9.10899e-06 1.22011e-05 1.41317e-15)
(-1.42776e-05 1.26789e-05 -1.02854e-14)
(-1.90054e-05 1.48117e-05 7.17677e-16)
(-1.09573e-05 1.19375e-05 4.87224e-15)
(-1.08252e-05 1.15193e-05 -3.1041e-15)
(-1.05087e-05 1.14577e-05 -7.83601e-16)
(-1.00035e-05 1.12171e-05 2.40793e-15)
(-9.04576e-06 1.07814e-05 -2.02847e-15)
(-8.60875e-06 1.06282e-05 2.36117e-16)
(-8.63861e-06 1.08318e-05 9.19102e-16)
(-8.61858e-06 1.09531e-05 -1.02123e-15)
(-8.64586e-06 1.10473e-05 -1.11276e-15)
(-8.67012e-06 1.11491e-05 1.58027e-15)
(-8.83418e-06 1.12343e-05 -1.76902e-15)
(-1.21314e-05 1.13725e-05 -1.19905e-15)
(-1.7103e-05 1.31162e-05 1.22426e-15)
(-1.0699e-05 1.11663e-05 1.00089e-16)
(-1.03562e-05 1.07418e-05 -5.27383e-16)
(-9.75475e-06 1.04265e-05 2.0205e-15)
(-8.91015e-06 9.98286e-06 -6.58796e-16)
(-8.3927e-06 9.85693e-06 -3.94153e-16)
(-8.28585e-06 1.00869e-05 6.05476e-17)
(-8.24897e-06 1.01988e-05 -3.25948e-16)
(-8.25312e-06 1.02809e-05 1.50457e-15)
(-8.24534e-06 1.03167e-05 -6.29647e-16)
(-8.33252e-06 1.03267e-05 -3.23985e-15)
(-8.49921e-06 1.03716e-05 3.05632e-15)
(-1.12469e-05 1.0278e-05 4.62266e-15)
(-1.42999e-05 1.15719e-05 2.05698e-15)
(-8.85673e-06 9.97643e-06 -1.1376e-16)
(-8.77956e-06 9.33463e-06 -1.97774e-15)
(-8.2125e-06 9.19502e-06 1.03562e-15)
(-7.99099e-06 9.40454e-06 1.31652e-16)
(-7.88591e-06 9.51487e-06 -4.5544e-16)
(-7.82565e-06 9.62207e-06 9.56439e-17)
(-7.80321e-06 9.64195e-06 -1.24842e-16)
(-7.82927e-06 9.63974e-06 7.55578e-16)
(-7.93559e-06 9.63544e-06 9.01279e-16)
(-8.15236e-06 9.57759e-06 -6.41747e-16)
(-9.9975e-06 9.43636e-06 -4.93148e-15)
(-1.28408e-05 1.03085e-05 -1.75018e-15)
(-7.82844e-06 9.01363e-06 1.14038e-16)
(-8.09694e-06 8.5859e-06 1.21535e-15)
(-7.72614e-06 8.71791e-06 3.66819e-16)
(-7.59122e-06 8.81381e-06 -6.25628e-16)
(-7.44162e-06 8.92741e-06 -1.31535e-16)
(-7.38739e-06 8.98177e-06 2.96941e-17)
(-7.3461e-06 9.02507e-06 -1.7598e-16)
(-7.39334e-06 9.02265e-06 6.72356e-16)
(-7.51095e-06 8.96355e-06 5.16557e-16)
(-7.74239e-06 8.78618e-06 -9.33839e-16)
(-8.60167e-06 8.27211e-06 5.70212e-15)
(-1.17466e-05 9.27065e-06 6.18297e-15)
(-7.3028e-06 8.18938e-06 -1.43329e-15)
(-7.53974e-06 7.98439e-06 -9.76188e-16)
(-7.2812e-06 8.02939e-06 -4.34643e-17)
(-7.08534e-06 8.10294e-06 -3.0726e-16)
(-7.00873e-06 8.19668e-06 2.45469e-16)
(-6.93366e-06 8.29314e-06 -1.2557e-16)
(-6.9306e-06 8.35127e-06 -3.42586e-16)
(-6.92761e-06 8.36183e-06 6.23091e-16)
(-6.96468e-06 8.21286e-06 1.76223e-16)
(-7.21908e-06 7.09036e-06 -7.54603e-16)
(-1.03705e-05 8.02944e-06 8.52213e-16)
(-7.02826e-06 7.48102e-06 -9.57897e-16)
(-7.25706e-06 7.27196e-06 -6.98368e-16)
(-6.85617e-06 7.20378e-06 1.52172e-15)
(-6.74837e-06 7.29294e-06 5.36153e-16)
(-6.64721e-06 7.41723e-06 2.19139e-16)
(-6.60337e-06 7.52815e-06 -1.6491e-16)
(-6.52199e-06 7.6305e-06 1.02926e-16)
(-6.42574e-06 7.57869e-06 -6.21884e-16)
(-6.37275e-06 7.34604e-06 -6.39623e-16)
(-6.92414e-06 6.1697e-06 -3.17877e-15)
(-9.63464e-06 7.17237e-06 -8.25482e-16)
(-6.23187e-06 6.53194e-06 -7.14119e-16)
(-6.53182e-06 6.36433e-06 -5.00777e-16)
(-6.36624e-06 6.49623e-06 -3.48187e-16)
(-6.34609e-06 6.60038e-06 -7.63923e-16)
(-6.26467e-06 6.74108e-06 6.58625e-16)
(-6.11513e-06 6.74491e-06 1.06616e-16)
(-5.78291e-06 6.57664e-06 -1.12943e-15)
(-5.80361e-06 6.47594e-06 -1.13472e-16)
(-6.14345e-06 5.52487e-06 -1.32948e-15)
(-8.764e-06 6.23875e-06 -2.21973e-15)
(-5.9064e-06 5.80966e-06 1.94539e-15)
(-6.15101e-06 5.63839e-06 6.91729e-16)
(-6.03569e-06 5.72426e-06 6.49575e-16)
(-6.02037e-06 5.82232e-06 2.75668e-16)
(-5.88014e-06 5.83871e-06 1.90699e-16)
(-5.44414e-06 5.72254e-06 3.86414e-16)
(-5.29614e-06 5.69266e-06 5.48861e-16)
(-5.47352e-06 5.69081e-06 1.01897e-15)
(-5.6182e-06 4.87343e-06 -4.35834e-15)
(-8.01801e-06 5.50337e-06 -7.14654e-16)
(-5.40953e-06 5.12719e-06 -1.89347e-16)
(-5.72467e-06 4.93964e-06 3.7086e-16)
(-5.66622e-06 5.01673e-06 1.26165e-16)
(-5.60585e-06 5.01133e-06 -9.35911e-17)
(-5.25828e-06 4.93222e-06 1.83813e-18)
(-5.09273e-06 4.90024e-06 -1.79915e-15)
(-4.9852e-06 4.92219e-06 1.26305e-16)
(-5.07917e-06 4.9489e-06 1.97771e-15)
(-4.89399e-06 4.21533e-06 3.63185e-15)
(-7.34687e-06 4.77483e-06 -2.27801e-15)
(-5.06493e-06 4.43306e-06 -1.75116e-15)
(-5.32105e-06 4.29467e-06 7.23163e-16)
(-5.22951e-06 4.30153e-06 -1.17873e-16)
(-5.05187e-06 4.24334e-06 3.0092e-16)
(-4.90502e-06 4.21434e-06 -1.00709e-16)
(-4.63317e-06 4.19777e-06 6.99249e-16)
(-4.62404e-06 4.23712e-06 1.56985e-15)
(-4.8323e-06 4.29454e-06 -1.14094e-15)
(-4.14485e-06 3.50899e-06 -2.40854e-16)
(-6.40849e-06 3.93862e-06 -2.3951e-17)
(-4.808e-06 3.80632e-06 -2.17799e-15)
(-5.00336e-06 3.66811e-06 1.66327e-15)
(-4.81944e-06 3.62004e-06 1.36798e-16)
(-4.71619e-06 3.59492e-06 -6.54169e-16)
(-4.41529e-06 3.55335e-06 7.72461e-16)
(-4.37804e-06 3.57982e-06 -1.52126e-16)
(-4.42796e-06 3.64407e-06 -1.89171e-15)
(-4.55191e-06 3.7026e-06 2.2157e-16)
(-4.30601e-06 2.94462e-06 3.23364e-15)
(-6.30255e-06 3.31751e-06 2.0192e-15)
(-4.27658e-06 3.17507e-06 -1.19386e-16)
(-4.49055e-06 3.03263e-06 1.68711e-16)
(-4.2244e-06 2.99898e-06 1.26176e-16)
(-4.16921e-06 3.01956e-06 -5.29086e-16)
(-4.06284e-06 3.05122e-06 -5.57565e-16)
(-4.14215e-06 3.09691e-06 1.31251e-15)
(-4.41334e-06 3.18597e-06 7.64515e-16)
(-3.75038e-06 2.5453e-06 1.24481e-15)
(-5.69469e-06 2.76334e-06 -1.4992e-15)
(-3.96811e-06 2.73262e-06 -6.95359e-16)
(-4.05585e-06 2.57214e-06 1.66931e-15)
(-3.96311e-06 2.58576e-06 -1.02248e-15)
(-3.79709e-06 2.59304e-06 3.31383e-16)
(-3.83119e-06 2.62913e-06 -4.22237e-16)
(-4.02236e-06 2.72301e-06 2.6333e-17)
(-4.24465e-06 2.73486e-06 1.24068e-15)
(-3.40882e-06 2.18029e-06 8.91195e-16)
(-5.13896e-06 2.38128e-06 4.90795e-16)
(-3.5626e-06 2.37373e-06 4.75982e-16)
(-3.75661e-06 2.2474e-06 1.25962e-16)
(-3.5703e-06 2.25209e-06 -8.96544e-16)
(-3.59738e-06 2.27485e-06 3.16093e-16)
(-3.65054e-06 2.32962e-06 4.79377e-16)
(-3.76192e-06 2.34454e-06 -3.88513e-16)
(-3.02015e-06 1.88972e-06 9.58492e-17)
(-4.63544e-06 2.03227e-06 5.68559e-16)
(-3.288e-06 2.09326e-06 7.74163e-18)
(-3.37821e-06 1.95199e-06 -1.49156e-16)
(-3.37567e-06 1.96097e-06 -1.704e-16)
(-3.31836e-06 1.98252e-06 -9.1175e-17)
(-3.38345e-06 2.01429e-06 5.53058e-17)
(-3.56653e-06 2.03903e-06 2.36912e-16)
(-2.72547e-06 1.66075e-06 3.03923e-17)
(-4.22827e-06 1.75948e-06 -2.44311e-16)
(-2.94767e-06 1.8284e-06 -5.58875e-16)
(-3.10457e-06 1.71399e-06 5.98028e-16)
(-3.02268e-06 1.70764e-06 -2.27439e-16)
(-3.1304e-06 1.70244e-06 3.57602e-16)
(-3.22597e-06 1.73495e-06 -1.21603e-16)
(-3.33427e-06 1.73603e-06 -1.07759e-15)
(-2.28801e-06 1.56208e-06 1.19774e-15)
(-3.63309e-06 1.48495e-06 4.83518e-16)
(-2.78746e-06 1.61547e-06 2.34959e-16)
(-2.82026e-06 1.54155e-06 -3.39104e-16)
(-2.857e-06 1.50937e-06 1.05458e-16)
(-2.87658e-06 1.50342e-06 1.77213e-17)
(-2.97766e-06 1.48109e-06 -4.70813e-16)
(-3.13437e-06 1.46739e-06 8.68633e-16)
(-2.35478e-06 1.3882e-06 9.26855e-17)
(-3.42446e-06 1.29377e-06 -2.45336e-16)
(-2.44339e-06 1.51688e-06 7.11261e-16)
(-2.53988e-06 1.35325e-06 -5.5777e-16)
(-2.64863e-06 1.31968e-06 6.01928e-16)
(-2.76118e-06 1.28258e-06 -1.49077e-16)
(-2.88293e-06 1.23865e-06 -2.23717e-16)
(-2.0999e-06 1.24234e-06 2.57149e-15)
(-2.92629e-06 1.11408e-06 3.78445e-16)
(-2.11661e-06 1.3395e-06 -7.30808e-16)
(-2.30797e-06 1.18045e-06 7.82026e-16)
(-2.31874e-06 1.16397e-06 -7.49393e-16)
(-2.47834e-06 1.11019e-06 -1.48383e-16)
(-2.64911e-06 1.04541e-06 8.64842e-16)
(-2.05063e-06 1.00815e-06 2.50138e-15)
(-2.97015e-06 8.65128e-07 2.88459e-16)
(-2.10173e-06 1.15851e-06 -2.42488e-17)
(-2.19135e-06 1.00341e-06 -3.35877e-16)
(-2.27218e-06 9.9017e-07 2.18988e-16)
(-2.35419e-06 9.41551e-07 -8.55787e-16)
(-2.48107e-06 8.81627e-07 -5.07743e-16)
(-1.81202e-06 8.45677e-07 5.49529e-16)
(-2.65472e-06 7.00015e-07 3.44479e-16)
(-1.88354e-06 9.71239e-07 -2.43523e-16)
(-2.0369e-06 8.53385e-07 -1.9502e-16)
(-2.03073e-06 8.37685e-07 -1.95171e-17)
(-2.15436e-06 7.92176e-07 4.00732e-16)
(-2.31044e-06 7.55787e-07 1.32406e-16)
(-1.57242e-06 6.60912e-07 -1.82833e-15)
(-2.37734e-06 5.04251e-07 -5.30631e-16)
(-1.74649e-06 7.7495e-07 5.14067e-17)
(-1.82702e-06 6.62377e-07 6.73221e-17)
(-1.90286e-06 6.67648e-07 4.68845e-17)
(-2.00955e-06 6.53642e-07 -7.28967e-16)
(-2.13455e-06 6.07144e-07 -2.30069e-17)
(-1.41914e-06 4.76073e-07 5.53556e-16)
(-2.13153e-06 3.24522e-07 8.92113e-16)
(-1.56594e-06 5.67068e-07 1.22399e-16)
(-1.72405e-06 4.94049e-07 -1.02179e-16)
(-1.75366e-06 5.04196e-07 -1.38379e-16)
(-1.86057e-06 4.73431e-07 1.20191e-16)
(-2.02542e-06 4.34433e-07 1.18781e-15)
(-1.25041e-06 3.03959e-07 -5.91407e-16)
(-1.91179e-06 1.38132e-07 1.84538e-17)
(-1.48095e-06 3.8069e-07 6.47484e-17)
(-1.57293e-06 3.03417e-07 3.69881e-16)
(-1.64524e-06 3.02712e-07 1.81186e-16)
(-1.75108e-06 2.87865e-07 -6.40942e-16)
(-1.14501e-06 1.57678e-07 7.18636e-16)
(-1.72959e-06 -1.81526e-08 1.19562e-15)
(-1.32161e-06 1.92389e-07 -9.92582e-16)
(-1.46672e-06 1.24154e-07 -3.58284e-18)
(-1.53532e-06 1.0723e-07 1.72589e-16)
(-1.6443e-06 7.04668e-08 -8.12741e-17)
(-9.91395e-07 9.19257e-08 -2.32684e-16)
(-1.45834e-06 -1.21094e-07 2.79685e-16)
(-1.2545e-06 3.73204e-08 -4.67329e-16)
(-1.32466e-06 -1.01793e-08 -2.60079e-17)
(-1.40866e-06 -4.878e-08 9.5795e-17)
(-1.51254e-06 -9.75975e-08 1.02565e-16)
(-9.9886e-07 -4.02735e-08 9.26388e-16)
(-1.40567e-06 -2.48804e-07 2.36082e-16)
(-1.16688e-06 -5.49158e-08 -3.90974e-16)
(-1.26972e-06 -1.44632e-07 -5.07576e-17)
(-1.35909e-06 -2.01319e-07 2.17559e-16)
(-9.10915e-07 -1.21007e-07 5.71501e-16)
(-1.24555e-06 -3.38595e-07 -2.43761e-16)
(-1.01643e-06 -1.42533e-07 3.07853e-16)
(-1.13286e-06 -2.31647e-07 1.67331e-16)
(-1.21415e-06 -2.88881e-07 -8.21374e-17)
(-8.1291e-07 -1.89551e-07 -8.08885e-16)
(-1.11953e-06 -4.03044e-07 -4.47132e-17)
(-9.62316e-07 -1.81401e-07 -2.23417e-17)
(-1.02553e-06 -2.41239e-07 1.17267e-16)
(-1.09766e-06 -2.7154e-07 9.00836e-17)
(-8.39593e-07 -3.23772e-07 4.50714e-16)
(-1.1114e-06 -4.74912e-07 -1.48582e-16)
(-9.6375e-07 -3.39661e-07 2.54691e-16)
(-1.04212e-06 -4.22424e-07 -5.0538e-16)
(-1.10679e-06 -4.76697e-07 -3.04406e-16)
(-6.93633e-07 9.4417e-08 2.62917e-16)
(-9.53217e-07 -2.39589e-07 3.7018e-16)
(-8.65274e-07 1.16373e-07 -7.31293e-18)
(-8.98282e-07 1.07992e-07 -7.32448e-17)
(-9.41292e-07 1.23768e-07 -5.35903e-17)
(-7.82753e-07 -9.4749e-07 -1.58835e-16)
(-8.66202e-07 -1.03139e-06 1.84986e-16)
(-9.07591e-07 -1.1301e-06 1.17429e-16)
(-9.28558e-07 -1.22739e-06 -3.04653e-16)
(-9.4983e-07 -1.32735e-06 -5.37723e-16)
)
;

boundaryField
{
    inlet
    {
        type            calculated;
        value           nonuniform List<vector> 5((-7.84787e-07 0.563174 -1.58835e-16) (-8.67059e-07 0.581076 1.84986e-16) (-9.08566e-07 0.596716 1.17429e-16) (-9.2923e-07 0.610281 -3.04653e-16) (-9.50794e-07 0.621198 -5.37723e-16));
    }
    outlet
    {
        type            calculated;
        value           nonuniform List<vector> 0();
    }
    walls
    {
        type            calculated;
        value           nonuniform List<vector> 
28
(
(-17.5136 -16.8966 3.01878e-14)
(-14.2754 -16.6638 -7.59115e-14)
(-9.43266 -13.2296 9.57309e-14)
(-3.12768 -5.20306 -5.9627e-14)
(1.49334 2.89803 -1.46288e-13)
(3.93631 8.81606 -1.64682e-13)
(4.91761 12.5953 1.38222e-14)
(4.97811 14.3756 1.34527e-13)
(4.60593 14.9102 3.96886e-14)
(4.02186 14.462 -5.08394e-14)
(3.43493 13.6608 -3.60683e-14)
(2.90916 12.7377 -2.10762e-14)
(2.50354 12.099 3.89324e-14)
(2.17546 11.6513 1.7444e-14)
(1.94015 11.6774 2.4566e-14)
(1.75451 12.1613 -3.47464e-14)
(1.56184 13.1163 -2.442e-14)
(1.24451 13.4844 1.90355e-14)
(0.865496 12.9626 1.25641e-14)
(0.531894 12.561 6.74056e-15)
(0.228038 11.9373 -1.44876e-15)
(-0.0320771 10.4866 -2.73674e-16)
(-0.206889 8.58314 2.11747e-16)
(-0.302313 6.87813 -1.80522e-16)
(-0.345696 5.52163 -1.60551e-15)
(-0.357043 4.45687 -1.29905e-15)
(-0.348574 3.61101 -2.74862e-15)
(-0.331296 2.95591 -2.67078e-15)
)
;
    }
    frontAndBack
    {
        type            empty;
    }
    procBoundary1to0
    {
        type            processor;
        value           nonuniform List<vector> 
94
(
(-0.000207798 0.000994136 1.44993e-14)
(-0.000207798 0.000994136 1.44993e-14)
(-0.000207395 0.000755992 -1.8179e-14)
(-0.000207395 0.000755992 -1.8179e-14)
(-0.00022046 0.000643 1.13909e-14)
(-0.00022046 0.000643 1.13909e-14)
(-0.000250193 0.000583929 6.26826e-15)
(-0.000250193 0.000583929 6.26826e-15)
(-0.000266503 0.000513171 1.37785e-13)
(-0.000266503 0.000513171 1.37785e-13)
(-0.000269516 0.000440529 2.73517e-14)
(-0.000269516 0.000440529 2.73517e-14)
(-0.000243672 0.000403953 8.4761e-15)
(-0.000236371 0.00034267 -1.839e-14)
(-0.000236371 0.00034267 -1.839e-14)
(-0.000213464 0.00031415 -4.37674e-14)
(-0.000205346 0.000269598 -3.41275e-14)
(-0.000205346 0.000269598 -3.41275e-14)
(-0.000186023 0.000247665 5.53499e-14)
(-0.000167884 0.000226936 1.59161e-14)
(-0.000160911 0.000197007 -1.46929e-14)
(-0.000160911 0.000197007 -1.46929e-14)
(-0.000145242 0.000180513 -3.75749e-14)
(-0.000137197 0.000156666 -2.14131e-14)
(-0.000137197 0.000156666 -2.14131e-14)
(-0.000124213 0.000143593 1.184e-14)
(-0.00011193 0.000131252 1.94329e-14)
(-0.00010656 0.000116113 5.0682e-14)
(-0.00010656 0.000116113 5.0682e-14)
(-9.64187e-05 0.00010664 -3.06468e-14)
(-8.67407e-05 9.80815e-05 2.08323e-14)
(-8.411e-05 8.88484e-05 1.88337e-14)
(-8.411e-05 8.88484e-05 1.88337e-14)
(-7.59675e-05 8.22505e-05 -2.7717e-14)
(-7.31485e-05 7.38139e-05 -5.91462e-15)
(-7.31485e-05 7.38139e-05 -5.91462e-15)
(-6.64002e-05 6.75913e-05 2.36626e-15)
(-5.9944e-05 6.14162e-05 3.62588e-15)
(-5.61823e-05 5.44646e-05 -9.97162e-15)
(-5.61823e-05 5.44646e-05 -9.97162e-15)
(-5.06682e-05 4.9884e-05 -4.17916e-15)
(-4.52912e-05 4.57018e-05 9.52921e-16)
(-4.15143e-05 4.04372e-05 7.57593e-15)
(-4.15143e-05 4.04372e-05 7.57593e-15)
(-3.72503e-05 3.72938e-05 -8.16845e-15)
(-3.31191e-05 3.40989e-05 1.87007e-14)
(-2.99716e-05 2.99698e-05 1.63817e-14)
(-2.99716e-05 2.99698e-05 1.63817e-14)
(-2.67932e-05 2.75021e-05 -1.41096e-14)
(-2.39567e-05 2.51707e-05 2.14039e-15)
(-2.18175e-05 2.22989e-05 -1.27446e-14)
(-2.18175e-05 2.22989e-05 -1.27446e-14)
(-1.97833e-05 2.03541e-05 2.4184e-15)
(-1.77555e-05 1.82292e-05 -2.07011e-15)
(-1.57039e-05 1.55932e-05 4.77827e-15)
(-1.57039e-05 1.55932e-05 4.77827e-15)
(-1.44489e-05 1.40475e-05 -3.64031e-15)
(-1.32866e-05 1.27355e-05 -1.23691e-15)
(-1.20527e-05 1.18267e-05 -1.14187e-15)
(-1.05928e-05 1.06995e-05 -2.90725e-15)
(-1.05928e-05 1.06995e-05 -2.90725e-15)
(-9.41563e-06 9.71194e-06 -2.88567e-15)
(-8.32183e-06 8.58086e-06 -4.08552e-15)
(-7.32612e-06 7.53701e-06 -3.61186e-15)
(-6.18074e-06 6.2615e-06 3.93277e-15)
(-6.18074e-06 6.2615e-06 3.93277e-15)
(-5.60133e-06 5.52076e-06 -5.99995e-15)
(-5.10026e-06 4.8624e-06 5.54667e-15)
(-4.59345e-06 4.23921e-06 -3.76245e-15)
(-4.07731e-06 3.62056e-06 2.20929e-16)
(-3.50233e-06 2.97568e-06 1.86764e-15)
(-3.50233e-06 2.97568e-06 1.86764e-15)
(-3.10948e-06 2.50872e-06 1.66654e-16)
(-2.78528e-06 2.13561e-06 3.90844e-15)
(-2.47074e-06 1.82773e-06 -1.11646e-15)
(-2.2395e-06 1.60731e-06 -6.20257e-16)
(-2.02694e-06 1.50078e-06 7.01054e-16)
(-1.97499e-06 1.50578e-06 -2.5198e-15)
(-1.97499e-06 1.50578e-06 -2.5198e-15)
(-1.74332e-06 1.33524e-06 1.81655e-15)
(-1.6859e-06 1.12424e-06 1.86264e-15)
(-1.46406e-06 9.47163e-07 1.16026e-15)
(-1.25969e-06 7.28988e-07 -2.88529e-16)
(-1.12104e-06 5.28746e-07 -2.66161e-16)
(-1.00075e-06 3.34604e-07 2.74726e-16)
(-9.26571e-07 1.85468e-07 1.12552e-15)
(-8.57001e-07 9.80323e-08 -4.31362e-16)
(-8.87283e-07 2.72981e-08 -6.41226e-16)
(-8.87283e-07 2.72981e-08 -6.41226e-16)
(-8.03253e-07 -6.00994e-08 -1.14422e-15)
(-7.39173e-07 -1.4123e-07 -7.66847e-17)
(-7.2385e-07 -2.38449e-07 2.61053e-16)
(-6.35082e-07 1.0081e-07 -1.92604e-16)
(-7.07777e-07 -8.5869e-07 1.93702e-15)
)
;
    }
    procBoundary1to2
    {
        type            processor;
        value           nonuniform List<vector> 
84
(
(0.000115056 1.17036e-05 1.26076e-15)
(-1.91141e-05 6.36876e-06 -1.55055e-15)
(0.000116447 2.46002e-05 3.80699e-17)
(-0.00032828 -0.00106488 7.59891e-15)
(0.00025511 0.00124671 -6.92582e-16)
(0.00019433 -5.92245e-05 -1.19166e-14)
(-4.84584e-05 -0.000181175 7.24291e-15)
(4.69516e-05 -1.95018e-05 -3.42317e-15)
(4.01114e-05 -8.0791e-06 -1.10007e-15)
(4.15274e-05 -4.13119e-06 -4.81755e-16)
(4.17327e-05 -9.45369e-07 2.33662e-15)
(4.18509e-05 1.22695e-06 7.27921e-15)
(4.19044e-05 3.46383e-06 -1.25879e-14)
(4.18032e-05 5.50254e-06 7.45062e-16)
(4.15893e-05 7.70667e-06 7.28407e-16)
(4.11236e-05 9.72839e-06 -1.03613e-15)
(4.04729e-05 1.20064e-05 3.09252e-15)
(3.94935e-05 1.40737e-05 1.59469e-15)
(3.83284e-05 1.60946e-05 5.65216e-15)
(3.68393e-05 1.79608e-05 -9.50943e-15)
(3.51083e-05 2.00962e-05 5.55304e-15)
(3.29517e-05 2.21936e-05 -2.00708e-15)
(3.05957e-05 2.42445e-05 -7.49258e-18)
(2.79241e-05 2.61958e-05 1.0195e-16)
(2.51177e-05 2.79905e-05 2.43623e-15)
(2.20273e-05 2.97326e-05 -9.86579e-17)
(1.88502e-05 3.12169e-05 4.49191e-15)
(1.55521e-05 3.24976e-05 -8.96052e-15)
(1.23099e-05 3.33193e-05 7.5603e-15)
(9.11572e-06 3.39023e-05 -8.13981e-15)
(6.07763e-06 3.40535e-05 -1.75605e-15)
(3.23694e-06 3.39975e-05 7.90598e-15)
(6.39273e-07 3.34966e-05 1.32757e-15)
(-1.68012e-06 3.28626e-05 -6.34269e-15)
(-3.73997e-06 3.19595e-05 4.02135e-15)
(-5.48792e-06 3.09249e-05 -2.96924e-15)
(-7.00997e-06 2.98307e-05 -1.8616e-15)
(-8.0761e-06 2.82028e-05 -7.37793e-16)
(-8.38558e-06 2.31435e-05 4.84965e-15)
(-8.38558e-06 2.31435e-05 4.84965e-15)
(-8.97292e-06 2.20064e-05 -6.37965e-15)
(-9.40032e-06 2.08049e-05 1.45763e-15)
(-9.68452e-06 1.96476e-05 8.91746e-16)
(-9.89375e-06 1.84357e-05 -3.52015e-15)
(-9.94657e-06 1.72112e-05 -1.43804e-15)
(-9.93982e-06 1.59674e-05 -4.27828e-15)
(-9.82133e-06 1.47252e-05 1.24488e-15)
(-9.67163e-06 1.35175e-05 1.78147e-15)
(-9.42594e-06 1.23648e-05 -5.82954e-16)
(-9.15401e-06 1.13082e-05 -2.29063e-15)
(-8.83219e-06 1.03369e-05 1.71925e-15)
(-8.44875e-06 9.49183e-06 8.71195e-16)
(-8.17346e-06 8.54731e-06 -1.12015e-15)
(-7.2051e-06 7.87686e-06 -2.12021e-15)
(-7.2051e-06 7.87686e-06 -2.12021e-15)
(-6.73416e-06 7.09289e-06 1.27131e-15)
(-6.20484e-06 6.31715e-06 -1.76701e-15)
(-5.88061e-06 5.56817e-06 7.03668e-16)
(-5.40045e-06 4.86678e-06 1.16529e-15)
(-5.14847e-06 4.24964e-06 -1.37793e-15)
(-4.85577e-06 3.71848e-06 -1.68284e-16)
(-4.67856e-06 3.20172e-06 1.84827e-15)
(-4.6039e-06 2.7088e-06 -1.24003e-15)
(-4.00965e-06 2.31299e-06 -4.96608e-16)
(-4.00965e-06 2.31299e-06 -4.96608e-16)
(-3.81601e-06 1.99469e-06 1.46593e-15)
(-3.53537e-06 1.69029e-06 -1.30466e-16)
(-3.3504e-06 1.3939e-06 6.42596e-16)
(-3.08146e-06 1.15339e-06 2.81701e-15)
(-2.87877e-06 9.46512e-07 -3.4042e-16)
(-2.69462e-06 7.73405e-07 1.68649e-15)
(-2.51095e-06 6.41225e-07 7.49283e-16)
(-2.3115e-06 5.29455e-07 8.21067e-16)
(-2.21943e-06 3.77684e-07 -1.06437e-17)
(-1.93252e-06 2.23462e-07 -1.44222e-15)
(-1.93252e-06 2.23462e-07 -1.44222e-15)
(-1.76661e-06 4.37105e-09 1.55504e-16)
(-1.6529e-06 -1.90389e-07 -9.35359e-16)
(-1.48008e-06 -3.00196e-07 5.25173e-17)
(-1.35482e-06 -3.9855e-07 1.74303e-16)
(-1.21242e-06 -3.47808e-07 -6.26383e-16)
(-1.22767e-06 -5.89558e-07 1.59281e-15)
(-1.02041e-06 8.65962e-08 -1.0542e-15)
(-9.88645e-07 -1.43424e-06 -6.32232e-16)
)
;
    }
    procBoundary1to5
    {
        type            processor;
        value           nonuniform List<vector> 
13
(
(-0.000485601 0.000487023 -1.07391e-13)
(-0.000485601 0.000487023 -1.07391e-13)
(-0.000753836 0.00138444 1.27342e-13)
(-0.000651103 0.00132221 -6.45687e-14)
(-0.000651103 0.00132221 -6.45687e-14)
(-0.000583723 0.0016976 -2.08278e-14)
(-0.000502722 0.00150334 1.86885e-13)
(-0.000502722 0.00150334 1.86885e-13)
(-0.000389933 0.00163794 -5.8305e-15)
(-0.000331802 0.00143725 -3.94486e-15)
(-0.000279875 0.00126959 6.10908e-14)
(-0.000279875 0.00126959 6.10908e-14)
(-0.000187653 0.00127949 5.06876e-14)
)
;
    }
}


// ************************************************************************* //
