/*--------------------------------*- C++ -*----------------------------------*\
| =========                 |                                                 |
| \\      /  F ield         | OpenFOAM: The Open Source CFD Toolbox           |
|  \\    /   O peration     | Version:  2506                                  |
|   \\  /    A nd           | Website:  www.openfoam.com                      |
|    \\/     M anipulation  |                                                 |
\*---------------------------------------------------------------------------*/
FoamFile
{
    version     2.0;
    format      ascii;
    arch        "LSB;label=32;scalar=64";
    class       volVectorField;
    location    "100";
    object      momentError;
}
// * * * * * * * * * * * * * * * * * * * * * * * * * * * * * * * * * * * * * //

dimensions      [0 1 -2 0 0 0 0];

internalField   nonuniform List<vector> 
1340
(
(-1.79605 0.2109 6.58555e-14)
(-2.31567 0.318574 -9.19113e-15)
(-0.997796 0.175087 1.00008e-14)
(-0.419292 -0.0841362 -3.66136e-14)
(-3.0842 0.590109 -2.19279e-14)
(-3.90472 0.774953 1.61029e-14)
(-1.56284 0.235996 1.77086e-14)
(-0.768459 -0.17364 -2.39161e-14)
(-4.1489 0.875515 -1.195e-14)
(-5.73241 1.07746 -3.95406e-14)
(-3.28391 0.392853 -1.4361e-14)
(-2.03429 -0.0684651 -2.0444e-15)
(-5.18965 1.19471 -7.30161e-14)
(-6.93181 1.30363 7.78127e-15)
(-4.56368 0.461916 4.18325e-15)
(-3.60638 0.167029 3.96816e-14)
(-5.97185 1.45869 6.77961e-14)
(-7.9445 1.52202 -1.52434e-14)
(-5.88087 0.589841 1.76662e-14)
(-5.20624 0.384626 5.26069e-15)
(-5.07957 1.49756 4.21376e-14)
(-8.45128 1.67697 2.69167e-14)
(-7.21364 0.769063 -9.75101e-16)
(-7.02758 0.633869 1.68677e-14)
(-1.75215 1.28112 -5.04662e-14)
(-7.35321 1.66207 -1.90362e-14)
(-8.30555 0.95989 5.04677e-16)
(-8.88784 0.925601 -2.30832e-14)
(1.38295 1.09031 2.74921e-14)
(-4.22905 1.45577 2.17141e-14)
(-8.42254 1.09214 -1.54115e-15)
(-10.5687 1.23662 -1.8787e-14)
(1.93427 1.07452 -3.82292e-14)
(-0.56123 1.23828 -1.0901e-15)
(-6.95258 1.12962 -6.13672e-15)
(-11.6568 1.51349 -1.59336e-14)
(0.638772 1.12236 1.23347e-14)
(1.6994 1.17996 8.96716e-16)
(-4.22599 1.13196 -2.41226e-14)
(-11.6842 1.70524 4.35097e-14)
(-0.671949 1.13021 -9.07961e-15)
(2.03877 1.23462 7.87381e-15)
(-1.33647 1.14111 1.74711e-14)
(-10.4506 1.79131 1.62853e-14)
(-1.20027 1.08145 3.49304e-14)
(1.23996 1.28656 1.36911e-14)
(0.948146 1.25408 4.73432e-15)
(-8.15391 1.83649 -3.84694e-14)
(-1.10567 1.00455 -3.17673e-14)
(0.248325 1.29954 -2.05786e-14)
(2.16021 1.43544 3.16872e-15)
(-5.36358 1.87325 7.10374e-15)
(-0.785243 0.933607 2.09313e-14)
(-0.450114 1.2674 2.68792e-14)
(2.40924 1.5258 -1.22547e-15)
(-2.66682 1.88611 2.06078e-15)
(-0.490117 0.885067 5.6675e-15)
(-0.77283 1.19531 -3.029e-14)
(2.08414 1.54867 -1.94583e-15)
(-0.490468 1.85153 -1.01023e-14)
(-0.298118 0.861302 -4.12367e-14)
(-0.817556 1.10446 1.05241e-14)
(1.51195 1.5343 -8.38165e-16)
(0.976846 1.77494 3.03552e-14)
(-0.197952 0.854075 7.25491e-15)
(-0.70678 1.01131 3.63335e-15)
(0.925568 1.4901 2.77948e-15)
(1.66928 1.64761 -9.59667e-15)
(-0.156771 0.851472 1.01321e-14)
(-0.533456 0.92965 -1.48202e-15)
(0.463001 1.41933 -4.81423e-15)
(1.74389 1.4792 1.29215e-15)
(-0.146515 0.843598 6.22779e-15)
(-0.356381 0.866395 -1.36106e-14)
(0.172119 1.32861 4.43838e-15)
(1.49848 1.32737 -2.11597e-14)
(-0.148234 0.826114 -5.5537e-15)
(-0.20796 0.821257 3.77045e-15)
(0.0384365 1.2266 8.27507e-17)
(1.1793 1.18964 -1.1046e-14)
(-0.149963 0.79921 -7.45914e-15)
(-0.100581 0.788407 -2.96778e-15)
(0.0156551 1.12497 -2.66982e-15)
(0.914411 1.07099 9.43362e-15)
(-0.145528 0.765808 -9.79296e-15)
(-0.0324427 0.761275 -5.67368e-15)
(0.0532491 1.03093 4.10376e-15)
(0.732772 0.975777 7.55738e-15)
(-0.13315 0.728976 2.3549e-14)
(0.00614779 0.734611 1.10405e-14)
(0.11092 0.946954 -5.1822e-15)
(0.623031 0.899544 -2.72841e-15)
(-0.114305 0.691281 -4.69807e-15)
(0.0270817 0.705761 -1.00458e-15)
(0.163388 0.871494 2.02606e-15)
(0.563687 0.832225 -1.54082e-15)
(-0.091831 0.654025 -1.0353e-14)
(0.0401675 0.673827 -3.69865e-15)
(0.199478 0.802646 -5.86298e-15)
(0.53233 0.767409 7.40145e-16)
(-0.0687057 0.617808 6.73751e-15)
(0.0513943 0.63925 -1.08059e-14)
(0.218339 0.738311 3.84536e-15)
(0.5111 0.703913 1.98487e-15)
(-0.0470175 0.582723 -5.35839e-15)
(0.0628813 0.602934 1.59702e-14)
(0.224531 0.677839 1.05913e-14)
(0.489322 0.642797 7.77281e-16)
(-0.0277932 0.54848 -1.97761e-15)
(0.0744698 0.56604 7.96729e-15)
(0.223468 0.620708 -3.3798e-15)
(0.463244 0.585082 1.29972e-15)
(-0.0111585 0.515078 5.35538e-15)
(0.085057 0.529448 -1.56319e-14)
(0.219068 0.567233 -4.25104e-15)
(0.433537 0.531454 -9.98159e-16)
(0.00308026 0.482507 8.43215e-16)
(0.0937599 0.493702 8.93589e-15)
(0.213308 0.517528 2.43943e-15)
(0.402386 0.482295 -6.29002e-16)
(0.0152031 0.45069 -7.73503e-15)
(0.1001 0.458952 -8.69127e-15)
(0.206707 0.471694 -7.37972e-15)
(0.371723 0.437621 -1.33834e-15)
(0.0254337 0.419805 1.43222e-15)
(0.104185 0.425319 1.72692e-15)
(0.199273 0.429507 1.36541e-15)
(0.34263 0.397239 3.39568e-15)
(0.033891 0.389905 2.05814e-15)
(0.106264 0.392976 1.15801e-15)
(0.190967 0.390779 -3.3775e-16)
(0.315314 0.360582 1.63302e-15)
(-0.0143888 0.346259 -1.40549e-14)
(0.0406735 0.361182 -1.26204e-14)
(0.106697 0.362072 -4.40111e-15)
(0.181864 0.355208 -2.64908e-15)
(0.289761 0.32726 -5.0193e-15)
(-0.00420393 0.32285 -1.31187e-16)
(0.0459803 0.333774 4.69769e-15)
(0.105721 0.332706 2.01698e-15)
(0.172121 0.322581 5.87746e-15)
(0.265813 0.296884 3.99676e-15)
(0.00434493 0.300132 9.05644e-15)
(0.0498996 0.30771 -1.4209e-15)
(0.103626 0.30495 8.45296e-15)
(0.161978 0.292675 1.9039e-15)
(0.243391 0.269246 2.36854e-15)
(0.0114007 0.278207 -1.89607e-15)
(0.0525522 0.282961 5.71192e-15)
(0.100573 0.278807 -7.22196e-15)
(0.151622 0.265278 -5.85224e-15)
(0.222448 0.244127 -5.3168e-15)
(0.0170973 0.257128 -4.7292e-15)
(0.0541005 0.259613 -6.38418e-15)
(0.096825 0.254364 4.27098e-15)
(0.141303 0.240251 2.43158e-16)
(0.202975 0.22136 -4.78624e-15)
(0.021631 0.236997 3.87205e-15)
(0.0547447 0.237673 7.00515e-15)
(0.0925365 0.231606 -3.66723e-15)
(0.131147 0.217405 -7.56265e-15)
(0.184924 0.200705 1.0578e-15)
(0.0250986 0.217892 3.66154e-15)
(0.0546089 0.217159 5.45654e-15)
(0.08793 0.21054 1.52679e-15)
(0.121327 0.196599 8.44132e-15)
(0.168271 0.181978 6.53686e-15)
(0.0276559 0.199869 -1.7256e-15)
(0.0538443 0.198066 4.08396e-16)
(0.0830896 0.191128 2.60599e-15)
(0.111907 0.177677 4.22424e-16)
(0.152935 0.16496 -7.77831e-18)
(0.0294231 0.182951 -1.65305e-15)
(0.0525571 0.180357 -8.87303e-15)
(0.0781497 0.173284 -7.00568e-15)
(0.102938 0.16047 -4.08505e-15)
(0.138847 0.149491 -9.85809e-16)
(0.0305819 0.167128 -3.78496e-15)
(0.0509177 0.163991 -5.26537e-16)
(0.0731906 0.156921 5.2233e-15)
(0.0944513 0.14483 1.45669e-15)
(0.125913 0.135404 -4.16663e-15)
(0.031214 0.15238 1.01457e-14)
(0.0490064 0.148868 5.9051e-15)
(0.0683266 0.141921 -3.63591e-15)
(0.0864863 0.130607 -4.99946e-16)
(0.11408 0.122576 3.25292e-15)
(0.0314171 0.138639 2.24302e-15)
(0.0469187 0.134903 -4.04117e-15)
(0.0636075 0.128194 -4.70469e-15)
(0.0790689 0.117683 -4.05613e-16)
(0.103285 0.110898 1.08094e-15)
(0.0184627 0.127472 -2.66321e-15)
(0.0312202 0.125909 1.61293e-16)
(0.0447095 0.122064 1.03539e-15)
(0.0590853 0.11564 -2.63207e-15)
(0.0722037 0.105933 -1.91347e-15)
(0.0934742 0.100263 -7.13719e-16)
(0.0195934 0.115979 -3.84412e-15)
(0.0307738 0.114144 -3.14858e-16)
(0.0424478 0.110291 -1.73504e-15)
(0.0547836 0.104183 8.49717e-16)
(0.0658726 0.0952581 5.13219e-15)
(0.0845737 0.0905713 -2.40847e-16)
(0.0203645 0.105329 -3.04224e-15)
(0.0301099 0.103314 -6.18695e-16)
(0.040183 0.0994982 -3.04154e-15)
(0.0507393 0.0937341 4.65146e-15)
(0.0600667 0.0855536 -6.71539e-16)
(0.0765274 0.0817332 -1.81765e-15)
(0.0208174 0.0954918 2.70963e-15)
(0.0293013 0.0933577 2.1786e-15)
(0.0379629 0.0896352 3.41223e-15)
(0.0469587 0.0842236 -1.82122e-16)
(0.0547694 0.0767412 -1.44721e-15)
(0.0692777 0.0736734 4.09855e-15)
(0.0210052 0.0864402 -2.40626e-15)
(0.0283639 0.0842413 -1.83738e-15)
(0.0357959 0.0806458 -1.58222e-15)
(0.0434437 0.0755804 -1.76824e-15)
(0.049961 0.0687524 5.36228e-15)
(0.0627671 0.0663242 -7.17058e-17)
(0.0209601 0.0781559 -9.9929e-16)
(0.0273445 0.0759279 4.0016e-16)
(0.0337051 0.0724794 -2.71447e-15)
(0.0401866 0.0677532 1.1225e-15)
(0.045599 0.0615196 -7.19623e-16)
(0.0569302 0.0596289 -3.5118e-15)
(0.0207362 0.0705986 1.7617e-15)
(0.0262587 0.0683752 -8.40277e-16)
(0.0316972 0.0650774 9.82656e-16)
(0.0371856 0.0606758 2.60717e-16)
(0.0416568 0.0549846 -4.69479e-16)
(0.0517136 0.0535399 1.43668e-15)
(0.0203627 0.063719 3.73711e-15)
(0.0251479 0.0615388 4.95555e-15)
(0.0297923 0.0583981 1.1148e-16)
(0.0344239 0.0542955 -7.95715e-16)
(0.0380988 0.049095 -2.63007e-15)
(0.0470507 0.0480092 -1.14542e-15)
(0.0198973 0.0574535 -6.23801e-16)
(0.0240206 0.0553477 -7.06522e-16)
(0.0279736 0.0523829 -1.46127e-16)
(0.0318797 0.0485644 3.7814e-16)
(0.0348827 0.0438001 2.4791e-15)
(0.0428852 0.0430004 2.3314e-15)
(0.0157621 0.0530111 3.62406e-16)
(0.0193422 0.0517611 1.59528e-15)
(0.0228981 0.0497915 1.48883e-15)
(0.0262535 0.0469862 -1.34189e-15)
(0.0295355 0.043411 -9.71299e-16)
(0.0319715 0.0390518 -3.87337e-16)
(0.0391517 0.0384797 -1.61209e-15)
(0.0156685 0.0476982 -1.34401e-15)
(0.0187589 0.046552 -2.74672e-17)
(0.0217988 0.0447277 3.78931e-16)
(0.0246301 0.0421012 -2.22374e-15)
(0.0273702 0.0387907 -5.50722e-16)
(0.0293314 0.0348047 9.35947e-16)
(0.0358038 0.0344144 -4.6692e-16)
(0.015487 0.0428034 1.80482e-17)
(0.0181441 0.0417521 1.19637e-16)
(0.0207229 0.040085 -3.1973e-15)
(0.0230988 0.0376785 2.42778e-15)
(0.025379 0.0346388 8.74858e-16)
(0.0269369 0.0310049 -1.60044e-15)
(0.0327894 0.0307709 2.58548e-15)
(0.0152106 0.0382835 2.18097e-15)
(0.0174933 0.0373278 1.03909e-15)
(0.0196844 0.0358349 4.54354e-16)
(0.0216711 0.0336563 -9.38695e-16)
(0.0235529 0.0308894 -3.60054e-15)
(0.0247619 0.0275935 2.31086e-15)
(0.0300684 0.0275003 -3.28978e-16)
(0.0148527 0.0341389 7.18491e-16)
(0.0168301 0.0332698 1.46173e-16)
(0.0186919 0.0319376 -8.25281e-16)
(0.0203454 0.0299786 -3.5819e-16)
(0.021885 0.0274822 -1.70588e-16)
(0.0227903 0.0245124 1.89852e-16)
(0.0276088 0.0245517 3.86114e-17)
(0.0144187 0.0303652 -9.11339e-17)
(0.0161511 0.0295624 7.44089e-16)
(0.0177438 0.028358 7.04509e-16)
(0.0191149 0.0266026 5.22878e-16)
(0.0203569 0.0243647 -9.52977e-17)
(0.0209984 0.0217081 1.00193e-15)
(0.0253861 0.0218752 4.27839e-16)
(0.0139021 0.0269281 -1.4755e-15)
(0.0154367 0.0261725 -1.8534e-16)
(0.0168059 0.0250807 1.2434e-15)
(0.0179525 0.0235035 -6.69321e-16)
(0.0189468 0.0214993 -3.2237e-15)
(0.0193676 0.0191444 -1.93654e-17)
(0.0233775 0.0194301 4.86395e-16)
(0.0117476 0.0242801 -6.39285e-16)
(0.013278 0.0238314 -5.69206e-16)
(0.0146564 0.023167 -2.49305e-16)
(0.0158743 0.0221214 2.95656e-16)
(0.0168582 0.0206529 -1.28486e-15)
(0.0176543 0.0188711 -4.37937e-16)
(0.017889 0.0167967 1.98942e-16)
(0.0215623 0.0171784 -1.13789e-16)
(0.0111578 0.0214549 3.78714e-16)
(0.0125585 0.0210365 1.25488e-15)
(0.0138345 0.0204135 7.67024e-16)
(0.0149528 0.0194222 -1.98988e-15)
(0.0158076 0.0180765 -1.0398e-15)
(0.0164513 0.0164779 7.35244e-16)
(0.0165429 0.0146463 3.3083e-16)
(0.0199273 0.015097 -1.83655e-16)
(0.0104976 0.018902 8.17563e-16)
(0.0117843 0.0184985 2.15418e-16)
(0.0129693 0.0178995 -1.0684e-15)
(0.0139958 0.0169704 7.49418e-16)
(0.0147578 0.0157296 8.12698e-16)
(0.0152987 0.01428 -6.62656e-16)
(0.0152945 0.0126616 -7.22113e-16)
(0.0184375 0.0131457 -7.39913e-17)
(0.00980706 0.0165931 -1.39627e-16)
(0.0109751 0.0162248 3.90007e-16)
(0.0120543 0.0156641 -4.71167e-16)
(0.0130022 0.0147888 1.51651e-15)
(0.0137072 0.0136256 -1.31707e-15)
(0.0141865 0.012296 -1.63084e-15)
(0.0141263 0.0108547 2.15421e-15)
(0.0170763 0.0113336 2.29769e-16)
(0.00907878 0.0144497 -6.50901e-16)
(0.0101125 0.0141118 -6.16863e-16)
(0.0110891 0.0136052 -1.28613e-16)
(0.0119732 0.012789 1.55213e-16)
(0.012645 0.0117039 5.57473e-16)
(0.0130958 0.0104794 5.32477e-16)
(0.0130166 0.00918477 -2.07286e-16)
(0.0158169 0.00961706 -4.69324e-16)
(0.00832081 0.0125612 6.83218e-16)
(0.00921587 0.0122677 -7.66608e-16)
(0.0100821 0.0118104 7.1559e-16)
(0.0109066 0.0110633 1.13375e-15)
(0.0115616 0.0100683 -6.9237e-16)
(0.0120102 0.00894492 9.2777e-17)
(0.0119511 0.00778285 9.2588e-16)
(0.0146504 0.0081538 -1.15906e-16)
(0.00817152 0.0114685 -6.80846e-16)
(0.00897877 0.0112109 7.36685e-17)
(0.0097831 0.0107839 2.3924e-16)
(0.0105926 0.0100688 -1.2204e-15)
(0.011262 0.00912128 5.01301e-16)
(0.0117494 0.00804964 1.12031e-15)
(0.0117498 0.00695308 -6.93276e-16)
(0.0143984 0.00716739 -3.71463e-16)
(0.00686954 0.0102661 3.63394e-16)
(0.00760323 0.0101693 2.33487e-16)
(0.00827609 0.0099933 4.26156e-16)
(0.00898805 0.0095605 -7.3087e-16)
(0.00972173 0.00885057 3.45811e-16)
(0.0103173 0.00796865 7.18965e-16)
(0.0107452 0.00695811 -1.40836e-15)
(0.0107098 0.00592328 -2.50617e-16)
(0.0132616 0.00606534 1.16267e-15)
(0.00632201 0.00888147 8.86787e-17)
(0.00695238 0.00879484 -6.60841e-17)
(0.00753249 0.00864929 4.31785e-16)
(0.00816002 0.00825609 5.82556e-16)
(0.00879955 0.0076156 -5.95888e-16)
(0.00931999 0.00681142 -5.59961e-16)
(0.00969612 0.00587281 3.07836e-16)
(0.00964068 0.00490926 1.01258e-15)
(0.0120764 0.0049841 -1.3907e-15)
(0.00576481 0.00755261 -1.67187e-16)
(0.00632033 0.00743459 -2.81336e-16)
(0.00681184 0.00728923 -9.82448e-16)
(0.00733086 0.0069382 -3.39042e-16)
(0.00786575 0.00637019 1.01287e-16)
(0.00831402 0.00565323 1.49988e-16)
(0.00865002 0.0048098 -1.79303e-16)
(0.00859947 0.00393967 6.24813e-16)
(0.0109504 0.00394583 1.49575e-15)
(0.0052001 0.0063719 5.83044e-16)
(0.00568721 0.00622692 -8.01374e-16)
(0.00609078 0.00607682 6.45564e-17)
(0.00650267 0.00575839 1.58773e-15)
(0.00693132 0.0052578 -8.02082e-16)
(0.00730301 0.00463228 2.05589e-16)
(0.00760235 0.00389405 -4.17752e-16)
(0.00756742 0.00313638 1.21722e-16)
(0.00981909 0.00311217 4.34959e-16)
(0.00467192 0.00519639 -3.11567e-17)
(0.0050995 0.00501464 4.52028e-16)
(0.00542712 0.00484411 2.87415e-16)
(0.00574358 0.00454384 -1.14933e-15)
(0.00607026 0.00410061 8.32415e-16)
(0.00635763 0.0035613 1.23665e-15)
(0.00660555 0.00292878 -2.00033e-15)
(0.00657899 0.00228737 -3.06583e-16)
(0.0087644 0.00218386 7.30927e-16)
(0.00407407 0.00424827 1.53413e-16)
(0.00444842 0.00404788 2.56456e-16)
(0.00471923 0.00386894 -1.88437e-16)
(0.00496127 0.00359292 -4.71034e-16)
(0.00520499 0.00320828 4.49929e-16)
(0.00541787 0.00275303 7.57127e-16)
(0.00561014 0.00222084 -1.15637e-16)
(0.00555817 0.00169817 -7.30669e-16)
(0.00752208 0.00157549 3.00798e-16)
(0.0035945 0.00323571 -3.33281e-16)
(0.00393409 0.00301902 -1.22404e-16)
(0.00415102 0.00280275 3.85716e-16)
(0.00433631 0.00253849 5.55169e-16)
(0.00451589 0.00219677 -4.02127e-18)
(0.00466412 0.00181383 -1.76231e-17)
(0.00479717 0.00137427 -2.46573e-16)
(0.0047425 0.000954984 4.60847e-17)
(0.00660426 0.000717339 -7.20256e-17)
(0.00294889 0.00250814 1.76875e-16)
(0.00324232 0.00226114 1.6824e-16)
(0.00343346 0.00204439 3.94656e-16)
(0.00358325 0.00179184 -6.87518e-17)
(0.00371417 0.00149517 -3.44883e-16)
(0.00380158 0.0011877 7.38394e-17)
(0.00386451 0.000844509 -2.27154e-16)
(0.00374451 0.000547503 -3.42166e-16)
(0.00522932 0.000300619 5.25889e-16)
(0.0024652 0.00180697 -7.76499e-16)
(0.00270945 0.00156382 -3.94171e-16)
(0.00288975 0.00134334 1.6648e-16)
(0.00304349 0.00109348 2.68304e-16)
(0.00317144 0.000820907 1.06962e-15)
(0.00324263 0.000560531 -2.76405e-16)
(0.00327809 0.000285109 -1.21945e-15)
(0.00317403 6.88573e-05 2.84501e-17)
(0.00448062 -0.000170696 7.8498e-16)
(0.00168611 0.00146192 -1.06758e-16)
(0.00187873 0.00126535 -2.45359e-16)
(0.00205649 0.00102256 6.84895e-17)
(0.0021997 0.000756025 -3.75153e-16)
(0.00232213 0.00047069 6.10132e-17)
(0.00240315 0.000201501 2.28149e-16)
(0.0024165 -3.55955e-05 -8.45817e-16)
(0.0023827 -0.000269693 4.29238e-16)
(0.00220373 -0.000381033 7.31214e-16)
(0.00308992 -0.000680116 6.70633e-17)
(0.00124349 0.000861682 1.79624e-16)
(0.00134343 0.000753905 -7.80247e-17)
(0.00147636 0.000604882 -4.44861e-17)
(0.00162908 0.000426958 9.83501e-17)
(0.00177147 0.00022985 3.19624e-16)
(0.00186677 4.73152e-05 4.22986e-18)
(0.00190418 -0.000114053 -4.64281e-17)
(0.00190884 -0.000280472 2.17132e-16)
(0.00179272 -0.000318338 4.0681e-17)
(0.00247796 -0.000459733 -3.51364e-16)
(0.0010542 0.000650828 8.10501e-18)
(0.00113574 0.000347462 1.86182e-16)
(0.00118218 1.63158e-05 3.47195e-16)
(0.00123466 -0.000345815 -8.76251e-16)
(0.00127666 -0.000727103 1.66003e-16)
(0.0012701 -0.00107995 1.51652e-15)
(0.00119001 -0.00137084 -1.63175e-15)
(0.00106407 -0.00161388 -4.73132e-16)
(0.000857361 -0.00163147 1.15533e-15)
(0.00129919 -0.00251514 -4.60788e-16)
(7.85509 2.3637 -5.98533e-14)
(4.0013 1.98201 -9.01102e-15)
(-0.0833536 1.68923 1.6747e-14)
(-3.96309 1.42821 -9.30338e-15)
(-7.60202 1.11028 1.17554e-14)
(-10.9533 0.734187 -3.29169e-15)
(-13.6523 0.371518 -2.17867e-15)
(-15.3399 0.0678817 -8.64745e-15)
(-15.9396 -0.176884 8.21816e-15)
(-15.7677 -0.346151 9.12133e-15)
(-15.0608 -0.442323 -4.46046e-15)
(-13.6121 -0.448453 -1.10978e-14)
(-11.4419 -0.361758 1.26991e-14)
(-8.7385 -0.181148 -1.57642e-14)
(-5.79253 0.0693202 1.81525e-14)
(-2.94985 0.347654 -5.96327e-15)
(-0.61581 0.585454 2.7975e-15)
(1.00703 0.71254 -4.13997e-15)
(1.62305 0.688493 -9.45924e-15)
(1.49404 0.60787 1.18527e-15)
(1.17008 0.535428 3.95374e-15)
(0.914016 0.477756 1.46857e-15)
(0.751958 0.430561 -2.73736e-15)
(0.647997 0.390858 1.84459e-15)
(0.578532 0.356914 -7.28722e-16)
(0.531144 0.327665 6.82126e-16)
(0.495789 0.30242 -1.29083e-16)
(0.464754 0.280403 -8.05316e-19)
(0.434294 0.260922 1.0154e-15)
(0.403699 0.243591 -1.45152e-15)
(0.373773 0.228018 3.96087e-15)
(0.345239 0.213886 -1.9567e-15)
(0.3185 0.200785 7.96538e-16)
(0.293591 0.188466 6.28403e-16)
(0.270443 0.176772 1.6829e-15)
(0.248909 0.165671 -8.73374e-16)
(0.228917 0.155135 -3.00363e-15)
(0.210349 0.145164 2.10851e-15)
(0.193143 0.135696 -1.03706e-16)
(0.177203 0.126712 2.4958e-16)
(0.16247 0.118152 2.22835e-15)
(0.148848 0.11001 1.8233e-15)
(0.136263 0.102248 -3.53423e-15)
(0.124651 0.0948803 3.12837e-15)
(0.113962 0.0879002 3.19993e-16)
(0.104143 0.0813095 -4.56271e-15)
(0.0951487 0.075085 2.59785e-15)
(0.0869304 0.0692129 -7.72791e-16)
(0.0794518 0.0636725 5.66386e-16)
(0.0726687 0.0584538 -1.19453e-15)
(0.0665379 0.0535441 -2.21803e-15)
(0.0610087 0.0489337 1.55792e-15)
(0.0560334 0.0446191 3.71288e-18)
(0.0515632 0.040598 1.67216e-15)
(0.0475375 0.0368705 -2.54876e-15)
(0.0439119 0.0334387 -1.40727e-15)
(0.0406309 0.0302958 1.03018e-15)
(0.0376532 0.0274222 -3.37734e-15)
(0.0349456 0.0247853 -8.05069e-16)
(0.032489 0.022355 -2.21256e-15)
(0.0302554 0.0200963 1.1193e-15)
(0.0282278 0.0179732 -1.04151e-15)
(0.0263932 0.0159586 2.12086e-15)
(0.024729 0.0140118 3.58813e-16)
(0.0232265 0.0121508 9.64075e-16)
(0.021858 0.0103243 -9.12212e-16)
(0.0206285 0.00871493 1.11031e-15)
(0.0197895 0.00733411 9.16074e-16)
(0.0187869 0.00615693 -1.32147e-15)
(0.0177026 0.00498081 1.04251e-15)
(0.0166996 0.00376555 -1.59538e-15)
(0.0155494 0.0028491 -2.8011e-15)
(0.0145644 0.00154997 1.09491e-16)
(0.0129587 0.000863752 -4.23063e-16)
(0.0119389 -0.000545002 -6.19451e-16)
(0.00976351 -0.00101843 5.51103e-16)
(0.00855195 -0.00178256 -7.42736e-16)
(0.00625729 -0.00276207 -2.40933e-16)
(0.00500315 -0.00230186 -1.65409e-16)
(0.00286243 -0.00650947 2.88881e-16)
(11.1896 5.03704 1.92128e-14)
(9.89998 5.34582 3.77024e-15)
(6.39982 4.95078 -4.4303e-15)
(2.47842 4.49229 1.61318e-15)
(-1.5158 3.8179 -2.30575e-15)
(-5.1982 3.04445 3.21942e-16)
(-8.30065 2.25072 1.27041e-16)
(-10.6929 1.48862 1.24611e-15)
(-12.3778 0.756449 -2.69431e-16)
(-13.2472 0.0935057 -6.84188e-16)
(-13.3941 -0.470776 8.33577e-16)
(-12.9039 -0.928571 1.66232e-15)
(-11.8395 -1.24654 -1.77908e-15)
(-10.2627 -1.39815 2.45805e-15)
(-8.25235 -1.37088 -2.90642e-15)
(-5.93327 -1.17564 8.56472e-16)
(-3.50863 -0.849802 -3.00053e-16)
(-1.15465 -0.438852 8.81349e-16)
(0.678863 -0.0722234 1.64725e-15)
(1.5571 0.121356 -1.83347e-16)
(1.51354 0.14992 -5.03678e-16)
(1.14094 0.134332 -4.64354e-16)
(0.845018 0.119756 7.14925e-16)
(0.680567 0.114954 -4.99995e-16)
(0.591377 0.11698 3.21674e-16)
(0.53499 0.121824 -2.3294e-16)
(0.493279 0.126613 -6.05154e-18)
(0.458133 0.130088 8.83196e-17)
(0.425583 0.131997 -1.18687e-16)
(0.394006 0.132584 1.75341e-16)
(0.36369 0.132091 -4.70236e-16)
(0.335101 0.130695 1.85793e-16)
(0.30862 0.128455 -1.31121e-16)
(0.284148 0.125477 1.02317e-16)
(0.261589 0.121898 -6.64121e-16)
(0.240684 0.117869 7.30134e-17)
(0.221349 0.113495 6.36466e-16)
(0.20341 0.108865 -7.73199e-18)
(0.186793 0.104015 1.17953e-16)
(0.171378 0.0990064 -6.06647e-16)
(0.157113 0.0938673 -9.61856e-17)
(0.143909 0.088666 3.8316e-16)
(0.131698 0.0834339 3.47956e-16)
(0.120412 0.0782443 -9.43783e-16)
(0.11001 0.073147 1.48845e-16)
(0.10044 0.0681931 9.96804e-16)
(0.0916625 0.0634015 -7.94862e-16)
(0.0836321 0.0587914 6.28393e-16)
(0.076317 0.0543648 -4.88056e-16)
(0.069674 0.0501293 -1.35718e-16)
(0.0636653 0.0460874 7.78677e-16)
(0.0582471 0.0422446 -1.64971e-15)
(0.0533806 0.0386068 -1.62759e-16)
(0.0490086 0.0351795 -3.31959e-16)
(0.0450869 0.0319678 1.37195e-15)
(0.0415622 0.0289807 4.87966e-16)
(0.0383895 0.0262146 -8.08677e-17)
(0.0355198 0.0236625 8.20842e-16)
(0.0329222 0.0213061 7.6895e-17)
(0.0305661 0.0191274 2.47244e-16)
(0.0284179 0.0171058 1.19905e-15)
(0.0264607 0.0152156 1.76741e-16)
(0.024677 0.0134376 -1.741e-15)
(0.0230527 0.0117344 -3.46178e-16)
(0.0215817 0.0101245 1.89906e-15)
(0.0202436 0.00855029 -5.2686e-16)
(0.0190455 0.00715778 -1.63074e-16)
(0.0182983 0.0059975 -1.66443e-16)
(0.0173121 0.0049744 1.49523e-16)
(0.0162903 0.00395899 1.54343e-15)
(0.0153666 0.00286516 6.45439e-16)
(0.0143109 0.00206236 2.44223e-16)
(0.0133861 0.000862517 -4.23928e-16)
(0.0119818 0.00023381 5.4081e-16)
(0.0109324 -0.00105753 4.02e-16)
(0.00911568 -0.0015359 -2.39516e-17)
(0.00780591 -0.00224997 -1.27392e-16)
(0.00586135 -0.00318858 -1.90245e-16)
(0.00462311 -0.00276626 2.79513e-16)
(7.20498 4.17413 9.45964e-17)
(9.09895 4.96355 6.81864e-17)
(9.04264 5.07225 -1.47521e-16)
(7.64437 5.06608 2.62231e-17)
(5.27834 4.78896 1.47614e-16)
(2.40279 4.29762 1.14881e-16)
(-0.5993 3.6681 4.90721e-17)
(-3.43966 2.97047 2.5765e-17)
(-5.90709 2.26896 3.49557e-17)
(-7.86468 1.60874 1.50668e-18)
(-9.22566 1.01229 -9.52834e-17)
(-9.91402 0.497322 8.58935e-17)
(-9.99842 0.0594862 2.43405e-17)
(-9.56614 -0.306658 -1.08426e-16)
(-8.69411 -0.590334 -9.0236e-17)
(-7.44681 -0.775263 9.40167e-17)
(-5.87568 -0.847537 2.45205e-16)
(-4.04557 -0.795296 -1.27621e-16)
(-2.07535 -0.622733 -4.98514e-16)
(-0.232339 -0.358034 -9.84881e-17)
(0.980261 -0.123778 -6.25332e-17)
(1.15985 -0.0449211 -8.27172e-18)
(0.897745 -0.0351258 -1.72903e-16)
(0.634035 -0.0356291 3.90474e-16)
(0.495427 -0.0254345 -1.45692e-16)
(0.438137 -0.00780918 -1.54086e-16)
(0.411498 0.0114676 -2.51365e-16)
(0.391872 0.0289891 2.75553e-17)
(0.372067 0.0435308 -1.20539e-16)
(0.350737 0.0551183 -2.4059e-16)
(0.328582 0.0641142 -4.01219e-17)
(0.306461 0.0707304 1.91802e-17)
(0.285156 0.0753172 -4.45333e-17)
(0.264937 0.0781363 2.53734e-19)
(0.245922 0.0796127 -7.01438e-17)
(0.22799 0.0799848 -2.49086e-17)
(0.211135 0.0795253 2.05073e-17)
(0.195246 0.078339 7.72205e-17)
(0.180319 0.0765634 -7.29167e-18)
(0.166282 0.0742808 -1.34218e-16)
(0.153129 0.0715906 1.52553e-16)
(0.140803 0.068578 -7.48374e-16)
(0.129288 0.0653199 5.58685e-17)
(0.118551 0.0619064 -3.50953e-16)
(0.108576 0.0584098 -7.41197e-18)
(0.0993324 0.0548997 5.50283e-16)
(0.0908027 0.0514173 5.92933e-16)
(0.0829565 0.0479963 1.15082e-16)
(0.0757683 0.0446495 -1.47593e-16)
(0.069208 0.0413934 -7.81557e-17)
(0.0632453 0.0382356 -2.91445e-16)
(0.0578455 0.0351876 2.02361e-18)
(0.0529775 0.0322585 -3.27024e-16)
(0.0485969 0.029459 6.15872e-16)
(0.0446632 0.0267994 3.1844e-16)
(0.0411322 0.0242895 6.55596e-16)
(0.0379558 0.0219345 -1.81274e-16)
(0.0350904 0.0197353 2.04969e-16)
(0.0324975 0.0176901 9.26497e-17)
(0.0301421 0.0157911 1.04189e-16)
(0.0279884 0.0140316 -1.67223e-15)
(0.0260105 0.0123965 7.46766e-16)
(0.0241934 0.0108728 3.67831e-16)
(0.022525 0.00942625 7.34778e-16)
(0.0210074 0.00807021 -1.00169e-15)
(0.0196231 0.00673825 -3.30917e-17)
(0.0183946 0.00555611 -1.32616e-16)
(0.0176302 0.00456582 -7.03199e-17)
(0.0166408 0.00369306 -3.8918e-20)
(0.0156415 0.00281917 -1.97256e-15)
(0.0147701 0.00182223 -1.65903e-15)
(0.0138224 0.0011273 1.60156e-16)
(0.012958 1.44263e-05 9.81124e-16)
(0.0117566 -0.000551154 -1.1176e-16)
(0.0106943 -0.00177173 4.75185e-16)
(0.00909491 -0.00224778 -1.01973e-15)
(0.00773578 -0.00291922 3.66575e-16)
(0.0057844 -0.00374325 4.47115e-17)
(1.96465 2.32515 -1.34184e-17)
(4.31388 2.99666 -6.39344e-17)
(6.0496 3.40009 6.58587e-17)
(6.82806 3.77036 1.43103e-16)
(6.6446 3.93052 -3.64311e-17)
(5.66013 3.87517 -2.77612e-17)
(4.10915 3.63408 2.67996e-18)
(2.23394 3.25185 -6.80108e-17)
(0.254197 2.77779 1.70044e-17)
(-1.64451 2.26123 -4.9495e-17)
(-3.31822 1.74485 1.6424e-16)
(-4.66073 1.25604 -9.61942e-17)
(-5.58026 0.819323 -8.95799e-17)
(-6.05109 0.445358 -2.95203e-17)
(-6.11731 0.129707 7.36869e-17)
(-5.843 -0.125009 2.17485e-16)
(-5.28062 -0.307869 1.09398e-16)
(-4.46311 -0.406655 -5.87342e-17)
(-3.39545 -0.413932 -4.36074e-17)
(-2.06024 -0.323881 1.04537e-16)
(-0.621866 -0.158697 -5.83771e-17)
(0.463233 0.00678853 2.69077e-16)
(0.833163 0.08173 1.40929e-17)
(0.692698 0.0682346 2.09313e-16)
(0.485336 0.0404066 -2.97201e-16)
(0.369231 0.0238058 -2.74338e-17)
(0.328447 0.0189906 1.27931e-16)
(0.318205 0.0210436 -1.45056e-16)
(0.312376 0.0258196 8.02328e-17)
(0.303141 0.03114 2.12093e-17)
(0.290383 0.0363005 6.2834e-17)
(0.275749 0.0408574 -2.03116e-17)
(0.260364 0.0447504 6.955e-17)
(0.244983 0.0478345 2.33492e-17)
(0.229852 0.0502553 -4.85526e-17)
(0.215122 0.051978 4.13417e-17)
(0.200832 0.0531109 -8.59364e-17)
(0.18704 0.0536089 1.34095e-17)
(0.173782 0.0535521 7.75367e-17)
(0.161092 0.0529615 3.47747e-16)
(0.149008 0.0519253 1.25042e-16)
(0.137539 0.0504972 8.04358e-16)
(0.126702 0.0487552 -7.4072e-17)
(0.116497 0.0467731 -1.36269e-16)
(0.106936 0.0446228 -5.78414e-17)
(0.0980197 0.0423677 -1.08081e-16)
(0.0897432 0.0400509 -7.67645e-16)
(0.0820867 0.0377073 1.95151e-16)
(0.0750336 0.0353544 -1.67125e-16)
(0.0685599 0.0330113 -6.41813e-17)
(0.0626462 0.0306909 1.75472e-16)
(0.0572694 0.0284067 1.92055e-16)
(0.0524028 0.0261704 2.0495e-16)
(0.0480174 0.0239925 4.01449e-16)
(0.0440765 0.0218861 8.63344e-17)
(0.04054 0.0198597 -6.20173e-16)
(0.0373633 0.0179212 1.58359e-16)
(0.0345021 0.0160816 7.53978e-16)
(0.0319187 0.0143479 1.49664e-16)
(0.0295759 0.0127278 -1.43038e-16)
(0.0274347 0.0112221 7.42115e-16)
(0.0254646 0.00982535 -6.34956e-16)
(0.0236448 0.00853418 1.29168e-15)
(0.021961 0.00732025 -2.89903e-16)
(0.0204166 0.00619677 -7.62794e-16)
(0.0189948 0.00509062 -5.61895e-16)
(0.0177307 0.00411378 1.39411e-16)
(0.0169361 0.00328353 1.08403e-16)
(0.0159174 0.00255821 -1.88575e-16)
(0.0148942 0.00183605 -7.10015e-16)
(0.0140152 0.000961851 -4.84616e-16)
(0.0131163 0.000386685 4.88571e-17)
(0.0122933 -0.000616951 2.15597e-16)
(0.0111992 -0.00109255 -4.04565e-16)
(0.0102344 -0.00226832 -1.3072e-15)
(0.00867065 -0.00267947 -1.17928e-15)
(0.00755644 -0.00339345 -9.07549e-18)
(-1.12619 1.00972 5.78267e-17)
(0.148884 1.27146 -4.87275e-18)
(1.83551 1.56976 4.38252e-17)
(3.22016 1.96208 -4.00538e-17)
(4.1152 2.27662 2.79253e-17)
(4.44011 2.4723 1.39829e-17)
(4.22365 2.53748 -7.68636e-17)
(3.56537 2.48159 1.69956e-17)
(2.59564 2.32353 4.20134e-18)
(1.44775 2.08515 1.8483e-16)
(0.244824 1.79196 1.10519e-16)
(-0.906671 1.47122 1.04214e-16)
(-1.91644 1.14813 1.34997e-16)
(-2.70515 0.839207 1.48189e-16)
(-3.20989 0.559978 1.20259e-17)
(-3.43729 0.314784 -4.71933e-18)
(-3.42392 0.1028 -5.74784e-17)
(-3.20883 -0.0690902 3.67318e-17)
(-2.81745 -0.187369 2.18159e-16)
(-2.25122 -0.237632 1.02525e-16)
(-1.47249 -0.20994 7.54886e-17)
(-0.535481 -0.112449 -6.44771e-17)
(0.27853 0.008405 -3.25292e-16)
(0.627331 0.0796297 2.82266e-18)
(0.57582 0.0853895 8.30446e-17)
(0.419865 0.0637298 1.37839e-16)
(0.320787 0.0470848 1.45049e-16)
(0.281039 0.0378863 1.08157e-17)
(0.270307 0.0343857 -3.16686e-16)
(0.265219 0.0334383 2.55387e-16)
(0.257382 0.0332634 -1.23853e-16)
(0.246744 0.0332821 -3.76705e-17)
(0.23477 0.033439 8.58478e-17)
(0.222545 0.0337718 4.14217e-18)
(0.210338 0.0342648 -3.97283e-17)
(0.198299 0.0348543 -3.17419e-17)
(0.186412 0.0354273 1.9162e-17)
(0.174751 0.0358755 7.15518e-17)
(0.163341 0.0361184 1.64597e-17)
(0.152264 0.0361088 -6.74255e-17)
(0.141559 0.0358276 -5.46542e-17)
(0.131274 0.0352779 -2.72437e-16)
(0.121441 0.034485 -1.01317e-16)
(0.11209 0.0334895 -1.62784e-16)
(0.103247 0.0323316 1.93088e-16)
(0.0949356 0.0310496 -1.19322e-16)
(0.0871643 0.029669 1.80945e-16)
(0.0799264 0.0282129 1.61104e-16)
(0.0732125 0.0266962 -1.19452e-16)
(0.0670091 0.0251385 -3.15002e-16)
(0.0613037 0.023554 3.61251e-16)
(0.0560831 0.0219564 1.1918e-16)
(0.0513348 0.020356 2.74231e-16)
(0.0470366 0.0187628 -7.57935e-16)
(0.0431631 0.0171837 -4.41929e-16)
(0.0396796 0.0156254 5.88502e-16)
(0.0365494 0.0140959 -1.28054e-16)
(0.0337325 0.0126099 -1.08594e-15)
(0.0311923 0.0111852 4.57668e-16)
(0.0288922 0.009835 3.76237e-16)
(0.0267937 0.00857109 1.01206e-15)
(0.0248643 0.00739703 -2.81005e-16)
(0.0230769 0.00631746 -2.13539e-15)
(0.0214122 0.00531159 -6.38016e-16)
(0.0198717 0.0043947 8.20883e-16)
(0.0184361 0.00349426 -3.02866e-16)
(0.0171526 0.00270968 3.02676e-16)
(0.0163291 0.0020256 -5.77117e-16)
(0.0152775 0.00144331 5.60116e-16)
(0.0142215 0.000876374 1.11068e-15)
(0.0133182 0.000138465 1.46012e-15)
(0.012438 -0.000301173 2.9935e-17)
(0.0116552 -0.00118723 1.73347e-16)
(0.0106096 -0.00153887 7.40749e-16)
(0.00977423 -0.00268527 -9.03866e-16)
(0.00822283 -0.00300386 6.13276e-16)
(-1.48994 0.499439 9.16444e-18)
(-1.394 0.480755 -1.76139e-18)
(-0.705179 0.534164 -1.7511e-17)
(0.3176 0.751107 -9.02968e-18)
(1.31915 0.994656 -8.10059e-18)
(2.06603 1.21032 -5.90342e-17)
(2.48214 1.36987 6.34127e-17)
(2.56269 1.46247 3.86387e-17)
(2.35095 1.48836 -2.51827e-18)
(1.91495 1.45192 -2.04549e-16)
(1.32999 1.36028 -2.16405e-16)
(0.667674 1.22354 9.47859e-17)
(-0.00633237 1.0557 2.88034e-17)
(-0.633155 0.871963 -9.44398e-17)
(-1.1586 0.685681 -1.09408e-16)
(-1.53739 0.507496 -3.3828e-17)
(-1.75047 0.34303 1.105e-17)
(-1.81129 0.193144 1.8295e-17)
(-1.74306 0.0610317 -3.68458e-17)
(-1.56482 -0.0450508 -5.46432e-17)
(-1.27577 -0.111519 -1.20832e-16)
(-0.853304 -0.126553 -2.51564e-16)
(-0.304417 -0.0871601 1.74859e-16)
(0.239067 -0.0120362 -1.2725e-16)
(0.48547 0.0399194 2.3966e-17)
(0.473012 0.0520756 7.45761e-17)
(0.376312 0.0442775 -4.85987e-17)
(0.298134 0.0346498 -1.17476e-17)
(0.25957 0.0293097 3.99933e-17)
(0.244824 0.0277617 -1.42612e-17)
(0.236566 0.0277393 3.93782e-17)
(0.227104 0.0276555 -1.01543e-17)
(0.215911 0.0270932 -7.52509e-17)
(0.204246 0.0263114 -3.06652e-17)
(0.19283 0.0255609 -1.32234e-17)
(0.181803 0.0250088 -2.51896e-17)
(0.171134 0.0246479 -1.65955e-17)
(0.160784 0.0244468 5.89493e-18)
(0.150742 0.0243097 -5.19393e-17)
(0.14101 0.0241717 2.36276e-18)
(0.131594 0.0239645 1.09833e-17)
(0.122519 0.023665 -7.62356e-17)
(0.1138 0.0232621 -7.48795e-17)
(0.10546 0.0227698 -6.05963e-17)
(0.0975253 0.0221912 2.17011e-16)
(0.0900222 0.0215312 -4.47333e-17)
(0.0829603 0.0207839 3.70477e-17)
(0.0763389 0.0199557 9.31801e-17)
(0.0701544 0.0190531 -1.02715e-16)
(0.0644 0.0180923 -2.9332e-17)
(0.0590691 0.0170857 3.8592e-17)
(0.0541568 0.0160458 5.48577e-17)
(0.0496586 0.0149795 -2.39111e-16)
(0.0455617 0.01389 1.42564e-16)
(0.0418467 0.0127787 8.59944e-17)
(0.0384904 0.0116452 -5.63762e-16)
(0.0354642 0.0104955 1.08664e-16)
(0.0327366 0.00934429 5.84301e-16)
(0.0302774 0.00821085 -2.99242e-16)
(0.0280531 0.00711871 -4.64873e-17)
(0.0260294 0.00608406 -8.6102e-16)
(0.0241696 0.00511493 -1.71178e-17)
(0.0224442 0.00422398 1.96656e-15)
(0.020831 0.00340001 8.40179e-16)
(0.0193263 0.00266247 -1.09336e-15)
(0.0179102 0.00194179 6.83211e-16)
(0.0166347 0.00132879 -3.53717e-16)
(0.0157957 0.000773221 -2.90846e-16)
(0.0147244 0.00032232 3.94379e-16)
(0.0136413 -9.31984e-05 1.62071e-15)
(0.0127109 -0.000688011 5.55264e-16)
(0.0118284 -0.000980813 5.33701e-17)
(0.0110628 -0.00174042 -8.93875e-17)
(0.0100346 -0.00194572 -5.46731e-16)
(-1.11619 0.280496 2.95365e-18)
(-1.19229 0.227682 1.95517e-18)
(-1.17041 0.17521 -6.27546e-18)
(-0.93984 0.205579 -6.5381e-18)
(-0.357185 0.3039 -2.3405e-17)
(0.311197 0.435251 1.74154e-17)
(0.84786 0.561526 -1.71278e-18)
(1.18646 0.666864 1.01105e-18)
(1.32297 0.744245 -8.20557e-17)
(1.28186 0.789499 -1.05993e-16)
(1.10344 0.800985 3.96608e-17)
(0.832048 0.779522 9.60749e-18)
(0.509132 0.728722 -1.47101e-17)
(0.170821 0.654666 -8.84629e-17)
(-0.151248 0.565022 4.55693e-18)
(-0.427824 0.467595 3.43548e-17)
(-0.634048 0.368137 -2.0419e-17)
(-0.756045 0.270613 4.11413e-18)
(-0.798817 0.176599 5.28971e-17)
(-0.773997 0.0879238 -5.44915e-17)
(-0.69162 0.00979625 -1.41356e-17)
(-0.553258 -0.0490886 5.2922e-17)
(-0.338412 -0.0757179 6.3447e-17)
(-0.0411051 -0.0634049 -2.76638e-16)
(0.241787 -0.029349 1.29129e-16)
(0.378439 0.00140474 1.79661e-17)
(0.384427 0.0150518 -3.75617e-17)
(0.333103 0.0155236 8.60899e-18)
(0.279405 0.012387 1.0788e-16)
(0.245224 0.0108165 -1.11707e-16)
(0.22813 0.0116477 4.94477e-17)
(0.217462 0.0133467 1.84849e-17)
(0.206711 0.0145255 -8.97338e-17)
(0.194894 0.014901 4.41156e-20)
(0.18295 0.0148219 -3.73835e-18)
(0.17148 0.0146429 -1.47763e-17)
(0.160645 0.0145321 -2.97275e-17)
(0.150397 0.0145079 1.02321e-17)
(0.140686 0.014521 3.84125e-17)
(0.131447 0.0145153 -2.64543e-17)
(0.122647 0.0144553 -2.34064e-17)
(0.114255 0.014344 -7.25491e-17)
(0.106262 0.0141951 2.10117e-17)
(0.0986575 0.0140264 8.71148e-17)
(0.091444 0.013829 -1.16215e-18)
(0.0846265 0.0135876 -7.03072e-17)
(0.0782056 0.0132769 3.01575e-17)
(0.0721755 0.0128906 2.81803e-16)
(0.0665278 0.0124299 -2.79138e-17)
(0.0612544 0.0119098 -2.06785e-16)
(0.0563476 0.011341 -2.09348e-16)
(0.0518023 0.0107346 7.39729e-17)
(0.0476133 0.0100941 -2.63675e-16)
(0.0437727 0.00941811 -2.12871e-17)
(0.0402674 0.00870149 2.09351e-17)
(0.0370808 0.00793852 9.36943e-16)
(0.0341921 0.00712925 -8.49161e-18)
(0.0315818 0.0062857 -6.41004e-16)
(0.0292242 0.00542859 -2.62333e-16)
(0.0270939 0.00457947 1.10271e-17)
(0.0251559 0.00375942 -1.21896e-15)
(0.0233774 0.00298029 4.83135e-17)
(0.0217289 0.00226184 -9.46093e-16)
(0.0201843 0.00159863 -2.76871e-16)
(0.0187384 0.00101525 4.58776e-17)
(0.0173668 0.000449921 1.05591e-16)
(0.0161212 -1.71045e-05 1.1883e-16)
(0.0152883 -0.000467373 6.10371e-16)
(0.0142122 -0.000798926 -9.11195e-16)
(0.0131161 -0.00107348 -7.46944e-16)
(0.0121561 -0.00152817 7.29987e-18)
(0.0112544 -0.00167143 -3.78231e-16)
(-0.862061 0.14027 -1.57043e-19)
(-0.831414 0.104941 3.66045e-17)
(-0.829579 0.0648351 -5.43238e-17)
(-0.9131 0.0431679 -5.25145e-17)
(-0.844877 0.0396344 2.85276e-17)
(-0.546092 0.0743535 3.80962e-18)
(-0.144195 0.134524 -8.54593e-18)
(0.200288 0.200897 -4.06394e-17)
(0.424398 0.264056 5.51344e-17)
(0.526288 0.317605 1.22063e-16)
(0.526449 0.356225 -5.75886e-17)
(0.453666 0.377682 -1.00362e-16)
(0.337396 0.382428 -3.50944e-17)
(0.202781 0.372034 -3.61743e-18)
(0.0691364 0.348547 -3.01876e-17)
(-0.048581 0.314631 -5.06119e-17)
(-0.138495 0.273348 5.13839e-17)
(-0.192843 0.227296 5.09999e-17)
(-0.212097 0.177936 -1.4108e-16)
(-0.202655 0.125762 -1.52418e-16)
(-0.1711 0.0719467 2.89201e-17)
(-0.122401 0.0197054 3.35686e-17)
(-0.057663 -0.0245056 -5.61995e-17)
(0.0375834 -0.0504443 1.41461e-16)
(0.163774 -0.0533384 5.92891e-17)
(0.260513 -0.0428411 -1.2873e-16)
(0.299267 -0.027996 -5.6569e-17)
(0.306761 -0.0149205 5.9521e-18)
(0.289501 -0.00831838 -1.29114e-17)
(0.25718 -0.00663238 -1.51775e-16)
(0.228778 -0.0061033 -3.0725e-17)
(0.211198 -0.00466992 3.49206e-17)
(0.19952 -0.00278998 9.60964e-17)
(0.188463 -0.0012738 2.40501e-17)
(0.176751 -0.000184371 -5.2748e-18)
(0.165022 0.000771052 1.14475e-18)
(0.153862 0.00177365 2.21723e-17)
(0.143411 0.00278983 2.63308e-17)
(0.133636 0.00371163 -1.36507e-17)
(0.124456 0.00445831 5.56488e-18)
(0.115819 0.00502241 5.75173e-18)
(0.10768 0.00544793 -3.61941e-17)
(0.100016 0.00579138 -3.35629e-17)
(0.0928017 0.0060908 -7.16547e-17)
(0.0860188 0.00634696 -3.15729e-17)
(0.0796512 0.0065417 1.04804e-17)
(0.0736866 0.00664784 4.77206e-17)
(0.0681075 0.00665928 1.622e-16)
(0.0628966 0.00657998 -1.04253e-16)
(0.0580379 0.0064282 7.57485e-18)
(0.0535155 0.00621755 1.07145e-16)
(0.0493184 0.00596215 6.93504e-17)
(0.0454369 0.00566647 1.25573e-16)
(0.0418609 0.00532824 3.05287e-16)
(0.0385791 0.0049409 6.17378e-17)
(0.0355763 0.00449349 -1.7185e-16)
(0.0328405 0.00398563 -1.73493e-17)
(0.030356 0.00342282 4.05777e-16)
(0.0281059 0.00281935 1.36805e-16)
(0.0260698 0.00220016 6.69249e-18)
(0.024218 0.00158339 9.39387e-16)
(0.0225204 0.000984717 6.41266e-17)
(0.0209489 0.000424928 -5.86746e-16)
(0.0194765 -9.26634e-05 -2.38923e-16)
(0.0180998 -0.000539293 5.98094e-16)
(0.0167863 -0.000972143 -5.01631e-17)
(0.0155916 -0.00131481 -1.48596e-16)
(0.0147859 -0.00168189 -4.87406e-16)
(0.0137262 -0.00191243 1.32797e-16)
(-0.695863 0.0387295 1.70055e-17)
(-0.62899 0.0193969 -3.16754e-17)
(-0.552342 0.000545514 1.95793e-17)
(-0.589368 -0.0144676 4.45563e-17)
(-0.647024 -0.0310493 -1.96326e-17)
(-0.640291 -0.0400893 -1.02531e-18)
(-0.504535 -0.0330073 -1.45245e-18)
(-0.291538 -0.00979134 -2.21021e-18)
(-0.10084 0.0220776 -9.08262e-19)
(0.0182121 0.0548749 5.35123e-17)
(0.0636667 0.0833638 1.20914e-16)
(0.0544297 0.105892 3.73541e-17)
(0.0145949 0.123034 2.01928e-17)
(-0.0334899 0.135344 5.93277e-17)
(-0.0728921 0.142442 2.24159e-17)
(-0.0927918 0.143758 4.90376e-17)
(-0.087347 0.139384 -1.04344e-17)
(-0.0546694 0.130112 -7.14587e-17)
(0.00120556 0.116877 -4.71892e-17)
(0.0669589 0.0991713 1.42123e-16)
(0.130464 0.0760964 8.57409e-17)
(0.185228 0.04787 -5.2966e-17)
(0.228007 0.0162803 1.8541e-17)
(0.259791 -0.0136501 2.41987e-16)
(0.28721 -0.0347877 -1.5846e-16)
(0.298594 -0.0455702 -9.61361e-18)
(0.269018 -0.0496962 4.78553e-17)
(0.236779 -0.0455411 -1.84076e-17)
(0.241793 -0.0332684 -6.47118e-18)
(0.246887 -0.0233101 1.10941e-16)
(0.230043 -0.0199935 1.60299e-17)
(0.206752 -0.0194171 -4.04882e-19)
(0.189696 -0.0187159 1.11756e-17)
(0.17807 -0.0172714 -2.58641e-17)
(0.167616 -0.0154668 6.22969e-18)
(0.156884 -0.0134984 5.52183e-18)
(0.146263 -0.0114101 3.39577e-17)
(0.136188 -0.00934466 -3.33866e-17)
(0.126759 -0.00746925 -1.93628e-17)
(0.117914 -0.00588473 3.32744e-18)
(0.109594 -0.00457446 4.6727e-19)
(0.101766 -0.0034655 -2.78484e-17)
(0.0944198 -0.00248033 -1.90501e-17)
(0.0875376 -0.00157756 -4.54825e-17)
(0.0811036 -0.000760018 -3.81613e-17)
(0.075098 -5.14322e-05 2.15094e-17)
(0.0695019 0.000523298 2.14853e-17)
(0.0642904 0.000959258 -1.60031e-16)
(0.0594419 0.00126577 -7.01703e-17)
(0.0549331 0.00146758 -4.19463e-17)
(0.0507447 0.00158537 5.31541e-17)
(0.0468592 0.00163891 1.47864e-17)
(0.0432617 0.0016376 3.29452e-17)
(0.03994 0.00158443 1.27637e-16)
(0.0368774 0.00147195 -8.18655e-17)
(0.0340594 0.00129473 -3.14472e-17)
(0.0314776 0.00104803 -4.96965e-18)
(0.0291168 0.000734601 4.18468e-16)
(0.0269719 0.000367798 2.36574e-17)
(0.0250238 -3.68101e-05 -5.57355e-17)
(0.0232505 -0.000461228 -1.80719e-17)
(0.0216243 -0.000889337 9.44984e-18)
(0.0201221 -0.00129704 1.11041e-15)
(0.0187202 -0.00167737 2.94674e-16)
(0.0174127 -0.00200029 8.23413e-16)
(0.0161655 -0.00231489 -1.26278e-16)
(-0.547865 -0.0282888 3.98688e-18)
(-0.486219 -0.0394569 1.07877e-17)
(-0.400865 -0.04481 2.36172e-17)
(-0.385591 -0.0522272 -9.53719e-19)
(-0.396332 -0.0621807 -1.31926e-17)
(-0.428025 -0.0716919 -5.0045e-18)
(-0.43822 -0.0783299 4.41522e-18)
(-0.385615 -0.0791899 1.59246e-17)
(-0.288286 -0.0735887 -5.81676e-18)
(-0.208406 -0.0663407 -6.29015e-17)
(-0.174186 -0.059763 -4.92999e-17)
(-0.182503 -0.0522219 4.22521e-17)
(-0.216137 -0.0416065 1.40951e-17)
(-0.253396 -0.0278711 -5.75077e-17)
(-0.275879 -0.0129965 -1.092e-17)
(-0.270979 0.000900815 -1.86201e-17)
(-0.23219 0.0127441 4.12407e-18)
(-0.158001 0.0224917 6.09258e-17)
(-0.0515535 0.0304357 7.5413e-17)
(0.0761014 0.0365787 2.96826e-17)
(0.202393 0.039035 -1.141e-16)
(0.309055 0.0356778 1.21304e-16)
(0.387537 0.0258234 1.18828e-16)
(0.43491 0.0103319 -2.37701e-16)
(0.451882 -0.00741523 8.15815e-18)
(0.437119 -0.0233612 1.44203e-16)
(0.373239 -0.0377917 1.24447e-17)
(0.262566 -0.0506712 -9.6562e-18)
(0.186796 -0.0533678 1.29575e-17)
(0.189518 -0.0437771 5.17329e-17)
(0.207528 -0.0340108 -3.4109e-17)
(0.200196 -0.0308926 1.28877e-17)
(0.18086 -0.0307442 -7.07171e-17)
(0.165173 -0.0300709 -1.91594e-18)
(0.154518 -0.0280207 9.46513e-19)
(0.145365 -0.0252207 3.60643e-18)
(0.136181 -0.0222723 -3.23345e-17)
(0.127118 -0.0195123 -1.98801e-17)
(0.118488 -0.0170911 1.40874e-17)
(0.110347 -0.0150336 -6.25875e-18)
(0.102662 -0.0132583 8.13406e-19)
(0.0954078 -0.0116567 -1.99051e-17)
(0.0885871 -0.0101482 -1.4617e-17)
(0.0821939 -0.00871233 -5.83652e-18)
(0.0762212 -0.00737288 2.8748e-17)
(0.0706523 -0.00617231 -1.24176e-17)
(0.0654668 -0.00514396 1.24586e-17)
(0.0606395 -0.0042956 9.22587e-17)
(0.0561498 -0.00361553 -4.07997e-17)
(0.0519757 -0.00307596 -1.11306e-16)
(0.0480981 -0.00265039 6.73678e-17)
(0.0445004 -0.00231407 9.7409e-18)
(0.0411663 -0.00205211 -1.53887e-16)
(0.0380794 -0.00185973 -3.21616e-16)
(0.0352211 -0.00173698 2.27188e-16)
(0.0325815 -0.00168527 1.31889e-16)
(0.030143 -0.00170552 1.64385e-17)
(0.0279048 -0.00179608 -8.06364e-17)
(0.0258527 -0.00195023 1.46797e-17)
(0.0239813 -0.00215581 -2.91944e-17)
(0.0222708 -0.00239677 -6.43608e-16)
(0.0207068 -0.00265897 3.15953e-16)
(-0.412284 -0.0738655 4.45216e-18)
(-0.359188 -0.0788778 -7.83528e-18)
(-0.288069 -0.0747759 -8.29876e-18)
(-0.266724 -0.0782547 -9.44335e-18)
(-0.249878 -0.0829958 1.21683e-18)
(-0.248588 -0.0872252 9.48872e-18)
(-0.265435 -0.0909076 -1.88467e-17)
(-0.273147 -0.093751 -1.98486e-17)
(-0.252918 -0.0979898 -1.02512e-17)
(-0.224864 -0.106622 -2.01381e-17)
(-0.220586 -0.118008 -2.63382e-17)
(-0.247587 -0.125962 -5.97215e-17)
(-0.299307 -0.12622 -3.35081e-17)
(-0.357704 -0.119097 1.96849e-17)
(-0.403194 -0.10783 4.22969e-17)
(-0.419704 -0.0951247 2.10711e-17)
(-0.397041 -0.0818107 3.50028e-17)
(-0.330753 -0.067517 -8.18407e-17)
(-0.221196 -0.0518352 -3.29799e-17)
(-0.073746 -0.0349392 -2.01275e-17)
(0.0967018 -0.0177198 1.02809e-16)
(0.261595 -0.00308785 1.54537e-18)
(0.397768 0.00606685 -1.49363e-16)
(0.494328 0.00852585 8.14465e-17)
(0.547726 0.004522 6.35061e-17)
(0.556759 -0.00396297 -1.87129e-16)
(0.514167 -0.0153878 1.96302e-17)
(0.401449 -0.0316207 7.91448e-18)
(0.241035 -0.0503523 3.10988e-17)
(0.143911 -0.0579523 -4.68249e-18)
(0.147459 -0.051182 3.24821e-17)
(0.171728 -0.0427396 -1.3493e-17)
(0.169857 -0.039603 5.3546e-17)
(0.154124 -0.0385899 2.33343e-17)
(0.140702 -0.0366465 8.40902e-18)
(0.131738 -0.0334671 -5.08658e-19)
(0.124193 -0.0300109 -8.67474e-18)
(0.1166 -0.0269443 5.49304e-17)
(0.109033 -0.0244056 -3.11479e-18)
(0.10176 -0.022272 -9.64272e-19)
(0.0948688 -0.0203548 9.10284e-19)
(0.0883615 -0.0185109 -1.37643e-17)
(0.0822392 -0.0166775 -8.55475e-18)
(0.0764984 -0.0148718 -2.83767e-17)
(0.0711287 -0.0131522 4.31634e-17)
(0.0661101 -0.011583 7.80487e-18)
(0.0614219 -0.0102069 2.62717e-17)
(0.0570397 -0.00903389 5.06292e-17)
(0.0529451 -0.00804982 -3.28691e-17)
(0.0491222 -0.0072246 -1.58057e-17)
(0.0455599 -0.00653028 1.30028e-16)
(0.0422441 -0.00594466 1.91108e-16)
(0.0391603 -0.0054524 -1.08713e-17)
(0.036294 -0.00504692 1.32445e-16)
(0.0336305 -0.0047213 1.31336e-16)
(0.0311537 -0.00447438 2.12772e-17)
(0.0288549 -0.00430005 1.59619e-17)
(-0.293581 -0.103679 3.99066e-19)
(-0.248528 -0.105906 5.36116e-19)
(-0.19173 -0.0965836 -3.47069e-18)
(-0.175297 -0.0983656 5.84932e-19)
(-0.159251 -0.101115 -4.21768e-18)
(-0.145833 -0.102812 -6.29942e-18)
(-0.142197 -0.103955 -1.38813e-18)
(-0.150069 -0.106493 -8.00713e-19)
(-0.15319 -0.111131 -1.01343e-17)
(-0.142984 -0.119436 1.59776e-17)
(-0.147511 -0.133217 4.28388e-17)
(-0.189059 -0.147113 3.86788e-17)
(-0.259369 -0.154282 1.1437e-17)
(-0.343196 -0.154853 9.71874e-18)
(-0.422951 -0.152233 -1.89835e-17)
(-0.480106 -0.148162 8.06845e-18)
(-0.499848 -0.141926 -4.54592e-17)
(-0.473129 -0.131994 1.17844e-17)
(-0.396455 -0.117551 7.67931e-17)
(-0.270857 -0.0988983 2.45169e-17)
(-0.102616 -0.0771458 -4.77948e-17)
(0.091161 -0.0540101 -5.21435e-17)
(0.278795 -0.0327036 1.17939e-16)
(0.433259 -0.0163085 -1.33162e-16)
(0.541739 -0.00621303 -1.42765e-16)
(0.599518 -0.00252042 1.95367e-16)
(0.603221 -0.00432072 1.03784e-17)
(0.541157 -0.0122099 -3.74002e-17)
(0.396082 -0.0293218 9.83275e-18)
(0.209858 -0.050846 -4.09001e-17)
(0.107772 -0.060451 -6.9037e-17)
(0.113954 -0.0548217 2.86203e-17)
(0.140304 -0.0465365 1.17277e-17)
(0.141355 -0.0423282 -1.54078e-17)
(0.128945 -0.0399279 1.00527e-17)
(0.118128 -0.0371766 3.8825e-18)
(0.110945 -0.0340828 9.89461e-18)
(0.104819 -0.0313432 -1.6146e-17)
(0.0985636 -0.0291617 2.37284e-18)
(0.0922957 -0.0273207 -1.553e-18)
(0.0862848 -0.0255385 -1.91274e-18)
(0.0806227 -0.0236647 -1.10018e-17)
(0.0753152 -0.0216922 -1.16871e-17)
(0.0703415 -0.0196989 -2.16787e-17)
(0.0656799 -0.0177838 6.05311e-17)
(0.0613053 -0.016029 -1.5979e-17)
(0.0571913 -0.0144746 3.67207e-17)
(0.0533144 -0.0131226 7.25187e-17)
(0.0496621 -0.0119515 -3.60099e-17)
(0.0462266 -0.0109295 -1.49055e-16)
(-0.194739 -0.131123 -1.12319e-17)
(-0.157802 -0.128884 1.96813e-18)
(-0.11452 -0.113888 -8.37943e-18)
(-0.102033 -0.113848 -4.35823e-17)
(-0.090956 -0.115875 -3.27693e-17)
(-0.0807294 -0.11775 1.19113e-17)
(-0.0722464 -0.119214 -1.31691e-18)
(-0.0700528 -0.121439 -1.17054e-17)
(-0.0740899 -0.12491 8.61535e-18)
(-0.0718066 -0.128046 2.98712e-17)
(-0.0612667 -0.130688 -1.80239e-19)
(-0.0757608 -0.135085 -3.18042e-17)
(-0.139502 -0.140823 4.59816e-18)
(-0.236831 -0.146891 -9.59755e-18)
(-0.343839 -0.154514 -2.82657e-17)
(-0.440392 -0.162832 -4.22087e-18)
(-0.508406 -0.168196 5.78271e-17)
(-0.533876 -0.167267 5.49763e-17)
(-0.50866 -0.15889 -7.00884e-17)
(-0.429982 -0.143795 -9.06921e-17)
(-0.299277 -0.123532 4.41364e-18)
(-0.123276 -0.099758 6.03693e-17)
(0.0797906 -0.0743336 -4.42333e-17)
(0.276893 -0.0502885 -7.45239e-17)
(0.438923 -0.0305764 2.76618e-16)
(0.552074 -0.0165928 -3.65025e-17)
(0.610743 -0.00854332 -9.99687e-17)
(0.60942 -0.00628265 1.79465e-17)
(0.532967 -0.0120018 6.47377e-17)
(0.367561 -0.029219 -5.45314e-17)
(0.174129 -0.0505708 3.96262e-17)
(0.0791882 -0.0589292 -1.63019e-17)
(0.0890562 -0.0524509 -2.80334e-17)
(0.114777 -0.0435962 1.07803e-17)
(0.116776 -0.0387701 1.84629e-17)
(0.106858 -0.036314 3.09683e-17)
(0.0981498 -0.0343765 -1.01635e-17)
(0.0922826 -0.032637 6.88703e-18)
)
;

boundaryField
{
    inlet
    {
        type            calculated;
        value           nonuniform List<vector> 
11
(
(-0.0144926 0.251313 -7.47466e-17)
(0.00113577 0.256632 1.86182e-16)
(0.00118221 0.257304 3.47195e-16)
(0.00123469 0.26294 -8.76251e-16)
(0.0012767 0.267652 1.66003e-16)
(0.00127013 0.269852 1.51652e-15)
(0.00119005 0.271072 -1.63175e-15)
(0.0010641 0.27513 -4.73132e-16)
(0.00085739 0.286674 1.15533e-15)
(0.0131739 0.329024 -4.71427e-16)
(0.00286248 0.36361 2.88881e-16)
)
;
    }
    outlet
    {
        type            calculated;
        value           nonuniform List<vector> 0();
    }
    walls
    {
        type            calculated;
        value           nonuniform List<vector> 4((-1.88458 -0.6497 6.59691e-14) (-2.36742 -0.297925 -9.16544e-15) (-1.20834 -0.370273 1.02828e-14) (0.155374 2.47314 -3.49859e-14));
    }
    frontAndBack
    {
        type            empty;
    }
    procBoundary6to2
    {
        type            processor;
        value           nonuniform List<vector> 
13
(
(9.48366 3.06405 -7.65007e-15)
(8.12966 3.8987 1.77598e-15)
(3.62625 3.01228 -9.87425e-17)
(-0.357666 1.67182 4.17349e-17)
(-1.52851 0.864841 4.78405e-17)
(-1.32095 0.491486 1.99213e-17)
(-1.04786 0.284257 -3.68608e-18)
(-0.866107 0.146292 -7.6182e-17)
(-0.711401 0.0429357 4.79431e-17)
(-0.565519 -0.0246873 1.58738e-17)
(-0.432008 -0.0712377 1.02316e-18)
(-0.313959 -0.100409 2.49651e-19)
(-0.214382 -0.128544 -1.37819e-17)
)
;
    }
    procBoundary6to3
    {
        type            processor;
        value           uniform (-0.11631 -0.166108 -4.66306e-17);
    }
    procBoundary6to5
    {
        type            processor;
        value           nonuniform List<vector> 
86
(
(-1.9625 0.279215 -1.88736e-13)
(-2.77016 0.528945 1.13244e-13)
(-3.57781 0.754371 7.06985e-15)
(-4.40555 0.962693 -4.82083e-14)
(-4.23865 1.03382 -7.55132e-14)
(-1.49673 0.854691 3.34198e-14)
(1.02202 0.679429 -1.6247e-14)
(0.681061 0.686244 -2.41047e-14)
(-0.769242 0.741048 2.22146e-14)
(-1.42564 0.743541 9.29333e-15)
(-1.2155 0.712045 5.81278e-15)
(-0.773058 0.688498 3.8037e-14)
(-0.491668 0.690017 6.49204e-14)
(-0.412229 0.708375 -1.56949e-13)
(-0.432979 0.7261 1.29514e-13)
(-0.466681 0.73127 -4.59048e-14)
(-0.477875 0.722457 -3.40101e-14)
(-0.46386 0.704425 3.4981e-15)
(-0.432371 0.68261 2.21565e-14)
(-0.391584 0.660473 2.21846e-14)
(-0.347513 0.639238 -2.58438e-14)
(-0.304223 0.618964 6.0466e-15)
(-0.263991 0.59912 -5.82687e-16)
(-0.227755 0.579149 5.07967e-15)
(-0.195377 0.558601 -2.59444e-14)
(-0.166335 0.53715 2.24403e-14)
(-0.140022 0.514741 1.21554e-14)
(-0.115992 0.491457 -2.1634e-14)
(-0.0940067 0.467513 -1.08993e-15)
(-0.074054 0.443215 2.11993e-14)
(-0.0561279 0.418797 -8.41338e-15)
(-0.0402358 0.394373 -2.91073e-15)
(-0.0263436 0.370157 8.17228e-15)
(-0.0263436 0.370157 8.17228e-15)
(-0.0571432 0.329064 2.84531e-15)
(-0.0442296 0.308873 6.57181e-15)
(-0.0328587 0.288971 -3.8865e-16)
(-0.0229534 0.269516 -7.86317e-15)
(-0.0143739 0.25061 1.37699e-14)
(-0.00703509 0.232335 -3.31879e-15)
(-0.000836102 0.214784 -8.31403e-15)
(0.00428887 0.198034 4.75378e-15)
(0.00851209 0.182146 -2.10266e-15)
(0.0119533 0.167152 1.61476e-15)
(0.01472 0.153046 3.91036e-16)
(0.0168627 0.139834 3.01979e-15)
(0.0168627 0.139834 3.01979e-15)
(0.00668135 0.127211 2.35167e-15)
(0.00918579 0.116176 -5.42648e-15)
(0.0111934 0.105879 6.51064e-16)
(0.012757 0.0963152 -6.86594e-16)
(0.0139256 0.0874763 1.72964e-15)
(0.014752 0.079351 8.91895e-16)
(0.015301 0.0719026 1.48725e-15)
(0.015618 0.065071 -1.31672e-15)
(0.015754 0.058802 3.53834e-16)
(0.015754 0.058802 3.53834e-16)
(0.0122389 0.0536371 1.00064e-15)
(0.0126094 0.0482928 1.24463e-15)
(0.0128234 0.0433633 -1.00445e-15)
(0.0128817 0.0388211 4.65668e-16)
(0.0127977 0.0346623 7.56959e-17)
(0.0125759 0.0308744 2.31712e-16)
(0.0122203 0.0274386 6.09192e-16)
(0.0122203 0.0274386 6.09192e-16)
(0.0101288 0.0245513 -5.29027e-16)
(0.00968059 0.0217254 2.33271e-16)
(0.00916311 0.0191543 -1.28483e-16)
(0.00860798 0.0168311 -4.13809e-16)
(0.00802177 0.0146609 7.74659e-17)
(0.00740803 0.0127371 6.19015e-16)
(0.00731932 0.011615 -2.27207e-16)
(0.00731932 0.011615 -2.27207e-16)
(0.0060524 0.0102411 8.86673e-17)
(0.00558539 0.0088673 -5.38428e-16)
(0.00510253 0.00757026 4.23336e-17)
(0.00460223 0.00641962 -2.26581e-17)
(0.0041309 0.00528702 2.24356e-16)
(0.00359917 0.00436234 5.0406e-17)
(0.00316427 0.00339872 2.29676e-17)
(0.00259376 0.00268498 -7.85285e-17)
(0.00218309 0.00198802 1.16854e-16)
(0.00218309 0.00198802 1.16854e-16)
(0.00156318 0.00173665 5.22086e-17)
(0.00117434 0.00101828 8.43265e-17)
(0.00101123 0.00103004 1.44937e-16)
)
;
    }
    procBoundary6to7
    {
        type            processor;
        value           nonuniform List<vector> 
91
(
(0.00243595 -0.0063054 -4.58095e-16)
(0.00243595 -0.0063054 -4.58095e-16)
(0.00467428 -0.00319061 -6.78144e-17)
(0.00467428 -0.00319061 -6.78144e-17)
(0.0053978 -0.00400418 2.35579e-15)
(0.0053978 -0.00400418 2.35579e-15)
(0.00733832 -0.00376545 -5.27061e-16)
(0.00926708 -0.00303847 -1.20519e-15)
(0.00733832 -0.00376545 -5.27061e-16)
(0.00779331 -0.00327494 -1.01163e-15)
(0.010472 -0.00229569 -3.90117e-16)
(0.00926708 -0.00303847 -1.20519e-15)
(0.0094361 -0.00234148 3.42948e-17)
(0.0126311 -0.00206485 -2.05785e-15)
(0.0116499 -0.00239335 -2.67873e-15)
(0.010472 -0.00229569 -3.90117e-16)
(0.0107229 -0.00239483 -1.68727e-15)
(0.0150318 -0.00255103 -5.17589e-16)
(0.0142708 -0.00285364 7.78347e-16)
(0.0126311 -0.00206485 -2.05785e-15)
(0.0132444 -0.00300219 2.26019e-16)
(0.0192628 -0.00291811 -6.63809e-16)
(0.0179235 -0.00316531 1.75153e-16)
(0.0166782 -0.00336865 8.33391e-17)
(0.0150318 -0.00255103 -5.17589e-16)
(0.0154903 -0.00357525 -6.67827e-17)
(0.0267223 -0.00419793 -6.15629e-16)
(0.0247567 -0.00416216 -1.35646e-16)
(0.02295 -0.00418134 9.02062e-17)
(0.0212964 -0.00424589 8.92318e-16)
(0.0192628 -0.00291811 -6.63809e-16)
(0.0197796 -0.00434465 -8.3898e-17)
(0.043002 -0.010036 6.33356e-17)
(0.0399809 -0.00925302 -1.28341e-16)
(0.0371559 -0.00857389 2.95766e-17)
(0.0345133 -0.00799048 -9.38029e-17)
(0.0320414 -0.00749921 -3.97782e-16)
(0.029726 -0.00708677 1.3458e-16)
(0.0267223 -0.00419793 -6.15629e-16)
(0.0275624 -0.00675218 1.00489e-16)
(0.0871881 -0.0311973 -1.92078e-17)
(0.0820172 -0.0298818 -7.30928e-18)
(0.0769371 -0.0284165 5.3648e-19)
(0.0721576 -0.026698 -2.68579e-18)
(0.0677176 -0.0247908 3.76243e-18)
(0.0635757 -0.0228356 4.78025e-17)
(0.0596848 -0.0209625 1.20253e-17)
(0.0560073 -0.0192523 2.51444e-17)
(0.0525161 -0.0177294 5.3737e-18)
(0.0491941 -0.0163782 -1.13088e-16)
(0.0460345 -0.0151665 -4.8051e-17)
(0.043002 -0.010036 6.33356e-17)
(0.043035 -0.0140673 -1.33957e-16)
(-0.0879761 -0.158901 -1.16709e-17)
(-0.067178 -0.154722 1.05362e-17)
(-0.040942 -0.134671 -2.1485e-17)
(-0.0352678 -0.133971 -4.45278e-18)
(-0.0304897 -0.135682 1.84915e-17)
(-0.0258618 -0.137372 -9.38465e-18)
(-0.0219547 -0.137555 -2.67874e-17)
(-0.0218799 -0.135949 6.2232e-18)
(-0.0241581 -0.132373 9.37885e-18)
(-0.0178422 -0.125999 -2.88132e-17)
(-0.00313399 -0.118333 -1.94937e-17)
(-0.0158819 -0.115449 -4.85055e-18)
(-0.0869595 -0.12215 -2.38383e-17)
(-0.199507 -0.137683 3.67641e-17)
(-0.323471 -0.157224 8.31826e-17)
(-0.434181 -0.17368 -4.7136e-17)
(-0.512441 -0.181762 -1.53162e-16)
(-0.544382 -0.180027 -3.24742e-17)
(-0.522445 -0.169851 5.5366e-17)
(-0.444595 -0.153426 -1.77608e-17)
(-0.312879 -0.132547 5.35798e-17)
(-0.1347 -0.108534 -1.03725e-16)
(0.0706988 -0.08292 1.44087e-16)
(0.269182 -0.0584989 -4.37405e-17)
(0.430961 -0.0380596 -1.6734e-16)
(0.542186 -0.0228578 -4.076e-17)
(0.597531 -0.0129826 3.17708e-17)
(0.590399 -0.00873124 -8.64596e-17)
(0.502751 -0.013374 -5.74839e-17)
(0.326706 -0.029957 -3.21348e-17)
(0.138849 -0.0489702 -2.25243e-18)
(0.0576459 -0.0542427 1.11428e-16)
(0.0712164 -0.0465066 1.43428e-17)
(0.0944361 -0.0380266 4.56572e-17)
(0.0960165 -0.0340271 -1.91587e-17)
(0.0876798 -0.0327008 1.02111e-17)
(0.0871881 -0.0311973 -1.92078e-17)
(0.0804721 -0.0320087 2.06535e-17)
)
;
    }
}


// ************************************************************************* //
