/*--------------------------------*- C++ -*----------------------------------*\
| =========                 |                                                 |
| \\      /  F ield         | OpenFOAM: The Open Source CFD Toolbox           |
|  \\    /   O peration     | Version:  2506                                  |
|   \\  /    A nd           | Website:  www.openfoam.com                      |
|    \\/     M anipulation  |                                                 |
\*---------------------------------------------------------------------------*/
FoamFile
{
    version     2.0;
    format      ascii;
    arch        "LSB;label=32;scalar=64";
    class       volVectorField;
    location    "50";
    object      momentError;
}
// * * * * * * * * * * * * * * * * * * * * * * * * * * * * * * * * * * * * * //

dimensions      [0 1 -2 0 0 0 0];

internalField   nonuniform List<vector> 
1340
(
(0.00740205 -0.0701355 -5.12849e-16)
(9.02422e-06 -0.0269932 -1.05668e-16)
(0.00394951 -0.0669305 -5.27702e-16)
(-0.00310314 -0.0460468 2.9308e-15)
(0.000258197 -0.026365 -7.02538e-17)
(0.00129702 -0.0628746 8.50233e-16)
(0.00196265 -0.0422893 -7.60188e-16)
(-0.00199816 -0.0451056 3.07703e-15)
(0.000628347 -0.0254037 3.15131e-16)
(-0.000667513 -0.0585846 -1.3446e-15)
(0.00872209 -0.0516918 -1.80123e-15)
(0.0065212 -0.0501372 -1.43416e-15)
(0.00412733 -0.0419947 -1.02344e-15)
(-0.000503429 -0.0439058 -1.06309e-15)
(0.00125856 -0.0241471 -3.13179e-16)
(-0.00217478 -0.0541944 -7.57236e-16)
(0.00831424 -0.059748 -5.2633e-16)
(0.00925652 -0.0558607 4.37835e-17)
(0.00999775 -0.0501323 -4.25949e-15)
(0.0082784 -0.048824 -2.22016e-15)
(0.00594662 -0.0411566 1.1294e-15)
(0.000986962 -0.0424175 -1.24603e-15)
(0.0020006 -0.022695 -8.29625e-16)
(-0.00342388 -0.0498233 1.88472e-15)
(0.001948 -0.0737899 -3.13679e-15)
(0.00349234 -0.0678638 -4.03066e-15)
(0.00541296 -0.0618595 -2.57647e-15)
(0.00747718 -0.0565565 -4.11898e-17)
(0.00903125 -0.0528284 -1.44339e-16)
(0.0103682 -0.0476777 1.69906e-15)
(0.00910578 -0.0467659 7.12586e-16)
(0.00713187 -0.0398843 -1.99311e-16)
(0.00204625 -0.0406419 6.26562e-16)
(0.00261663 -0.0211287 4.22903e-17)
(-0.00454001 -0.0456522 -4.6592e-16)
(-0.00551687 -0.0897913 -8.42546e-16)
(-0.00420219 -0.0826251 1.32642e-15)
(-0.00297024 -0.075835 3.80396e-16)
(-0.00122575 -0.0694875 -3.352e-16)
(0.00109712 -0.0637774 -1.46444e-15)
(0.00362473 -0.0579841 -2.61985e-15)
(0.0061093 -0.0528336 -4.86707e-16)
(0.00808127 -0.0492768 1.37728e-16)
(0.00977089 -0.0446604 1.81379e-15)
(0.00894506 -0.0441815 3.93339e-16)
(0.00754431 -0.0382796 -9.40617e-16)
(0.00260092 -0.0387054 1.08953e-15)
(0.00291726 -0.0195513 5.0217e-16)
(-0.00551184 -0.0418134 6.62854e-16)
(-0.0247405 -0.148602 -1.31967e-15)
(-0.0218612 -0.128677 3.44226e-16)
(-0.0186115 -0.111446 2.28642e-16)
(-0.0151584 -0.0966649 -1.33911e-16)
(-0.0113233 -0.084402 -4.81362e-16)
(-0.00902183 -0.077416 2.26034e-15)
(-0.00694039 -0.0708603 2.84682e-16)
(-0.00440291 -0.0647446 8.60734e-16)
(-0.00148928 -0.0593096 -2.63762e-16)
(0.00148176 -0.0538305 1.14315e-15)
(0.00423854 -0.0489205 4.80454e-16)
(0.00643702 -0.0455038 -1.65155e-16)
(0.00837255 -0.041376 -1.29585e-15)
(0.007956 -0.0413107 -3.39816e-16)
(0.00724403 -0.0364878 4.83331e-16)
(0.00269226 -0.0367231 -6.48356e-16)
(0.00291482 -0.0180742 1.31653e-16)
(-0.00631976 -0.0384056 1.89819e-16)
(-0.0677456 -0.28004 -1.59836e-15)
(-0.0615225 -0.245491 -3.73108e-16)
(-0.0555042 -0.214493 1.70735e-16)
(-0.0494484 -0.186785 1.71208e-15)
(-0.0434995 -0.162107 -1.81551e-16)
(-0.0376347 -0.140301 -1.03445e-15)
(-0.0319411 -0.121115 1.92905e-15)
(-0.0264914 -0.104573 6.46199e-16)
(-0.0213359 -0.0903581 1.25753e-16)
(-0.0162794 -0.0785835 3.55822e-16)
(-0.0132673 -0.0719147 -4.24618e-16)
(-0.0105871 -0.0656527 -5.78601e-17)
(-0.00754423 -0.0598275 -2.04525e-15)
(-0.00424561 -0.0547198 -3.32411e-16)
(-0.00101782 -0.0496089 1.78808e-16)
(0.00192345 -0.0450146 -4.40472e-16)
(0.00422397 -0.0417675 6.76107e-17)
(0.00631922 -0.0380468 -4.2422e-16)
(0.00630464 -0.0383395 -1.61986e-16)
(0.00635079 -0.0346027 2.25298e-17)
(0.00238949 -0.0348026 -8.56119e-16)
(0.00268968 -0.0167966 -1.52644e-16)
(-0.00697273 -0.0354753 -1.10281e-15)
(-0.235985 -0.593598 1.65151e-16)
(-0.207502 -0.533123 -7.24531e-16)
(-0.182907 -0.477277 1.29471e-16)
(-0.161667 -0.425694 -4.00724e-16)
(-0.143211 -0.378271 -1.27522e-15)
(-0.127037 -0.334744 5.40678e-16)
(-0.112668 -0.295342 3.65948e-16)
(-0.0998167 -0.259738 -1.84078e-15)
(-0.0878938 -0.227642 -4.05318e-16)
(-0.0768939 -0.198942 -5.06542e-16)
(-0.0665482 -0.173198 -7.22249e-16)
(-0.05697 -0.150333 -6.56156e-17)
(-0.0480649 -0.13004 1.49629e-15)
(-0.0399856 -0.11221 9.74694e-16)
(-0.0326856 -0.0967879 -2.39446e-16)
(-0.0261667 -0.0835637 3.27653e-16)
(-0.0202509 -0.0725946 1.98194e-17)
(-0.0167962 -0.0664049 -3.69599e-17)
(-0.0137951 -0.0604993 -2.95219e-17)
(-0.010493 -0.0549821 1.17969e-15)
(-0.00707041 -0.0502211 1.27099e-15)
(-0.00378042 -0.0455216 6.75012e-17)
(-0.000811158 -0.0412852 4.95195e-16)
(0.00151956 -0.0382021 -8.60691e-17)
(0.00370909 -0.0348083 9.08298e-16)
(0.00409442 -0.0353648 5.62722e-16)
(0.00492254 -0.0326774 1.13062e-16)
(0.00171066 -0.0329595 1.87473e-16)
(0.00229555 -0.0157495 1.03112e-15)
(-0.00750801 -0.0330156 3.50128e-16)
(1.98299 -1.29148 5.43747e-16)
(-0.0660908 -1.1975 3.11966e-16)
(-1.06847 -1.13873 -1.02911e-16)
(-1.24458 -1.08129 1.02348e-15)
(-1.05992 -1.01408 9.626e-16)
(-0.83381 -0.941986 1.56782e-15)
(-0.674281 -0.871108 4.80731e-16)
(-0.575389 -0.804013 4.55753e-16)
(-0.506974 -0.740704 1.07195e-16)
(-0.45035 -0.68055 -1.34683e-15)
(-0.399455 -0.623251 -5.05079e-16)
(-0.353365 -0.568863 -8.66077e-16)
(-0.312054 -0.517434 -7.83504e-16)
(-0.275185 -0.468709 -1.00533e-15)
(-0.242517 -0.422761 3.59033e-16)
(-0.213413 -0.379566 -8.48659e-16)
(-0.187678 -0.338988 -1.39864e-16)
(-0.164633 -0.301253 1.00485e-15)
(-0.14423 -0.266499 -3.57544e-16)
(-0.125632 -0.234713 1.08172e-15)
(-0.108984 -0.205898 -1.57384e-16)
(-0.093687 -0.180045 -7.99189e-17)
(-0.0798024 -0.156897 1.03138e-16)
(-0.0671891 -0.136376 1.34659e-16)
(-0.0558718 -0.118199 -7.23054e-16)
(-0.0458769 -0.102195 -1.07044e-15)
(-0.0371196 -0.0883876 2.76245e-16)
(-0.0296497 -0.0765117 -6.76468e-16)
(-0.0231585 -0.0666497 -1.77848e-16)
(-0.01953 -0.0611306 1.19343e-16)
(-0.0164537 -0.0556599 6.03598e-17)
(-0.0131611 -0.0504772 1.01298e-15)
(-0.00987727 -0.046049 -4.47298e-16)
(-0.00674424 -0.0417305 5.04851e-16)
(-0.00389458 -0.0378357 -7.05148e-16)
(-0.00163051 -0.0348925 2.33538e-16)
(0.000599105 -0.0317218 -6.62221e-16)
(0.00135272 -0.0324178 9.60025e-16)
(0.00296225 -0.0306781 8.80004e-16)
(0.000613881 -0.0311597 -1.4862e-17)
(0.00170826 -0.0149097 -1.34675e-16)
(-0.00798294 -0.0309894 5.92318e-17)
(3.9106 -4.45644 4.49155e-17)
(3.71661 -4.1497 -4.64899e-17)
(2.89234 -3.44011 6.66142e-17)
(2.43594 -3.3736 2.1697e-17)
(2.10602 -3.34423 -7.1207e-17)
(1.89214 -3.34709 2.2871e-17)
(1.66776 -3.3472 1.16383e-16)
(1.34885 -3.26878 -1.39445e-17)
(1.08917 -3.05422 -5.40985e-17)
(1.11329 -2.77629 1.09199e-16)
(1.16815 -2.57256 9.41257e-17)
(0.680163 -2.48193 1.53548e-17)
(-0.470212 -2.47946 2.35278e-18)
(-1.94486 -2.52992 -1.49717e-16)
(-3.39793 -2.58683 -3.16526e-17)
(-4.60835 -2.6135 2.96858e-16)
(-5.46468 -2.59858 2.75828e-16)
(-5.94122 -2.55013 1.78524e-18)
(-6.0659 -2.47952 -1.8866e-17)
(-5.8939 -2.39422 8.99312e-17)
(-5.48227 -2.29827 6.80229e-17)
(-4.87905 -2.19684 2.56594e-17)
(-4.11845 -2.09915 -1.24076e-16)
(-3.21305 -2.01758 1.18108e-16)
(-2.13901 -1.96425 6.65842e-16)
(-0.83676 -1.94582 1.69342e-16)
(0.74285 -1.95895 1.04683e-16)
(2.55459 -1.99181 4.54683e-16)
(4.42895 -2.02773 3.58189e-16)
(6.13519 -2.04931 1.05744e-17)
(7.46967 -2.03938 -2.59566e-16)
(8.31386 -1.98451 -9.52628e-16)
(8.62082 -1.87884 -2.71641e-16)
(8.34807 -1.72288 -3.14403e-16)
(7.43229 -1.52594 2.48807e-16)
(5.83968 -1.31038 -2.65994e-16)
(3.71306 -1.116 -4.78279e-16)
(1.50671 -0.978328 -6.91714e-17)
(-0.204683 -0.895534 1.85358e-16)
(-1.07302 -0.853907 2.08504e-16)
(-1.25855 -0.819265 1.5024e-15)
(-1.12006 -0.778815 6.51707e-16)
(-0.922868 -0.733015 8.36626e-16)
(-0.769897 -0.686016 2.85308e-16)
(-0.666908 -0.640489 5.5577e-16)
(-0.592183 -0.596835 -7.0618e-16)
(-0.529707 -0.554695 -1.97746e-15)
(-0.473053 -0.513689 1.24455e-15)
(-0.421053 -0.473776 -9.83108e-17)
(-0.373396 -0.435061 3.11461e-16)
(-0.330098 -0.397648 2.16759e-16)
(-0.290844 -0.361495 2.98548e-16)
(-0.255365 -0.326737 2.81718e-16)
(-0.223365 -0.293571 3.53971e-17)
(-0.194612 -0.262125 -3.05147e-16)
(-0.16877 -0.232746 -1.92115e-16)
(-0.145539 -0.205531 3.99546e-16)
(-0.124714 -0.180718 -3.01511e-17)
(-0.105962 -0.15832 3.98214e-16)
(-0.0891743 -0.138381 -2.4407e-16)
(-0.0742343 -0.120708 -4.25838e-16)
(-0.0610731 -0.10511 -1.12488e-15)
(-0.0496874 -0.0913968 -8.77369e-16)
(-0.0399768 -0.0795745 7.13228e-16)
(-0.0319218 -0.069419 -5.11015e-16)
(-0.025169 -0.0609161 2.03327e-16)
(-0.0215917 -0.0562564 -3.38849e-16)
(-0.0186349 -0.0513251 -2.69889e-16)
(-0.015573 -0.0465061 -6.43855e-16)
(-0.0126286 -0.0423775 -5.97291e-16)
(-0.00984324 -0.0383794 -1.00193e-15)
(-0.00726492 -0.03477 4.36182e-16)
(-0.00515919 -0.0318871 -2.82142e-16)
(-0.00297047 -0.0288115 7.1974e-16)
(-0.0019025 -0.0294821 2.4567e-16)
(0.000433666 -0.0285529 -5.27727e-17)
(-0.000973672 -0.0292946 1.42441e-16)
(0.000857905 -0.0141716 -2.79724e-16)
(-0.00847582 -0.0293099 -1.00125e-16)
(3.85373 -4.0139 -2.76929e-17)
(3.6535 -3.76951 3.07126e-17)
(2.91845 -3.26323 7.54107e-17)
(2.44879 -3.25324 4.98013e-18)
(2.07971 -3.23887 -3.3029e-17)
(1.84204 -3.20083 3.40545e-18)
(1.64934 -3.11034 -1.20402e-18)
(1.38378 -2.93785 2.3961e-17)
(1.10115 -2.66084 1.49788e-17)
(1.09083 -2.34138 2.58975e-17)
(1.28558 -2.13324 6.62003e-17)
(1.07615 -2.1056 -3.19666e-17)
(0.156053 -2.20218 4.34493e-17)
(-1.20158 -2.34974 2.79137e-17)
(-2.61194 -2.47658 -3.99027e-17)
(-3.82314 -2.54176 -1.03731e-17)
(-4.70186 -2.54436 -3.64526e-17)
(-5.20296 -2.50474 1.16381e-17)
(-5.33999 -2.44178 1.32804e-16)
(-5.15921 -2.36513 1.14295e-16)
(-4.7135 -2.2767 4.5328e-17)
(-4.05044 -2.17788 2.97208e-17)
(-3.21385 -2.07375 -1.8424e-16)
(-2.24226 -1.97318 1.51583e-16)
(-1.14912 -1.88435 -2.42392e-16)
(0.0884365 -1.81096 4.76024e-17)
(1.49243 -1.75131 -8.79873e-17)
(3.01889 -1.70192 -3.97266e-17)
(4.53639 -1.65778 -1.58302e-16)
(5.86802 -1.6128 7.6889e-17)
(6.85785 -1.5583 -1.5069e-16)
(7.41512 -1.48434 9.33383e-18)
(7.50376 -1.3832 2.48992e-16)
(7.09219 -1.25126 1.1673e-16)
(6.14881 -1.09367 2.90439e-16)
(4.69071 -0.927964 -1.76027e-16)
(2.87027 -0.779675 -2.99037e-16)
(1.041 -0.671522 -1.25621e-16)
(-0.355681 -0.617486 4.54327e-16)
(-1.08699 -0.594856 2.76082e-17)
(-1.26176 -0.580409 -2.75177e-16)
(-1.15533 -0.561515 -2.61251e-16)
(-0.983258 -0.536916 1.39746e-16)
(-0.838951 -0.50962 8.04578e-17)
(-0.734932 -0.482078 -1.90419e-16)
(-0.656322 -0.455044 -1.68867e-16)
(-0.589744 -0.42829 5.12917e-16)
(-0.529013 -0.401491 1.13565e-15)
(-0.47263 -0.374577 6.40172e-16)
(-0.420258 -0.347638 1.53136e-16)
(-0.37197 -0.320828 -1.46365e-16)
(-0.327513 -0.294258 1.95282e-16)
(-0.286922 -0.268121 -9.93894e-17)
(-0.24989 -0.242635 6.63781e-18)
(-0.216416 -0.218049 3.64599e-16)
(-0.186208 -0.194674 7.0496e-16)
(-0.159173 -0.172786 -1.16048e-15)
(-0.135046 -0.152638 1.04797e-16)
(-0.113635 -0.134414 -4.11067e-16)
(-0.0947521 -0.11819 1.04408e-15)
(-0.078194 -0.103856 4.30937e-17)
(-0.063883 -0.0912259 6.32237e-16)
(-0.0516937 -0.0801518 1.23479e-15)
(-0.0415475 -0.0706407 -5.43056e-16)
(-0.0332779 -0.0624249 5.50174e-16)
(-0.0265686 -0.0555144 -3.13067e-16)
(-0.0232132 -0.0518677 -4.11811e-16)
(-0.0205043 -0.0475737 -2.30152e-16)
(-0.0178053 -0.0431822 1.34559e-16)
(-0.0153246 -0.0393358 1.01638e-15)
(-0.0130055 -0.035575 1.05313e-15)
(-0.0108023 -0.032142 -4.2232e-17)
(-0.00895481 -0.0292335 -3.17829e-16)
(-0.00688441 -0.0261054 -5.58961e-17)
(-0.00559177 -0.0265546 -1.30503e-15)
(-0.00264016 -0.0262254 1.07503e-17)
(-0.00308726 -0.027251 -5.01837e-16)
(-0.000334788 -0.0134051 -1.21984e-16)
(-0.00905655 -0.0278454 1.40805e-16)
(3.69877 -3.78938 1.34573e-17)
(3.48932 -3.55162 1.04761e-17)
(2.79282 -3.07594 -1.58215e-17)
(2.36712 -3.03083 2.75164e-18)
(2.02231 -2.96427 3.6869e-17)
(1.78669 -2.85318 -1.6414e-17)
(1.61398 -2.67359 -1.89476e-17)
(1.4151 -2.43397 2.83718e-17)
(1.13991 -2.15341 -8.59545e-18)
(0.992145 -1.86937 1.14729e-17)
(1.15146 -1.69887 -2.26417e-17)
(1.26203 -1.72389 2.37249e-17)
(0.784353 -1.88915 4.74274e-17)
(-0.270362 -2.10347 1.8264e-17)
(-1.53643 -2.27573 2.53767e-17)
(-2.71692 -2.36438 2.23338e-19)
(-3.64183 -2.37874 -1.76755e-18)
(-4.23154 -2.34832 8.52376e-17)
(-4.4691 -2.29597 2.80125e-17)
(-4.37835 -2.23155 -5.56449e-17)
(-3.99985 -2.15636 1.67481e-17)
(-3.37206 -2.07079 -2.81451e-17)
(-2.53494 -1.97882 1.38312e-16)
(-1.54478 -1.88772 -3.37315e-16)
(-0.461578 -1.80158 -1.93659e-17)
(0.68763 -1.71741 -6.77702e-17)
(1.90149 -1.62815 -6.7075e-17)
(3.15163 -1.53026 -1.77765e-16)
(4.34702 -1.42442 -6.7938e-17)
(5.35823 -1.31398 -1.19261e-16)
(6.06864 -1.20056 9.23276e-17)
(6.40939 -1.08289 2.23109e-16)
(6.35362 -0.958509 -1.22243e-16)
(5.88374 -0.826336 -5.39645e-17)
(4.99298 -0.690762 -3.27078e-16)
(3.71603 -0.562918 2.14022e-16)
(2.19109 -0.458008 7.16694e-17)
(0.691329 -0.391346 4.37032e-16)
(-0.455342 -0.363754 -3.83964e-16)
(-1.07008 -0.36105 1.04151e-16)
(-1.23222 -0.364366 4.64427e-18)
(-1.15183 -0.363077 2.06609e-16)
(-1.00397 -0.355578 2.26069e-16)
(-0.871332 -0.344218 -2.14565e-16)
(-0.770234 -0.331357 -1.50257e-18)
(-0.691202 -0.317949 4.89352e-16)
(-0.623385 -0.304007 5.10056e-17)
(-0.561147 -0.289279 -2.3467e-16)
(-0.502786 -0.27372 2.23249e-16)
(-0.448038 -0.257393 7.54828e-17)
(-0.396932 -0.240476 2.63177e-16)
(-0.349471 -0.223097 -5.49339e-16)
(-0.305689 -0.205473 -2.30641e-17)
(-0.265545 -0.187817 2.33084e-17)
(-0.229027 -0.170412 3.43616e-16)
(-0.196054 -0.153541 -2.39162e-16)
(-0.166563 -0.137534 3.26138e-16)
(-0.14041 -0.122667 2.19743e-16)
(-0.117424 -0.109157 -2.49971e-16)
(-0.0973764 -0.097114 1.98935e-16)
(-0.0800592 -0.0864655 -7.04041e-17)
(-0.065281 -0.0771056 1.02693e-15)
(-0.0529149 -0.068893 -7.05853e-19)
(-0.0427285 -0.061839 -5.37601e-16)
(-0.034569 -0.0556989 7.96969e-16)
(-0.0280866 -0.0504986 -7.75934e-19)
(-0.0250128 -0.0479698 -3.87945e-16)
(-0.0225597 -0.0444214 2.2579e-16)
(-0.0201854 -0.0405032 -5.81127e-17)
(-0.0181271 -0.0369296 4.92204e-16)
(-0.0162438 -0.0333531 2.1473e-17)
(-0.0144124 -0.0300244 -3.75788e-17)
(-0.0128377 -0.0269674 2.92817e-16)
(-0.010931 -0.0236244 -7.00236e-18)
(-0.00951993 -0.0236376 -5.1534e-17)
(-0.00612163 -0.0236717 -9.52451e-17)
(-0.00566835 -0.0249063 -3.0447e-16)
(-0.00188878 -0.012437 2.29287e-16)
(-0.00977784 -0.0264219 -2.72266e-16)
(3.4742 -3.50536 -1.23621e-17)
(3.24731 -3.34595 -7.17342e-18)
(2.58604 -2.9401 1.62318e-17)
(2.20305 -2.86001 2.55178e-17)
(1.89887 -2.72507 -2.83763e-17)
(1.69067 -2.53653 2.17761e-17)
(1.54541 -2.29371 -1.0593e-17)
(1.4135 -2.02794 -4.90134e-17)
(1.20274 -1.78543 1.34e-17)
(0.964595 -1.59931 -1.31407e-17)
(0.945525 -1.50351 -2.63272e-19)
(1.16364 -1.54949 -8.37934e-18)
(1.1427 -1.72773 -3.83465e-17)
(0.538951 -1.94925 4.42926e-17)
(-0.472722 -2.12061 8.94869e-17)
(-1.56958 -2.20176 2.43561e-17)
(-2.53017 -2.20954 -8.75462e-18)
(-3.23262 -2.1787 -4.0814e-18)
(-3.62135 -2.13022 -3.09599e-17)
(-3.68724 -2.06858 -1.79797e-17)
(-3.44969 -1.99193 -7.43018e-17)
(-2.93332 -1.90068 4.75123e-17)
(-2.16207 -1.80168 -2.86683e-17)
(-1.18644 -1.7068 2.01466e-16)
(-0.106225 -1.62523 2.07711e-16)
(0.982991 -1.55419 7.54239e-17)
(2.04471 -1.48051 3.34208e-17)
(3.07101 -1.39097 4.07493e-17)
(4.01279 -1.28018 3.83419e-19)
(4.77609 -1.15159 8.29058e-17)
(5.2729 -1.01181 -1.78635e-18)
(5.4563 -0.866459 -1.70039e-16)
(5.31885 -0.72054 -4.37986e-17)
(4.86099 -0.578779 -1.56488e-18)
(4.08415 -0.447582 4.90091e-16)
(3.0112 -0.335204 -3.17043e-17)
(1.74626 -0.250463 4.17457e-17)
(0.504584 -0.200738 -1.22132e-16)
(-0.452803 -0.184665 -2.08617e-16)
(-0.983646 -0.18972 -6.81131e-17)
(-1.14142 -0.200448 -4.15531e-17)
(-1.08824 -0.207476 1.19952e-16)
(-0.966883 -0.208843 -3.15926e-16)
(-0.850331 -0.206322 -1.03323e-17)
(-0.757282 -0.202057 6.92526e-17)
(-0.682562 -0.197088 -3.12895e-16)
(-0.617763 -0.19162 -2.43549e-16)
(-0.557881 -0.185411 -2.98897e-17)
(-0.501316 -0.178411 -8.43555e-16)
(-0.44774 -0.170561 4.3777e-16)
(-0.397274 -0.161962 9.08164e-17)
(-0.350037 -0.15265 -2.12589e-17)
(-0.306161 -0.142792 -5.80976e-19)
(-0.265745 -0.132524 8.13439e-17)
(-0.228869 -0.122081 -1.08503e-15)
(-0.19554 -0.111697 -5.79458e-19)
(-0.165749 -0.101678 1.06327e-16)
(-0.139434 -0.0922661 -1.51202e-16)
(-0.116484 -0.0836748 3.03641e-16)
(-0.0966558 -0.0759887 -1.61662e-15)
(-0.0797236 -0.0691831 5.03827e-16)
(-0.0654417 -0.0631751 2.94786e-16)
(-0.0535946 -0.0578501 -1.50501e-15)
(-0.0439307 -0.0532861 6.19339e-16)
(-0.0362798 -0.0492567 -5.01288e-16)
(-0.0302288 -0.0457794 1.12789e-16)
(-0.0275 -0.0444038 -2.78659e-16)
(-0.0252494 -0.0416546 3.01604e-16)
(-0.0231304 -0.038273 1.98681e-16)
(-0.0213697 -0.0350045 -2.73362e-16)
(-0.0197748 -0.0315855 -4.17673e-16)
(-0.0182305 -0.0282933 -2.0669e-17)
(-0.0168449 -0.0250352 -5.21382e-16)
(-0.0151004 -0.0213507 -9.92247e-17)
(-0.0136118 -0.0207547 9.71887e-16)
(-0.00990195 -0.0209008 -2.56675e-16)
(-0.00863109 -0.0222413 6.95839e-16)
(-0.00378474 -0.0111457 -6.19257e-16)
(-0.0106445 -0.0248695 1.9695e-16)
(3.05816 -2.85968 8.24176e-18)
(2.81374 -2.73314 -1.40828e-18)
(2.21026 -2.39954 -1.55662e-18)
(1.87306 -2.34112 7.48536e-18)
(1.60663 -2.22409 3.03584e-17)
(1.42862 -2.05099 -1.32105e-17)
(1.31489 -1.83547 -5.30341e-18)
(1.24296 -1.61788 3.4816e-17)
(1.13631 -1.45177 -5.46728e-18)
(0.94152 -1.36999 -5.65966e-18)
(0.781369 -1.36661 -8.27125e-18)
(0.852985 -1.43293 2.58909e-18)
(1.06061 -1.56443 1.51338e-17)
(0.977752 -1.72178 -7.96995e-18)
(0.407242 -1.8425 -3.63114e-17)
(-0.456254 -1.89044 -4.87121e-17)
(-1.35411 -1.88652 1.72688e-18)
(-2.11991 -1.86689 -3.15404e-18)
(-2.65856 -1.84527 1.28524e-17)
(-2.92119 -1.81151 -3.30045e-17)
(-2.89366 -1.7519 -4.24065e-17)
(-2.57733 -1.66158 -3.97035e-17)
(-1.9736 -1.54883 2.17342e-17)
(-1.09147 -1.43022 1.66626e-17)
(-0.0158322 -1.32352 -1.64406e-16)
(1.07731 -1.23724 -8.75912e-17)
(2.04909 -1.16755 -3.53634e-18)
(2.88433 -1.10112 -2.17258e-17)
(3.60268 -1.02389 -4.2661e-17)
(4.17007 -0.929441 -7.36642e-17)
(4.52017 -0.819278 9.97573e-17)
(4.61072 -0.698571 1.85281e-16)
(4.4397 -0.573589 1.52552e-16)
(4.0172 -0.450855 4.98757e-17)
(3.3495 -0.337382 -4.38258e-16)
(2.45238 -0.240574 -1.17335e-16)
(1.40614 -0.167576 8.14563e-17)
(0.38446 -0.123279 7.00123e-18)
(-0.408233 -0.106187 2.5361e-17)
(-0.85825 -0.106613 6.08826e-17)
(-1.00448 -0.11257 2.49037e-17)
(-0.972018 -0.116432 -5.63236e-16)
(-0.875682 -0.11658 -2.69175e-17)
(-0.777871 -0.114344 2.69995e-16)
(-0.697235 -0.111552 -1.27923e-16)
(-0.631477 -0.109087 -2.51414e-16)
(-0.574172 -0.107073 7.72706e-16)
(-0.520943 -0.105129 1.43536e-16)
(-0.470248 -0.103011 -3.7398e-17)
(-0.42174 -0.100452 -5.3584e-16)
(-0.375619 -0.0974308 -1.5629e-16)
(-0.332099 -0.0938375 -1.26956e-16)
(-0.291426 -0.0897102 3.86798e-16)
(-0.253707 -0.0850698 -3.73759e-18)
(-0.219067 -0.0800742 -8.87761e-16)
(-0.187658 -0.0748958 3.95736e-16)
(-0.159534 -0.0697811 -9.54548e-17)
(-0.134704 -0.0649376 -4.04997e-16)
(-0.113044 -0.0604948 4.02984e-16)
(-0.0944135 -0.0565333 3.5158e-16)
(-0.0785676 -0.0530126 4.95195e-16)
(-0.0652825 -0.049867 -1.42985e-16)
(-0.0542949 -0.0470292 3.64484e-16)
(-0.0453761 -0.0446089 -5.55585e-16)
(-0.0382977 -0.0424159 4.16731e-17)
(-0.0326811 -0.0404751 -1.97372e-16)
(-0.0302606 -0.0402054 6.34587e-16)
(-0.0280757 -0.038289 2.4436e-17)
(-0.0260362 -0.0355667 5.41441e-18)
(-0.0243457 -0.032735 -4.69795e-16)
(-0.022868 -0.029647 1.46949e-16)
(-0.0214257 -0.0265752 1.10765e-16)
(-0.0200969 -0.0232634 5.6e-16)
(-0.0184531 -0.0194208 1.28326e-16)
(-0.0169921 -0.0182287 -1.03026e-15)
(-0.0132776 -0.0182463 -2.73603e-16)
(-0.0115163 -0.0193404 -1.17614e-16)
(-0.00578885 -0.00952911 1.98616e-16)
(-0.0116882 -0.0230586 2.85446e-16)
(2.41774 -2.38785 5.91533e-18)
(2.21914 -2.30984 4.28338e-18)
(1.71092 -1.99384 -1.10417e-17)
(1.45423 -1.89454 -5.31813e-18)
(1.23526 -1.74701 7.00498e-18)
(1.07744 -1.57489 2.80195e-17)
(0.968886 -1.39781 1.34705e-17)
(0.907957 -1.24235 -2.41194e-17)
(0.866942 -1.13897 1.40214e-17)
(0.79184 -1.10458 2.43847e-17)
(0.672702 -1.12998 -7.16275e-18)
(0.599068 -1.18318 -9.69694e-19)
(0.658355 -1.23356 -1.56815e-17)
(0.772625 -1.26836 1.07294e-17)
(0.72075 -1.28563 -3.30524e-18)
(0.377512 -1.27615 -5.53175e-17)
(-0.174744 -1.24779 -6.4659e-17)
(-0.78292 -1.23021 5.50666e-18)
(-1.32973 -1.23912 -1.01605e-17)
(-1.73447 -1.25829 -1.54632e-17)
(-1.94442 -1.25809 -4.60361e-18)
(-1.92643 -1.21698 -2.86885e-17)
(-1.66023 -1.13183 -3.24278e-17)
(-1.13152 -1.01432 -8.07282e-17)
(-0.355425 -0.884965 -3.72714e-17)
(0.571084 -0.763155 -2.98158e-18)
(1.46062 -0.662764 -2.6803e-17)
(2.16832 -0.587379 1.07731e-17)
(2.68346 -0.530316 -2.66281e-17)
(3.04005 -0.480014 4.93693e-17)
(3.24579 -0.428199 6.67141e-17)
(3.28271 -0.371912 1.10529e-16)
(3.14421 -0.312243 -6.37833e-17)
(2.83424 -0.252296 -1.78715e-17)
(2.36366 -0.196196 -1.12713e-18)
(1.74776 -0.148421 7.47779e-18)
(1.03772 -0.112647 -3.54048e-17)
(0.342148 -0.0905384 -1.142e-16)
(-0.206109 -0.0804983 1.3129e-16)
(-0.528029 -0.0774718 -1.38919e-16)
(-0.642836 -0.0754268 -3.1202e-16)
(-0.630135 -0.0710172 -2.27228e-16)
(-0.568368 -0.0642537 -1.3023e-16)
(-0.502644 -0.056576 1.52893e-16)
(-0.448461 -0.0496625 -1.93529e-16)
(-0.405454 -0.0441977 3.80728e-16)
(-0.369304 -0.0403598 5.81961e-16)
(-0.336531 -0.0378122 -1.42572e-16)
(-0.305655 -0.0362371 1.83006e-16)
(-0.276114 -0.0353126 1.61978e-16)
(-0.248015 -0.0348286 2.53682e-16)
(-0.22135 -0.0345157 2.90436e-16)
(-0.196265 -0.0342891 -3.34255e-17)
(-0.172845 -0.0340153 1.13702e-16)
(-0.151229 -0.0336653 3.51106e-16)
(-0.131478 -0.0332575 -7.34661e-17)
(-0.11366 -0.0328592 -1.01719e-16)
(-0.097802 -0.0325327 4.72089e-16)
(-0.0838684 -0.0322722 1.50025e-17)
(-0.0717835 -0.0320769 3.22841e-16)
(-0.0614101 -0.0318703 -8.02556e-16)
(-0.0526267 -0.0316063 -2.55532e-16)
(-0.0452598 -0.0312499 -6.21158e-17)
(-0.0391702 -0.0309185 -3.9388e-16)
(-0.03419 -0.0305021 1.68749e-16)
(-0.0300785 -0.0300678 9.87528e-17)
(-0.0285631 -0.0309468 2.57737e-18)
(-0.0266692 -0.030045 -2.34492e-16)
(-0.0248351 -0.0283266 -1.24325e-16)
(-0.0232607 -0.0263922 1.13253e-16)
(-0.0219136 -0.0241767 -7.22892e-17)
(-0.0206011 -0.0218449 -5.2238e-17)
(-0.0194933 -0.0191365 5.96455e-16)
(-0.0182509 -0.0156837 7.21315e-17)
(-0.0173653 -0.0140051 3.57789e-16)
(-0.0145871 -0.0137487 4.31328e-16)
(-0.0130822 -0.0148267 6.34215e-17)
(-0.0073772 -0.00699005 2.71055e-16)
(-0.0125907 -0.0204974 6.77352e-17)
(1.85584 -1.72868 4.20954e-18)
(1.68856 -1.69607 3.84366e-18)
(1.30743 -1.48365 3.12824e-18)
(1.12617 -1.41324 4.19164e-18)
(0.960523 -1.30713 -1.46793e-17)
(0.828804 -1.18694 -2.92086e-17)
(0.726329 -1.06927 -1.95698e-17)
(0.661331 -0.972141 8.42816e-18)
(0.636415 -0.914403 -1.21387e-17)
(0.629049 -0.903705 -3.09203e-17)
(0.598009 -0.933318 1.67501e-17)
(0.533163 -0.976297 -3.78759e-18)
(0.494581 -1.00121 -1.67507e-17)
(0.548787 -0.983126 -1.6728e-17)
(0.66395 -0.921838 -2.05971e-18)
(0.719543 -0.840552 3.62566e-18)
(0.605931 -0.76473 1.56344e-17)
(0.315454 -0.717876 -2.25121e-17)
(-0.0746813 -0.720958 -1.03319e-17)
(-0.482282 -0.768362 3.0469e-17)
(-0.840279 -0.82755 2.31508e-17)
(-1.09038 -0.859587 5.29339e-17)
(-1.18293 -0.841937 7.81718e-17)
(-1.07122 -0.772534 9.37947e-17)
(-0.712886 -0.66498 4.54273e-17)
(-0.0969193 -0.538892 -2.97659e-17)
(0.695765 -0.413343 7.78652e-18)
(1.46748 -0.304896 1.30323e-17)
(2.04605 -0.224061 1.0149e-16)
(2.39214 -0.169607 9.09911e-17)
(2.54732 -0.13248 -1.79605e-17)
(2.55431 -0.102778 -1.89739e-16)
(2.44135 -0.0745402 6.02041e-17)
(2.21616 -0.0466913 3.99513e-17)
(1.88138 -0.022045 5.18758e-17)
(1.43757 -0.00446829 -1.87597e-17)
(0.908094 0.00384034 4.9867e-17)
(0.361917 0.00408219 2.00939e-17)
(-0.0984077 -0.000381955 -6.9867e-17)
(-0.395197 -0.00518015 -6.31761e-18)
(-0.523024 -0.00714084 -2.17326e-16)
(-0.53329 -0.0050405 1.34091e-16)
(-0.488784 0.000267685 -6.69469e-17)
(-0.431805 0.00703914 -2.76916e-16)
(-0.38116 0.013483 -1.04404e-16)
(-0.34019 0.0187465 -2.2957e-18)
(-0.306788 0.0222996 -3.44014e-16)
(-0.277969 0.0241699 -1.93744e-16)
(-0.252049 0.0243992 -9.63455e-17)
(-0.228078 0.0233224 2.8358e-16)
(-0.2058 0.0211475 5.46256e-16)
(-0.184933 0.0181694 1.0256e-17)
(-0.165536 0.0145735 -2.12147e-16)
(-0.147517 0.0106463 1.23574e-16)
(-0.130967 0.00647057 2.02699e-16)
(-0.115867 0.00222872 -2.54299e-16)
(-0.102295 -0.00205612 3.78546e-16)
(-0.0902233 -0.00627989 2.25819e-16)
(-0.0796433 -0.0103398 4.39611e-17)
(-0.0704537 -0.0140972 5.03794e-16)
(-0.0625432 -0.0174321 1.73305e-16)
(-0.0557739 -0.0202689 -3.734e-16)
(-0.0499969 -0.022576 3.44098e-16)
(-0.045086 -0.0244928 2.19034e-16)
(-0.0408817 -0.0259156 -3.02153e-16)
(-0.0371979 -0.0269809 3.10766e-17)
(-0.0357155 -0.0287255 -9.43036e-17)
(-0.0335104 -0.0284531 -2.09578e-16)
(-0.0312762 -0.0271701 -8.58993e-17)
(-0.029209 -0.0254858 3.60328e-17)
(-0.0272344 -0.0233699 1.13552e-16)
(-0.0253294 -0.0210073 -1.11762e-16)
(-0.023613 -0.0179938 -4.58903e-16)
(-0.0218961 -0.0139351 -1.20179e-16)
(-0.0206229 -0.0112038 1.96542e-16)
(-0.0175335 -0.0105221 -2.33686e-16)
(-0.015461 -0.0113327 -3.26051e-16)
(-0.009152 -0.00448929 -1.91779e-16)
(-0.0134802 -0.0178297 -2.68125e-16)
(1.44335 -1.22742 1.82984e-18)
(1.30208 -1.12398 -1.21092e-17)
(1.02428 -0.919695 1.71972e-18)
(0.909491 -0.827275 6.68706e-18)
(0.797296 -0.732368 1.19887e-17)
(0.699406 -0.659692 1.56972e-17)
(0.61462 -0.607837 1.44052e-17)
(0.549925 -0.573129 1.10269e-17)
(0.514243 -0.557334 9.58307e-18)
(0.508361 -0.558758 -1.11788e-18)
(0.516639 -0.574416 -2.82012e-17)
(0.512411 -0.593031 -3.87932e-18)
(0.490925 -0.601228 1.17538e-18)
(0.482897 -0.582483 2.78873e-17)
(0.526231 -0.530699 -3.21753e-18)
(0.613725 -0.45267 1.13103e-18)
(0.691137 -0.367908 4.42824e-17)
(0.688771 -0.302746 1.71383e-17)
(0.573311 -0.280422 -1.29477e-17)
(0.361623 -0.310577 -2.35259e-17)
(0.093375 -0.381238 -2.51545e-17)
(-0.190264 -0.459261 -1.54606e-18)
(-0.443037 -0.512157 -4.11796e-18)
(-0.607615 -0.522048 -1.35103e-17)
(-0.619003 -0.488447 -2.15108e-17)
(-0.413917 -0.42073 2.01195e-17)
(0.0347258 -0.331842 4.93956e-17)
(0.66889 -0.23454 -1.77711e-17)
(1.32272 -0.143189 -6.71905e-17)
(1.81688 -0.0705441 -8.85882e-17)
(2.08164 -0.0205697 -9.88382e-17)
(2.13227 0.0118323 4.96834e-17)
(2.0287 0.0352886 -5.19203e-17)
(1.82319 0.056627 -1.28785e-16)
(1.54563 0.0772542 -8.98762e-17)
(1.1973 0.0937318 9.90425e-17)
(0.780839 0.101331 5.34338e-17)
(0.334231 0.0982899 3.91266e-17)
(-0.0635906 0.087058 1.17023e-17)
(-0.338082 0.0728698 1.09286e-16)
(-0.469418 0.0600943 3.79438e-17)
(-0.491283 0.0512393 -6.20587e-17)
(-0.455999 0.0461583 -1.15172e-17)
(-0.403262 0.0435802 -1.98206e-16)
(-0.353256 0.0420956 -3.80856e-17)
(-0.31146 0.040894 -7.07858e-17)
(-0.277253 0.0394245 -7.0344e-17)
(-0.248359 0.0375688 -1.64626e-16)
(-0.223289 0.0351798 -5.31291e-17)
(-0.201003 0.0323963 -1.34851e-16)
(-0.181095 0.0291713 -4.08081e-16)
(-0.163124 0.025645 -1.04781e-16)
(-0.146963 0.0218198 8.90436e-17)
(-0.13232 0.017842 -2.71464e-16)
(-0.119149 0.0136735 -3.41575e-17)
(-0.107288 0.00943747 -1.11318e-16)
(-0.0967544 0.00510447 2.52618e-16)
(-0.0874176 0.000793277 -1.50602e-16)
(-0.0792557 -0.00341077 -2.56716e-16)
(-0.0721004 -0.00735849 -1.83095e-16)
(-0.0658678 -0.0109378 2.0034e-16)
(-0.0603821 -0.0140615 3.16188e-16)
(-0.0555505 -0.0166987 2.383e-16)
(-0.0512402 -0.0189943 -2.71069e-17)
(-0.0473457 -0.0208135 -4.7433e-17)
(-0.0437189 -0.0222751 -4.44533e-17)
(-0.0421618 -0.0241528 -2.52874e-16)
(-0.03939 -0.0241486 1.71453e-16)
(-0.0365712 -0.0232774 -1.43165e-16)
(-0.0337466 -0.0220373 1.52796e-17)
(-0.0309521 -0.0204198 3.23475e-16)
(-0.0282472 -0.0185755 2.25244e-16)
(-0.0257213 -0.0159377 -2.18468e-16)
(-0.0233963 -0.0121454 2.43413e-16)
(-0.0215883 -0.00917878 -4.20922e-16)
(-0.0183431 -0.00833079 -3.63986e-16)
(-0.016245 -0.00855103 4.17714e-17)
(-0.010047 -0.0021479 2.01545e-16)
(-0.0139603 -0.0150379 -5.03228e-16)
(0.769968 -1.01759 5.33158e-18)
(0.780237 -1.06154 -9.05114e-18)
(0.628383 -0.945688 -4.75924e-18)
(0.571592 -0.842303 6.09065e-18)
(0.510746 -0.737886 4.4867e-18)
(0.454403 -0.651719 -5.42654e-18)
(0.404975 -0.586759 -1.76017e-17)
(0.368858 -0.540594 9.40508e-18)
(0.353165 -0.507878 7.08284e-18)
(0.359313 -0.483025 1.02298e-17)
(0.37775 -0.46082 1.27378e-17)
(0.391795 -0.436669 9.46997e-18)
(0.395557 -0.40444 -2.81399e-17)
(0.402298 -0.359376 3.30186e-19)
(0.4348 -0.303126 1.01319e-17)
(0.498885 -0.241247 -1.38958e-17)
(0.571509 -0.18637 7.63459e-18)
(0.612958 -0.151968 4.37714e-18)
(0.59262 -0.150003 -2.49691e-17)
(0.505214 -0.184292 2.50939e-17)
(0.361816 -0.243694 -5.03844e-18)
(0.174267 -0.30641 -1.8353e-17)
(-0.0340779 -0.350749 -7.98127e-18)
(-0.21676 -0.365569 2.7243e-17)
(-0.304542 -0.350807 3.42219e-17)
(-0.22507 -0.311087 -3.66945e-17)
(0.0664452 -0.252642 -1.13139e-17)
(0.540831 -0.182121 -2.93083e-17)
(1.07461 -0.109043 -4.93774e-17)
(1.50207 -0.0453241 2.90157e-17)
(1.72945 0.00290303 1.67634e-17)
(1.74327 0.0368354 -3.62783e-17)
(1.58999 0.0621791 4.93562e-17)
(1.33351 0.0843301 2.31096e-17)
(1.01998 0.104957 -4.7279e-17)
(0.667091 0.120587 1.88237e-18)
(0.295 0.127378 -3.43036e-17)
(-0.0470898 0.124205 -3.26676e-17)
(-0.300001 0.114482 -6.58088e-17)
(-0.435396 0.102507 1.9684e-17)
(-0.471799 0.0918358 6.19826e-17)
(-0.449303 0.0832198 -2.95789e-17)
(-0.404427 0.0763547 1.12216e-16)
(-0.357609 0.0701507 1.82942e-16)
(-0.316761 0.0640487 4.27935e-17)
(-0.282411 0.0577117 7.47911e-17)
(-0.253331 0.0513406 1.67549e-17)
(-0.227967 0.0450156 2.74816e-17)
(-0.205578 0.0390632 -1.58755e-16)
(-0.185599 0.0334711 -1.36817e-16)
(-0.16781 0.0283599 -1.38756e-16)
(-0.151942 0.0236058 1.27386e-16)
(-0.137807 0.0192473 -1.76978e-17)
(-0.125191 0.0150911 4.39478e-17)
(-0.113946 0.011139 3.26567e-19)
(-0.103951 0.00725024 -2.54968e-16)
(-0.0950742 0.0034896 -4.1404e-16)
(-0.0872507 -0.000133435 6.13942e-17)
(-0.0803074 -0.00349604 1.53197e-16)
(-0.0741628 -0.00655677 4.17467e-17)
(-0.0686165 -0.00923417 2.23548e-16)
(-0.0636079 -0.0115452 -2.53834e-16)
(-0.0589586 -0.0136242 2.51991e-17)
(-0.0546249 -0.0153421 1.06725e-16)
(-0.0504414 -0.0167462 4.5552e-17)
(-0.0483458 -0.0183638 2.10291e-17)
(-0.0447789 -0.0184401 8.43527e-17)
(-0.0411859 -0.0178944 1.64902e-16)
(-0.0374621 -0.0171358 1.3924e-16)
(-0.0337844 -0.0161529 -6.2478e-17)
(-0.030143 -0.0150438 -2.98658e-16)
(-0.0267704 -0.0131296 1.10496e-16)
(-0.0237109 -0.00998621 -5.63331e-17)
(-0.0213361 -0.00710687 2.07826e-16)
(-0.0179871 -0.00628185 3.70043e-16)
(-0.0159815 -0.00593825 5.49509e-16)
(-0.0101359 0.000155272 -2.36372e-16)
(-0.0140803 -0.0121635 9.31137e-16)
(0.523424 -0.624534 -7.59048e-18)
(0.535779 -0.502298 1.00558e-17)
(0.456979 -0.274456 4.41322e-18)
(0.438494 -0.182891 -1.38339e-17)
(0.41398 -0.120139 -1.22577e-17)
(0.387663 -0.0938544 -5.24576e-18)
(0.360344 -0.0918588 9.90867e-18)
(0.334734 -0.100696 9.41039e-19)
(0.315943 -0.106575 -1.56861e-17)
(0.308852 -0.104613 -6.05918e-18)
(0.315787 -0.0941273 6.42062e-18)
(0.331532 -0.0787911 -2.42639e-18)
(0.347264 -0.0609163 9.61757e-18)
(0.357021 -0.042557 -4.51893e-18)
(0.36582 -0.0248426 -4.8842e-18)
(0.384623 -0.00827932 -6.94381e-18)
(0.421487 0.00586718 6.66006e-18)
(0.469391 0.0143122 -1.11872e-17)
(0.514163 0.0129312 1.58538e-17)
(0.5384 -0.000894028 -1.05684e-17)
(0.539136 -0.0271592 -1.89923e-18)
(0.514934 -0.0633632 9.01655e-19)
(0.453082 -0.100496 5.3292e-18)
(0.340635 -0.130052 6.84258e-18)
(0.194195 -0.148401 -1.69561e-17)
(0.0682605 -0.154983 1.58292e-17)
(0.0378102 -0.149892 3.84101e-17)
(0.163864 -0.131649 3.28846e-17)
(0.449677 -0.100113 1.99236e-17)
(0.820524 -0.0588073 3.63015e-17)
(1.15285 -0.0159631 9.08836e-18)
(1.34716 0.0214745 4.89844e-17)
(1.36047 0.0505782 3.09153e-17)
(1.20578 0.0721943 2.45316e-17)
(0.93626 0.0887729 1.24727e-17)
(0.609248 0.101386 1.11475e-17)
(0.269713 0.109031 1.18525e-17)
(-0.0390283 0.110537 1.47257e-17)
(-0.273239 0.106971 3.42933e-17)
(-0.408047 0.100941 8.36131e-17)
(-0.454123 0.0949132 -4.40326e-17)
(-0.443486 0.0898944 2.87829e-17)
(-0.408318 0.0855182 3.9009e-18)
(-0.36806 0.0810087 -1.45621e-17)
(-0.331085 0.0757329 9.74887e-17)
(-0.298911 0.0695377 1.32627e-17)
(-0.271157 0.0625507 3.13951e-17)
(-0.246679 0.0551825 6.44738e-17)
(-0.224896 0.0478109 1.64859e-16)
(-0.205103 0.0407977 5.43605e-17)
(-0.187128 0.0343851 5.48144e-17)
(-0.170671 0.0286555 -4.49449e-17)
(-0.155735 0.0235795 1.26639e-16)
(-0.142139 0.019041 -1.28197e-17)
(-0.129849 0.0149098 1.5509e-16)
(-0.118678 0.0110745 1.26409e-16)
(-0.108604 0.00751923 2.28773e-16)
(-0.0994905 0.00422863 1.56026e-16)
(-0.0912846 0.00126454 1.01945e-16)
(-0.0838544 -0.00138434 3.67377e-17)
(-0.0770989 -0.00368109 -1.50775e-16)
(-0.0708984 -0.0056778 4.84149e-17)
(-0.0651496 -0.00751139 5.71966e-18)
(-0.0597524 -0.00910409 7.81371e-17)
(-0.0546229 -0.0103576 9.62553e-17)
(-0.0516932 -0.0115989 4.79561e-17)
(-0.0473556 -0.0117032 -1.29864e-17)
(-0.0429911 -0.011468 1.11139e-16)
(-0.0385308 -0.0112378 1.8858e-17)
(-0.0341251 -0.0109769 -1.47629e-16)
(-0.0298105 -0.0107417 -1.40527e-16)
(-0.0258023 -0.00975723 1.93075e-16)
(-0.0222005 -0.0075012 9.94525e-17)
(-0.0194514 -0.0050203 1.38927e-16)
(-0.0161663 -0.00441508 -6.61271e-17)
(-0.0144538 -0.00368172 -3.98652e-16)
(-0.00930003 0.00212894 -2.71833e-18)
(-0.0138008 -0.0094711 2.33214e-16)
(0.479385 -0.343167 1.5343e-18)
(0.510596 -0.280037 -5.52575e-18)
(0.473617 -0.120573 -9.76999e-18)
(0.47572 0.00632765 4.03353e-18)
(0.468531 0.0959191 2.19679e-18)
(0.456848 0.125628 2.0988e-18)
(0.440583 0.104132 1.76428e-18)
(0.420915 0.0509058 -1.61242e-17)
(0.400461 -0.00849318 3.06407e-18)
(0.382612 -0.0563596 7.29169e-18)
(0.371646 -0.0836768 -1.6666e-17)
(0.369673 -0.0914563 5.72365e-19)
(0.374942 -0.0858188 5.63979e-18)
(0.381955 -0.0747463 1.7091e-17)
(0.386141 -0.0648273 -4.86514e-18)
(0.387765 -0.0585262 -3.71299e-18)
(0.392622 -0.0559839 -1.04558e-18)
(0.406769 -0.0565463 1.01561e-17)
(0.43095 -0.0592577 2.33859e-18)
(0.458502 -0.0629302 2.97063e-19)
(0.483994 -0.0677747 -3.59931e-18)
(0.509987 -0.0745864 -1.0918e-17)
(0.538611 -0.0822127 -3.61037e-19)
(0.554173 -0.0883567 -1.06042e-17)
(0.526898 -0.0926152 -9.29345e-18)
(0.442401 -0.0958162 -1.32335e-17)
(0.327831 -0.0988895 -1.75818e-17)
(0.244839 -0.100017 -1.57505e-18)
(0.258012 -0.0948441 1.9007e-17)
(0.394393 -0.0794514 -7.84184e-18)
(0.620974 -0.0533254 1.4724e-17)
(0.853565 -0.021101 -2.82934e-17)
(1.00829 0.0107338 -1.88391e-17)
(1.02751 0.0374624 -4.2617e-18)
(0.8946 0.0558878 1.132e-17)
(0.639758 0.0654812 -1.60043e-17)
(0.324521 0.0675723 3.09466e-18)
(0.0169977 0.06446 2.0938e-18)
(-0.225541 0.0590625 3.99401e-17)
(-0.371885 0.0543112 -6.00157e-19)
(-0.427059 0.0520947 2.47692e-17)
(-0.421769 0.0524756 1.67892e-17)
(-0.390377 0.0541626 -4.57631e-17)
(-0.354745 0.0556931 1.18687e-17)
(-0.323058 0.0560459 -8.51715e-17)
(-0.295865 0.054967 1.1484e-18)
(-0.271821 0.0525806 3.73445e-18)
(-0.250036 0.0492154 5.12812e-17)
(-0.23029 0.045172 -8.4888e-18)
(-0.212331 0.0407972 9.03299e-17)
(-0.195882 0.036365 -1.57459e-17)
(-0.180553 0.0320891 3.45637e-17)
(-0.166189 0.0280682 4.75011e-17)
(-0.152674 0.0243227 3.81794e-19)
(-0.140022 0.0207798 3.88489e-17)
(-0.128193 0.0174083 -4.13077e-17)
(-0.117206 0.0141926 1.40751e-16)
(-0.106995 0.0111728 -5.22024e-17)
(-0.0975725 0.00841269 -6.22318e-17)
(-0.0888588 0.00592458 -8.22894e-17)
(-0.0808462 0.00372648 1.42086e-16)
(-0.0734294 0.00178535 -4.51224e-17)
(-0.0665698 -5.13637e-05 1.17872e-16)
(-0.0601435 -0.00172362 6.07719e-17)
(-0.0541489 -0.00299088 -3.34197e-17)
(-0.0504654 -0.0039812 -3.77559e-17)
(-0.045684 -0.00421047 -8.39869e-17)
(-0.0408541 -0.00436125 -8.86607e-17)
(-0.0360536 -0.00476599 -1.80022e-16)
(-0.0313497 -0.00529827 4.24983e-17)
(-0.0268269 -0.00601293 2.05331e-16)
(-0.022618 -0.00605768 2.117e-17)
(-0.0189064 -0.0048619 -5.68036e-17)
(-0.0161075 -0.00298409 -2.20221e-16)
(-0.0131431 -0.00284135 2.26019e-17)
(-0.0119114 -0.00193019 -2.1132e-16)
(-0.00774023 0.0035569 8.24664e-18)
(-0.0131688 -0.00724159 -6.65265e-16)
(0.569605 0.0303903 1.81925e-18)
(0.602731 0.109336 -6.53764e-19)
(0.577985 0.215348 6.82652e-19)
(0.5804 0.210594 1.79921e-18)
(0.573446 0.18494 1.23178e-18)
(0.564063 0.144613 1.03629e-18)
(0.549496 0.093761 -1.08434e-18)
(0.530603 0.0410054 1.77408e-18)
(0.508746 -0.00350492 3.14205e-18)
(0.485679 -0.0333224 -5.1741e-18)
(0.46407 -0.0459077 6.85427e-18)
(0.446733 -0.0434223 -2.4451e-19)
(0.43583 -0.0318697 -7.90361e-19)
(0.430716 -0.0181879 -5.22543e-18)
(0.428623 -0.00794745 -1.68938e-18)
(0.425755 -0.0040925 2.61274e-18)
(0.421175 -0.00730958 -3.55789e-18)
(0.416944 -0.0158354 -1.48779e-19)
(0.41685 -0.0269632 -3.07355e-18)
(0.421654 -0.0373957 2.14175e-18)
(0.429573 -0.0447376 1.15629e-18)
(0.440269 -0.0474601 8.16953e-19)
(0.460557 -0.0452275 -5.15947e-18)
(0.500258 -0.0385222 -1.99299e-18)
(0.554933 -0.0281817 -2.04692e-18)
(0.594997 -0.0173074 -4.71477e-19)
(0.585973 -0.0108387 -4.48685e-18)
(0.520387 -0.011834 -8.96724e-19)
(0.432878 -0.018729 -1.11616e-17)
(0.378531 -0.0259597 4.29688e-18)
(0.399261 -0.0269231 -7.67854e-18)
(0.493324 -0.0183026 9.03751e-18)
(0.619083 -0.00145237 -9.21881e-18)
(0.718084 0.0192966 1.21315e-17)
(0.734285 0.0383298 -1.17982e-17)
(0.62981 0.0497233 1.7033e-18)
(0.41125 0.0500501 -2.18864e-17)
(0.133882 0.0401534 1.28494e-17)
(-0.12657 0.0247108 -3.1552e-17)
(-0.310342 0.00981068 -2.04232e-17)
(-0.397045 0.000254186 1.31278e-17)
(-0.405048 -0.00244327 -4.33783e-18)
(-0.371387 0.000354156 6.31984e-17)
(-0.328407 0.00572154 -3.53473e-18)
(-0.292495 0.0111193 6.46012e-19)
(-0.266231 0.0153488 1.6187e-19)
(-0.245991 0.0182398 -2.64535e-17)
(-0.228226 0.0202078 -2.90489e-17)
(-0.211424 0.0216432 2.65447e-17)
(-0.195623 0.0227078 -2.30513e-18)
(-0.181079 0.0233752 3.65447e-17)
(-0.167794 0.0236343 2.87606e-18)
(-0.155418 0.023487 -7.81005e-17)
(-0.143673 0.0229253 2.29737e-17)
(-0.132363 0.0219787 -2.30871e-17)
(-0.121487 0.0206548 1.96317e-17)
(-0.111039 0.0190054 -7.11921e-17)
(-0.101087 0.0171387 -1.23477e-16)
(-0.0916363 0.0151729 -1.05412e-16)
(-0.0827451 0.0132033 3.19404e-17)
(-0.0744123 0.0112914 -4.64415e-17)
(-0.0666638 0.00947078 2.55626e-17)
(-0.0594623 0.00762848 2.36062e-17)
(-0.0527793 0.00582174 -8.50285e-17)
(-0.0465992 0.00442475 -7.14554e-17)
(-0.0426984 0.0034953 6.8219e-17)
(-0.0381985 0.0030422 1.27828e-17)
(-0.0336155 0.00241203 -6.59947e-17)
(-0.0291857 0.00132651 8.73596e-17)
(-0.0249459 -6.87512e-06 1.68195e-17)
(-0.0209312 -0.00163052 1.06944e-17)
(-0.0172343 -0.00267574 -1.28907e-16)
(-0.0139979 -0.00253773 -1.0604e-16)
(-0.0116408 -0.0013745 1.91502e-16)
(-0.00927883 -0.00179707 2.83566e-17)
(-0.00879243 -0.000909593 1.39949e-16)
(-0.00570811 0.00413902 5.2162e-18)
(-0.0123832 -0.00579638 2.26107e-16)
(0.780565 -0.0365259 1.15624e-18)
(0.81778 0.00548809 1.1529e-18)
(0.762287 0.044382 1.29849e-18)
(0.74335 0.0533145 -6.98477e-19)
(0.718249 0.0424009 -6.23424e-19)
(0.695342 0.00619246 2.49513e-19)
(0.669211 -0.0453778 -9.73668e-19)
(0.640716 -0.100095 1.64948e-18)
(0.610283 -0.145428 -6.39248e-19)
(0.579168 -0.17488 1.97615e-18)
(0.548265 -0.185717 2.27474e-19)
(0.519414 -0.180341 -5.65979e-19)
(0.494235 -0.164505 -1.36369e-18)
(0.474733 -0.145553 -4.13535e-19)
(0.460741 -0.128421 3.60995e-18)
(0.450696 -0.116838 3.48321e-19)
(0.441526 -0.111883 -5.65797e-19)
(0.431823 -0.1128 -9.96249e-20)
(0.422004 -0.116982 1.93636e-18)
(0.414197 -0.121661 4.16702e-18)
(0.40866 -0.123919 1.7852e-18)
(0.404304 -0.121691 -1.65526e-18)
(0.401372 -0.113601 -2.53924e-18)
(0.409043 -0.100372 1.07194e-18)
(0.435961 -0.0831644 5.70485e-18)
(0.484941 -0.0635708 1.52781e-18)
(0.540553 -0.0447175 3.51801e-18)
(0.570456 -0.0310178 -2.22821e-18)
(0.550069 -0.0255836 5.80103e-18)
(0.484673 -0.0279211 -1.89974e-18)
(0.4098 -0.0334213 1.32776e-18)
(0.367596 -0.0363339 -8.25709e-19)
(0.377766 -0.0328676 3.08498e-18)
(0.427194 -0.0228569 -4.05313e-18)
(0.480989 -0.00858726 5.43993e-18)
(0.493839 0.00599627 6.91121e-18)
(0.421633 0.0155653 1.65573e-17)
(0.255832 0.0156027 -1.94848e-18)
(0.0377236 0.00566453 1.09985e-18)
(-0.167563 -0.0105034 -1.77929e-18)
(-0.308534 -0.0268313 -2.81678e-17)
(-0.368096 -0.0381512 5.53774e-18)
(-0.361683 -0.0420635 -1.37075e-17)
(-0.320539 -0.0396798 -1.85511e-17)
(-0.273027 -0.0337441 5.1356e-18)
(-0.234612 -0.0270299 -4.43175e-18)
(-0.208115 -0.0210766 1.15445e-17)
(-0.189768 -0.0160622 -2.00559e-17)
(-0.174982 -0.0114402 -3.1112e-17)
(-0.161238 -0.00672858 -4.72221e-17)
(-0.147993 -0.00184169 -1.02128e-17)
(-0.135606 0.00301502 -3.0371e-17)
(-0.124291 0.0075354 3.23771e-17)
(-0.113984 0.011443 3.84412e-17)
(-0.104372 0.014538 -4.62738e-17)
(-0.0952552 0.0167274 1.18356e-17)
(-0.0864994 0.0180381 -2.80336e-17)
(-0.0781255 0.0185361 2.82555e-17)
(-0.0701356 0.0183692 6.82376e-18)
(-0.062602 0.0176762 2.6081e-17)
(-0.0555261 0.0166047 -1.89074e-17)
(-0.0489532 0.0152727 -4.72278e-17)
(-0.0428622 0.0136761 -6.95628e-17)
(-0.0372551 0.011892 7.92318e-17)
(-0.0321024 0.010412 3.87254e-17)
(-0.028951 0.00939399 -1.74595e-17)
(-0.0256413 0.00867801 4.99805e-17)
(-0.0221064 0.00758515 4.17023e-18)
(-0.0188616 0.00592899 1.73815e-17)
(-0.0158555 0.00398103 -2.38138e-17)
(-0.013071 0.00169977 8.65562e-17)
(-0.0105056 -8.28572e-05 -7.11172e-18)
(-0.00829123 -0.000764458 1.33305e-16)
(-0.00674298 -0.000119161 6.36488e-17)
(-0.00533231 -0.00111379 -2.67268e-17)
(-0.00558163 -0.000387345 -1.51256e-17)
(-0.00385996 0.00414975 2.44059e-17)
(-0.0117583 -0.0047539 -2.2584e-16)
(0.933878 -0.108307 6.77618e-20)
(0.944583 -0.185336 3.9919e-19)
(0.832635 -0.254107 9.3935e-20)
(0.784025 -0.342437 -2.7223e-19)
(0.736652 -0.423175 -2.37432e-20)
(0.698183 -0.474129 -6.39013e-19)
(0.659853 -0.495397 -1.65269e-19)
(0.622111 -0.492291 2.04127e-19)
(0.584741 -0.469421 6.21951e-19)
(0.548988 -0.433663 -3.44474e-19)
(0.514877 -0.390045 -1.49373e-19)
(0.483406 -0.344329 5.96868e-19)
(0.454866 -0.300931 9.46158e-19)
(0.430718 -0.263991 4.21653e-19)
(0.411657 -0.23534 -5.54702e-19)
(0.398135 -0.215636 5.05756e-19)
(0.388555 -0.203602 3.43267e-19)
(0.381054 -0.197482 -1.49514e-19)
(0.373577 -0.194401 7.16854e-19)
(0.366453 -0.191791 -6.16893e-20)
(0.36037 -0.187259 -1.00964e-18)
(0.355397 -0.179117 -6.66415e-19)
(0.350089 -0.166379 7.12452e-19)
(0.345142 -0.149203 1.39723e-18)
(0.345556 -0.128034 -1.93033e-19)
(0.360515 -0.104412 -3.71924e-19)
(0.396772 -0.0799749 -1.695e-18)
(0.452529 -0.0564969 5.21359e-19)
(0.511881 -0.0364774 -1.28079e-18)
(0.548783 -0.0228526 9.71139e-19)
(0.541418 -0.0166289 1.24139e-18)
(0.491069 -0.0160366 -1.91921e-18)
(0.420921 -0.0171307 4.44193e-19)
(0.35758 -0.0165665 -1.75681e-18)
(0.311416 -0.0134234 -4.97116e-18)
(0.276926 -0.00863527 -3.83376e-18)
(0.235933 -0.00401549 2.39197e-18)
(0.1631 -0.00287662 -9.38498e-20)
(0.0482522 -0.00813713 4.83165e-18)
(-0.0886484 -0.0195688 3.3976e-18)
(-0.212626 -0.0336626 -6.31984e-19)
(-0.296232 -0.0462565 -5.41834e-18)
(-0.329286 -0.0542159 -1.25866e-17)
(-0.318672 -0.0567503 5.50958e-18)
(-0.281719 -0.0548349 -3.24059e-18)
(-0.237149 -0.0505125 -7.25615e-18)
(-0.19778 -0.0455259 5.81105e-18)
(-0.168375 -0.0407194 7.14016e-18)
(-0.147625 -0.0359574 -2.20702e-17)
(-0.132111 -0.0307938 8.6905e-18)
(-0.11892 -0.024886 -1.644e-17)
(-0.106846 -0.0183718 2.32289e-17)
(-0.0956369 -0.0116273 2.35856e-17)
(-0.0855433 -0.00513376 -4.55439e-17)
(-0.076456 0.000703694 1.28034e-17)
(-0.0682827 0.00563002 -5.71201e-18)
(-0.0606748 0.00955499 1.90517e-17)
(-0.0535677 0.0124448 3.21164e-17)
(-0.0468056 0.0143805 2.07291e-17)
(-0.040492 0.015461 -6.54664e-18)
(-0.0345805 0.0158348 5.90216e-18)
(-0.0291942 0.0156287 2.70429e-17)
(-0.0242887 0.014914 -2.77606e-17)
(-0.0199225 0.0137484 -2.97253e-17)
(-0.0160213 0.012634 -1.72255e-17)
(-0.0138191 0.0115337 2.65255e-17)
(-0.0119154 0.010632 -3.86598e-17)
(-0.00977179 0.00922981 3.31251e-17)
(-0.00800342 0.00725281 3.04567e-18)
(-0.00654081 0.00500385 -1.28334e-17)
(-0.00526921 0.00244303 -6.57868e-17)
(-0.00418305 0.000318223 -2.67093e-17)
(-0.0032401 -0.000747879 -4.79745e-17)
(-0.00277492 -0.000467075 -9.11342e-17)
(-0.00217301 -0.00190935 -1.56574e-17)
(-0.00328887 -0.00136594 5.54765e-17)
(-0.00250781 0.00279286 -1.0897e-17)
(-0.0109023 -0.00567286 4.17029e-17)
(0.47806 -0.268599 -5.80553e-21)
(0.448707 -0.309342 -3.41807e-19)
(0.308167 -0.346679 -3.64263e-20)
(0.24186 -0.391847 7.25121e-20)
(0.191453 -0.426363 7.42921e-20)
(0.158717 -0.442409 3.08692e-19)
(0.134034 -0.436062 2.48572e-19)
(0.113848 -0.408928 -1.68291e-19)
(0.0957923 -0.366096 -3.05049e-19)
(0.0786737 -0.315091 1.20183e-19)
(0.0620123 -0.26303 7.87803e-20)
(0.0457183 -0.216357 -3.56459e-19)
(0.0299942 -0.179731 -5.24624e-19)
(0.0152427 -0.155585 -2.60308e-19)
(0.00237859 -0.144267 3.68816e-19)
(-0.007518 -0.144095 -2.14033e-19)
(-0.0135536 -0.151848 -2.03877e-19)
(-0.0157465 -0.163944 1.65184e-19)
(-0.0150671 -0.176519 3.19196e-19)
(-0.0127781 -0.186695 -2.74128e-19)
(-0.00930625 -0.192225 1.58402e-19)
(-0.00459636 -0.192101 8.43085e-19)
(0.00078014 -0.186171 4.95127e-19)
(0.0050262 -0.175249 -5.73868e-19)
(0.00685223 -0.160399 1.4951e-19)
(0.00822337 -0.143192 -2.3916e-19)
(0.0142413 -0.124659 2.34178e-19)
(0.0305697 -0.105969 -6.14468e-19)
(0.0624802 -0.0881324 -2.24149e-19)
(0.112831 -0.0721269 2.3905e-19)
(0.175741 -0.0592737 7.71918e-20)
(0.235084 -0.0509761 6.98886e-19)
(0.272218 -0.0471629 -1.67876e-19)
(0.279268 -0.0460498 -4.43723e-19)
(0.260345 -0.0452083 5.52182e-19)
(0.223813 -0.0431013 -6.14605e-19)
(0.172522 -0.0395263 -4.82896e-19)
(0.103637 -0.0350201 -5.90545e-19)
(0.0146391 -0.0303379 8.87586e-19)
(-0.0867741 -0.0267593 1.95508e-18)
(-0.182196 -0.0254203 3.00844e-18)
(-0.254509 -0.0266555 1.77075e-18)
(-0.29684 -0.0296378 5.57338e-18)
(-0.31034 -0.0328303 1.09371e-18)
(-0.300189 -0.0347853 2.13655e-18)
(-0.273388 -0.0349208 3.35393e-18)
(-0.238074 -0.0335882 -3.08979e-18)
(-0.201412 -0.0316115 -4.95885e-18)
(-0.168184 -0.0296072 4.9193e-18)
(-0.140033 -0.0275791 4.62542e-18)
(-0.116541 -0.0251365 -2.36665e-18)
(-0.0964005 -0.0218928 -7.6649e-18)
(-0.0786139 -0.0177265 -2.1053e-17)
(-0.0626559 -0.0128212 8.57167e-18)
(-0.0484493 -0.00754306 -5.84825e-18)
(-0.0359571 -0.00243035 2.37245e-19)
(-0.0251484 0.00219498 1.26636e-18)
(-0.0158892 0.00596556 -9.1026e-18)
(-0.0080829 0.00882982 2.65777e-18)
(-0.00161762 0.0106545 -8.88209e-18)
(0.00355741 0.0115952 -1.22575e-18)
(0.00752537 0.0117392 -1.07558e-17)
(0.010327 0.0113018 2.3581e-17)
(0.0120397 0.0103514 -5.5614e-18)
(0.0128189 0.00918479 1.08991e-17)
(0.0118764 0.00753613 -1.54893e-17)
(0.0105324 0.00644552 1.32766e-17)
(0.00956667 0.0051023 1.25031e-18)
(0.0082851 0.00346889 8.18009e-18)
(0.00682475 0.00175077 2.49767e-17)
(0.00529837 -0.000160566 -4.19437e-18)
(0.00398444 -0.00170166 4.16717e-18)
(0.00297682 -0.00251115 -8.06532e-18)
(0.00199421 -0.00204018 -6.09833e-18)
(0.000471072 -0.00332304 1.72272e-17)
(-0.00107879 -0.00251325 -4.22186e-17)
(-0.00120336 3.70913e-05 -2.26613e-19)
(-0.0131334 -0.00479098 7.19513e-17)
)
;

boundaryField
{
    inlet
    {
        type            calculated;
        value           nonuniform List<vector> 
27
(
(0.00740617 0.33625 -5.12848e-16)
(0.00394986 0.321929 -5.27702e-16)
(0.00129931 0.312305 8.50233e-16)
(-0.000667392 0.310575 -1.3446e-15)
(-0.00217266 0.310253 -7.57237e-16)
(-0.00342378 0.308698 1.88472e-15)
(-0.0045382 0.306525 -4.6592e-16)
(-0.00551176 0.304396 6.62854e-16)
(-0.00631822 0.302114 1.89819e-16)
(-0.00697266 0.2994 -1.10281e-15)
(-0.00750683 0.296094 3.50128e-16)
(-0.0079829 0.292181 5.92318e-17)
(-0.00847493 0.287633 -1.00125e-16)
(-0.00905653 0.28237 1.40805e-16)
(-0.00977727 0.276295 -2.72266e-16)
(-0.0106445 0.269042 1.9695e-16)
(-0.0116879 0.260138 2.85446e-16)
(-0.0125908 0.249569 6.77352e-17)
(-0.0134801 0.244091 -2.68125e-16)
(-0.0139605 0.24154 -5.03228e-16)
(-0.0140802 0.237355 9.31137e-16)
(-0.0138011 0.23089 2.33214e-16)
(-0.013169 0.22214 -6.65265e-16)
(-0.0123834 0.208278 2.26107e-16)
(-0.0117583 0.186983 -2.2584e-16)
(-0.0109022 0.137163 4.17029e-17)
(-0.0131334 0.0633557 7.19513e-17)
)
;
    }
    outlet
    {
        type            calculated;
        value           nonuniform List<vector> 
78
(
(0.130771 -0.268601 -5.8055e-21)
(0.10662 -0.309341 -3.41807e-19)
(-0.0279722 -0.34668 -3.64263e-20)
(-0.0871778 -0.391847 7.25121e-20)
(-0.129315 -0.426364 7.4292e-20)
(-0.152811 -0.442409 3.08692e-19)
(-0.167801 -0.436064 2.48572e-19)
(-0.178323 -0.408928 -1.68291e-19)
(-0.187435 -0.366098 -3.05049e-19)
(-0.19671 -0.315091 1.20183e-19)
(-0.207014 -0.263032 7.87803e-20)
(-0.218353 -0.216358 -3.56459e-19)
(-0.230488 -0.179734 -5.24624e-19)
(-0.242539 -0.155586 -2.60308e-19)
(-0.253296 -0.14427 3.68816e-19)
(-0.261021 -0.144096 -2.14033e-19)
(-0.264543 -0.15185 -2.03877e-19)
(-0.263344 -0.163946 1.65183e-19)
(-0.258384 -0.176521 3.19196e-19)
(-0.250712 -0.186696 -2.74128e-19)
(-0.241078 -0.192228 1.58401e-19)
(-0.229476 -0.192103 8.43085e-19)
(-0.217013 -0.186173 4.95127e-19)
(-0.205629 -0.17525 -5.73868e-19)
(-0.197215 -0.160401 1.4951e-19)
(-0.190025 -0.143193 -2.3916e-19)
(-0.179734 -0.124661 2.34178e-19)
(-0.161209 -0.105971 -6.14468e-19)
(-0.13013 -0.088134 -2.24149e-19)
(-0.0836966 -0.0721278 2.3905e-19)
(-0.0270729 -0.0592754 7.71919e-20)
(0.0262075 -0.0509769 6.98886e-19)
(0.0606613 -0.0471649 -1.67876e-19)
(0.0716596 -0.0460506 -4.43723e-19)
(0.0651454 -0.0452108 5.52182e-19)
(0.0501591 -0.0431022 -6.14605e-19)
(0.0282525 -0.039529 -4.82896e-19)
(-0.00660557 -0.035021 -5.90545e-19)
(-0.06192 -0.0303405 8.87586e-19)
(-0.134563 -0.0267601 1.95508e-18)
(-0.208483 -0.0254226 3.00844e-18)
(-0.266099 -0.0266562 1.77075e-18)
(-0.298513 -0.02964 5.57338e-18)
(-0.304843 -0.0328311 1.09371e-18)
(-0.288919 -0.0347874 2.13655e-18)
(-0.257222 -0.0349216 3.35393e-18)
(-0.217598 -0.0335901 -3.08979e-18)
(-0.177116 -0.0316123 -4.95885e-18)
(-0.140282 -0.0296091 4.91931e-18)
(-0.108646 -0.0275798 4.62542e-18)
(-0.0816382 -0.0251382 -2.36665e-18)
(-0.0581655 -0.0218934 -7.66489e-18)
(-0.0373459 -0.0177281 -2.1053e-17)
(-0.0190576 -0.0128218 8.57167e-18)
(-0.00335459 -0.00754437 -5.84825e-18)
(0.00948778 -0.00243082 2.37246e-19)
(0.0196143 0.00219399 1.26635e-18)
(0.0270984 0.00596521 -9.1026e-18)
(0.032342 0.00882915 2.65777e-18)
(0.0355611 0.0106542 -8.88209e-18)
(0.0371414 0.0115948 -1.22575e-18)
(0.0372844 0.011739 -1.07558e-17)
(0.0362469 0.0113015 2.3581e-17)
(0.0341769 0.0103514 -5.5614e-18)
(0.0313339 0.00918464 1.08991e-17)
(0.0275752 0.00753605 -1.54893e-17)
(0.0236778 0.0064454 1.32766e-17)
(0.0202904 0.00510226 1.25031e-18)
(0.0164661 0.00346884 8.18009e-18)
(0.013248 0.00175074 2.49767e-17)
(0.00917445 -0.000160584 -4.19437e-18)
(0.00807312 -0.00170168 4.16717e-18)
(0.00297967 -0.00251116 -8.06532e-18)
(0.00677138 -0.00204019 -6.09833e-18)
(-0.00662328 -0.00332305 1.72272e-17)
(0.00976597 -0.00251325 -4.22186e-17)
(-0.0246208 3.70908e-05 -2.26613e-19)
(0.00956893 -0.00479098 7.19513e-17)
)
;
    }
    walls
    {
        type            calculated;
        value           nonuniform List<vector> 0();
    }
    frontAndBack
    {
        type            empty;
    }
    procBoundary7to3
    {
        type            processor;
        value           nonuniform List<vector> 
16
(
(4.1114 -4.91261 1.46664e-16)
(4.00797 -4.26814 1.20081e-17)
(3.85783 -4.01419 1.10947e-17)
(3.64188 -3.66026 -1.61954e-17)
(3.23645 -2.9779 -4.02488e-18)
(2.59682 -2.4399 -4.82972e-19)
(2.00863 -1.74142 -8.13511e-18)
(1.57626 -1.28194 7.99607e-18)
(0.976295 -1.09581 2.14519e-18)
(0.976295 -1.09581 2.14519e-18)
(0.643591 -0.86966 -1.23561e-17)
(0.53568 -0.460698 -6.20077e-19)
(0.615343 -0.123819 -2.19802e-18)
(0.867237 -0.0863514 -9.9014e-19)
(1.10743 -0.0991265 -6.45588e-19)
(0.687939 -0.25512 6.67966e-19)
)
;
    }
    procBoundary7to6
    {
        type            processor;
        value           nonuniform List<vector> 
91
(
(0.00895009 -0.0733804 3.15106e-16)
(0.000161 -0.0271148 3.88503e-16)
(0.000161 -0.0271148 3.88503e-16)
(-0.00326784 -0.0469342 6.07129e-17)
(-0.00326784 -0.0469342 6.07129e-17)
(-0.000281522 -0.0420416 -6.58256e-18)
(-0.000281522 -0.0420416 -6.58256e-18)
(0.00679635 -0.0521075 -1.26283e-15)
(0.00414568 -0.0505447 7.78241e-16)
(0.00414568 -0.0505447 7.78241e-16)
(0.00877778 -0.0620927 -1.36923e-16)
(0.00882934 -0.0580161 -7.50705e-16)
(0.00882934 -0.0580161 -7.50705e-16)
(0.00517058 -0.0774187 -1.03466e-15)
(0.00576572 -0.0713316 -1.3012e-17)
(0.00693466 -0.0651927 -5.59613e-16)
(0.00693466 -0.0651927 -5.59613e-16)
(0.000945587 -0.0944918 -2.42081e-16)
(0.00102528 -0.0872757 -6.81286e-16)
(0.00121063 -0.0803188 1.96713e-16)
(0.00121063 -0.0803188 1.96713e-16)
(-0.00978992 -0.154704 1.77956e-15)
(-0.0100531 -0.13461 5.46682e-16)
(-0.00931637 -0.11723 1.31394e-15)
(-0.00781237 -0.102268 -1.75102e-16)
(-0.00781237 -0.102268 -1.75102e-16)
(-0.0297263 -0.295009 -1.87919e-16)
(-0.0302221 -0.258569 -4.87185e-17)
(-0.0299173 -0.226093 -7.437e-17)
(-0.0288844 -0.197083 -1.04958e-15)
(-0.0270797 -0.171327 5.9634e-16)
(-0.0270797 -0.171327 5.9634e-16)
(-0.14153 -0.66174 5.27148e-16)
(-0.124398 -0.589389 5.96547e-16)
(-0.110397 -0.523796 -4.32232e-17)
(-0.0989846 -0.464381 3.0433e-16)
(-0.0894293 -0.41063 3.42584e-16)
(-0.081368 -0.362226 5.88382e-17)
(-0.0741174 -0.318813 6.8496e-17)
(-0.0741174 -0.318813 6.8496e-17)
(2.48116 -1.6841 -3.75854e-17)
(0.0426112 -1.5707 -5.72396e-17)
(-1.07216 -1.48554 -7.91011e-19)
(-1.20588 -1.38991 -2.78489e-16)
(-0.95901 -1.28142 -2.10526e-16)
(-0.704133 -1.17186 -2.21558e-16)
(-0.544177 -1.06908 9.71883e-16)
(-0.455169 -0.974547 -1.31992e-16)
(-0.397057 -0.887071 2.83854e-16)
(-0.349298 -0.80551 3.73817e-16)
(-0.306679 -0.729481 -1.76805e-17)
(-0.26887 -0.658898 -6.80815e-16)
(-0.26887 -0.658898 -6.80815e-16)
(3.89991 -4.63497 -1.06827e-17)
(3.2358 -3.90295 2.22332e-17)
(2.79148 -3.74384 1.57054e-16)
(2.45053 -3.61164 1.27785e-16)
(2.20364 -3.53338 -4.52891e-17)
(1.97413 -3.52196 4.54675e-18)
(1.6793 -3.55589 5.45448e-17)
(1.31027 -3.55078 -4.26803e-17)
(1.05535 -3.43335 -1.08615e-16)
(1.02073 -3.23318 3.26096e-17)
(0.914273 -3.0426 1.54606e-16)
(0.298994 -2.90067 -1.02006e-17)
(-0.883902 -2.80567 2.70008e-17)
(-2.3395 -2.74998 7.87599e-17)
(-3.76754 -2.71817 3.38235e-17)
(-4.97094 -2.68735 1.32228e-17)
(-5.8552 -2.64319 7.50967e-17)
(-6.39866 -2.58278 2.38256e-16)
(-6.62823 -2.51062 1.76104e-16)
(-6.5881 -2.43119 -5.66755e-17)
(-6.32594 -2.35025 -1.73627e-16)
(-5.87504 -2.27374 -3.32515e-17)
(-5.25506 -2.2114 -1.95439e-17)
(-4.45805 -2.17368 -1.74841e-16)
(-3.43893 -2.17236 5.03269e-16)
(-2.10583 -2.21266 1.91674e-16)
(-0.368895 -2.29055 -5.77878e-17)
(1.75088 -2.38841 8.88389e-18)
(4.057 -2.48306 7.51524e-17)
(6.25328 -2.55011 -9.22282e-17)
(8.07392 -2.56821 -3.03234e-17)
(9.34657 -2.52141 -6.91753e-17)
(9.98188 -2.4053 -2.88098e-16)
(9.89519 -2.22116 -3.53699e-16)
(8.98898 -1.97973 -4.54459e-16)
(7.20207 -1.70963 5.03115e-17)
(4.68182 -1.46363 -1.18397e-16)
(4.68182 -1.46363 -1.18397e-16)
)
;
    }
}


// ************************************************************************* //
