/*--------------------------------*- C++ -*----------------------------------*\
| =========                 |                                                 |
| \\      /  F ield         | OpenFOAM: The Open Source CFD Toolbox           |
|  \\    /   O peration     | Version:  2506                                  |
|   \\  /    A nd           | Website:  www.openfoam.com                      |
|    \\/     M anipulation  |                                                 |
\*---------------------------------------------------------------------------*/
FoamFile
{
    version     2.0;
    format      ascii;
    arch        "LSB;label=32;scalar=64";
    class       volVectorField;
    location    "450";
    object      U;
}
// * * * * * * * * * * * * * * * * * * * * * * * * * * * * * * * * * * * * * //

dimensions      [0 1 -1 0 0 0 0];

internalField   nonuniform List<vector> 
1340
(
(17.8937 14.091 -4.02601e-18)
(17.3011 13.3878 5.85699e-17)
(16.7584 12.6502 1.7777e-16)
(16.2305 11.7706 -3.80322e-16)
(15.7277 10.7712 -7.78322e-16)
(18.6019 13.4343 1.56264e-17)
(18.0462 12.7907 6.70293e-17)
(17.5363 12.1169 -2.01085e-16)
(17.0354 11.3121 -7.60511e-18)
(16.5537 10.3962 4.40561e-16)
(16.1583 9.42021 -8.76418e-16)
(19.2324 12.8367 -1.08269e-17)
(18.709 12.2456 -4.7417e-17)
(18.2281 11.6277 -2.57538e-17)
(17.7516 10.8883 1.74117e-16)
(17.2898 10.0456 -4.62002e-17)
(16.9057 9.14845 5.41007e-16)
(16.5984 8.18498 9.23383e-16)
(19.7963 12.2896 1.02472e-17)
(19.3019 11.7451 1.72746e-17)
(18.8468 11.1766 7.36217e-17)
(18.3929 10.495 -2.70117e-16)
(17.9498 9.7171 -2.1903e-16)
(17.5771 8.88939 -4.95734e-16)
(17.2733 7.99843 -6.9868e-16)
(17.0572 7.06054 6.3194e-16)
(20.3031 11.7862 9.63436e-18)
(19.8349 11.2832 7.5796e-18)
(19.4032 10.7588 -3.95721e-17)
(18.9699 10.1288 2.33905e-16)
(18.5447 9.40858 5.0158e-16)
(18.1834 8.64249 3.45002e-17)
(17.8844 7.81612 1.29578e-15)
(17.6653 6.94521 -4.95008e-16)
(17.539 6.08381 -7.59889e-16)
(20.7605 11.3208 1.29312e-17)
(20.3161 10.8553 -2.56394e-17)
(19.9058 10.3701 -2.06203e-17)
(19.4917 9.78658 -3.30306e-17)
(19.0833 9.11817 4.1526e-16)
(18.7333 8.40733 -5.62996e-16)
(18.4403 7.63899 1.83252e-16)
(18.2201 6.82834 1.23709e-17)
(18.0859 6.02635 -1.82542e-15)
(18.0362 5.26452 5.66893e-16)
(21.1748 10.8888 -1.09555e-17)
(20.7521 10.4574 2.10209e-17)
(20.3615 10.0077 1.53889e-16)
(19.9654 9.46591 4.16002e-17)
(19.5729 8.84437 -2.57647e-16)
(19.2343 8.18326 2.45933e-16)
(18.9476 7.46738 -4.77788e-18)
(18.728 6.71139 9.31785e-16)
(18.5884 5.96321 1.37981e-16)
(18.5275 5.25265 -1.58439e-16)
(21.5512 10.4866 -3.20557e-18)
(21.1485 10.086 -5.94232e-18)
(20.7761 9.66858 -1.284e-16)
(20.3968 9.16478 -2.77806e-16)
(20.0196 8.58579 -4.13574e-16)
(19.6921 7.96973 7.36646e-16)
(19.4123 7.30156 -7.77186e-16)
(19.1945 6.5953 1.99957e-16)
(19.0512 5.89616 5.0106e-16)
(18.9818 5.23233 2.47626e-16)
(18.9784 4.60634 3.44527e-16)
(21.8939 10.1109 1.86374e-17)
(21.51 9.73862 4.24419e-17)
(21.1545 9.3505 1.36572e-16)
(20.7909 8.88138 -3.50706e-17)
(20.4283 8.34124 1.57025e-16)
(20.1117 7.76619 -7.48167e-16)
(19.8392 7.14163 6.54754e-16)
(19.624 6.48083 9.32534e-16)
(19.4787 5.82657 1.73381e-17)
(19.4027 5.2055 5.71744e-16)
(19.3884 4.62002 2.83635e-16)
(22.2069 9.75916 -2.12586e-17)
(21.8404 9.41277 3.58495e-17)
(21.5007 9.05147 -1.21667e-16)
(21.1521 8.61416 -1.30472e-16)
(20.8033 8.10962 -1.46817e-17)
(20.4975 7.57209 6.7434e-16)
(20.2323 6.98755 -9.46274e-17)
(20.0204 6.36855 -6.18292e-16)
(19.8743 5.75543 -6.16124e-16)
(19.7933 5.17368 -1.93195e-15)
(19.7703 4.62548 4.51432e-16)
(19.7965 4.11844 1.25003e-15)
(22.4932 9.42901 1.16813e-17)
(22.143 9.10649 9.18791e-18)
(21.8182 8.76984 1.33103e-16)
(21.4837 8.36179 2.84826e-16)
(21.1482 7.89 -1.40495e-16)
(20.8529 7.38694 -5.14002e-16)
(20.5952 6.83926 7.7371e-17)
(20.3872 6.25873 -7.68578e-16)
(20.2411 5.68358 3.9057e-16)
(20.1566 5.13807 7.25305e-16)
(20.1265 4.62427 -6.2772e-16)
(20.1426 4.14943 -6.89093e-16)
(22.7556 9.11858 -1.25691e-17)
(22.4207 8.8181 6.24743e-17)
(22.11 8.50414 -4.04127e-17)
(21.7889 8.12307 -3.83253e-17)
(21.4662 7.68149 -1.33262e-16)
(21.1811 7.21026 -4.05884e-16)
(20.9309 6.69662 -2.17909e-16)
(20.7271 6.15166 -6.6547e-17)
(20.5818 5.61159 2.97817e-16)
(20.4948 5.09956 4.35445e-16)
(20.4591 4.61757 8.20688e-16)
(20.4667 4.17254 -2.19404e-16)
(22.9964 8.82618 -1.10034e-17)
(22.676 8.54609 -8.6646e-17)
(22.3785 8.25309 -6.88451e-17)
(22.0703 7.89696 -6.23773e-17)
(21.7598 7.48334 -4.94912e-17)
(21.4847 7.04157 2.37451e-16)
(21.242 6.55948 -1.21805e-15)
(21.0427 6.04746 1.03582e-16)
(20.8988 5.53991 1.81747e-15)
(20.8101 5.05891 4.10324e-16)
(20.7699 4.60644 -1.4384e-15)
(20.7705 4.18907 -9.97915e-16)
(20.8041 3.81296 2.1911e-16)
(23.2176 8.55032 1.31597e-17)
(22.9111 8.28913 -2.33276e-17)
(22.6261 8.01559 1.18503e-16)
(22.3301 7.68255 -4.1111e-16)
(22.0314 7.29488 -3.66884e-16)
(21.766 6.88046 -1.92254e-16)
(21.5307 6.42764 4.5703e-16)
(21.3361 5.94627 7.79515e-16)
(21.1941 5.46893 -7.99481e-16)
(21.1045 5.01677 7.35035e-16)
(21.0607 4.59165 -4.57793e-18)
(21.0554 4.19998 -2.68268e-16)
(21.0812 3.84766 9.1662e-16)
(23.4212 8.28973 -1.02748e-17)
(23.1277 8.0461 -3.29694e-17)
(22.8547 7.79062 8.5735e-17)
(22.5704 7.47906 1.82379e-16)
(22.283 7.11551 3.58677e-16)
(22.0269 6.72651 2.62806e-16)
(21.7991 6.30094 8.81569e-16)
(21.6094 5.84809 -1.48444e-15)
(21.4695 5.39892 1.29274e-16)
(21.3795 4.97356 -3.07226e-16)
(21.3329 4.57394 6.98686e-16)
(21.3227 4.20617 2.11376e-16)
(21.3418 3.87594 5.14836e-16)
(21.3842 3.57803 1.86284e-16)
(23.6086 8.04326 1.1394e-17)
(23.3276 7.81601 5.1938e-17)
(23.0659 7.57729 -1.54365e-16)
(22.7929 7.2857 7.82385e-17)
(22.5164 6.94466 3.423e-16)
(22.2694 6.57935 -1.00196e-16)
(22.0488 6.1792 -4.55427e-16)
(21.8641 5.75297 1.10762e-15)
(21.7267 5.33003 -9.93168e-16)
(21.6368 4.92969 8.406e-16)
(21.588 4.55381 -3.22782e-16)
(21.5737 4.20829 -4.30061e-16)
(21.5871 3.89862 -7.51694e-16)
(21.6223 3.61984 1.01701e-16)
(23.7813 7.80989 -9.21861e-19)
(23.5122 7.59792 1.44534e-17)
(23.2614 7.37483 -9.47175e-17)
(22.9991 7.10185 2.08944e-16)
(22.7332 6.78181 -3.29043e-16)
(22.495 6.43861 4.47048e-16)
(22.2815 6.06221 4.59702e-16)
(22.1019 5.66085 -4.75966e-16)
(21.9672 5.26246 -7.92668e-17)
(21.8777 4.88547 9.99972e-17)
(21.8272 4.53176 -3.84541e-16)
(21.8095 4.20699 5.29014e-16)
(21.818 3.91645 3.22881e-16)
(21.8468 3.65544 4.58168e-17)
(23.9406 7.58876 -1.64698e-18)
(23.6828 7.39102 1.35081e-17)
(23.4424 7.18251 -4.22735e-18)
(23.1904 6.92693 -1.17889e-16)
(22.9346 6.6265 -3.61586e-16)
(22.705 6.30397 -2.86571e-16)
(22.4986 5.9498 -4.69979e-16)
(22.324 5.57172 2.21173e-16)
(22.1921 5.1963 7.56796e-17)
(22.1034 4.84115 -1.27871e-15)
(22.0517 4.50814 -2.21172e-16)
(22.0311 4.20274 -4.85243e-16)
(22.0353 3.93004 9.06318e-16)
(22.0587 3.68556 -9.63767e-16)
(22.0972 3.46468 -3.17405e-16)
(24.0875 7.37903 1.21007e-17)
(23.8406 7.19459 4.97042e-17)
(23.6101 6.99971 1.19002e-16)
(23.3681 6.76037 1.54047e-16)
(23.1221 6.4783 2.85223e-16)
(22.9008 6.17514 2.78914e-16)
(22.7012 5.84178 -8.87905e-16)
(22.5317 5.48553 -4.32818e-16)
(22.4028 5.13163 7.5194e-16)
(22.315 4.79692 1.37543e-15)
(22.2625 4.48329 6.99015e-16)
(22.2395 4.19597 -1.64682e-16)
(22.24 3.9399 -2.2793e-16)
(22.2586 3.71081 1.07032e-15)
(22.2912 3.50431 -2.24952e-16)
(24.2231 7.17998 9.46543e-18)
(23.9866 7.00797 -1.57115e-17)
(23.7656 6.82584 -4.98686e-17)
(23.5332 6.6017 -7.90887e-17)
(23.2967 6.33683 -7.49453e-16)
(23.0834 6.05182 -1.50546e-16)
(22.8906 5.73798 4.55371e-16)
(22.726 5.4022 4.06695e-16)
(22.6002 5.06849 -1.13789e-15)
(22.5136 4.75296 2.2029e-16)
(22.4605 4.45746 -1.13175e-16)
(22.4356 4.18705 9.29223e-18)
(22.4329 3.94648 -3.73386e-16)
(22.4472 3.73171 -5.81143e-16)
(22.4746 3.53857 2.10295e-17)
(24.3483 6.99096 -4.48884e-18)
(24.1218 6.83058 2.68052e-17)
(23.91 6.66035 4.21439e-17)
(23.6867 6.45045 1.88543e-17)
(23.4594 6.20172 1.07562e-16)
(23.2539 5.93373 6.71193e-16)
(23.0676 5.63821 -4.26195e-16)
(22.908 5.32167 3.25126e-16)
(22.7853 5.00694 1.16808e-15)
(22.7 4.70938 -9.48694e-16)
(22.6467 4.43088 8.23785e-16)
(22.6201 4.17628 5.7514e-16)
(22.6146 3.95019 9.05483e-16)
(22.6252 3.74875 -1.4593e-16)
(22.6481 3.56802 -3.7026e-16)
(22.6806 3.40536 -3.97229e-16)
(24.4639 6.81136 -1.21027e-20)
(24.2469 6.66186 -8.66233e-17)
(24.044 6.50279 1.32389e-16)
(23.8295 6.30622 -5.39884e-17)
(23.611 6.07264 5.51845e-16)
(23.4132 5.82064 -3.93051e-16)
(23.2333 5.54233 7.76767e-17)
(23.0786 5.24387 1.16461e-15)
(22.959 4.94696 -1.42132e-15)
(22.8752 4.66629 6.01024e-16)
(22.8218 4.40373 -9.77812e-16)
(22.7938 4.16394 -1.18334e-15)
(22.786 3.95135 -5.5608e-16)
(22.7933 3.76235 2.36682e-16)
(22.8121 3.59315 5.75662e-16)
(22.8399 3.44124 2.30056e-16)
(24.3629 6.50132 -3.12874e-17)
(24.1684 6.35272 -4.53059e-17)
(23.9625 6.16863 -3.02781e-17)
(23.7525 5.94929 -3.72932e-16)
(23.562 5.7123 6.65235e-16)
(23.3884 5.45018 -3.55727e-16)
(23.2385 5.16873 -1.45977e-15)
(23.1221 4.88857 1.39039e-15)
(23.0398 4.62376 1.97318e-16)
(22.9865 4.37615 4.40062e-16)
(22.9574 4.15023 5.27699e-16)
(22.9475 3.95027 -8.52733e-17)
(22.952 3.77284 9.5329e-17)
(22.9672 3.61436 -5.75173e-16)
(22.9907 3.47242 3.0741e-16)
(23.0212 3.34303 -5.76115e-16)
(24.4703 6.34851 -1.9831e-17)
(24.284 6.2097 6.4415e-17)
(24.0864 6.03734 -2.57179e-16)
(23.8846 5.83137 7.93311e-17)
(23.7013 5.60849 -6.3862e-16)
(23.5337 5.3616 1.5589e-16)
(23.3886 5.09615 3.79316e-17)
(23.2754 4.83176 -4.91589e-17)
(23.1947 4.58187 -2.26024e-16)
(23.1416 4.34828 1.17642e-15)
(23.1117 4.13536 -1.2643e-16)
(23.1 3.94719 1.02676e-15)
(23.1019 3.78055 -3.39173e-16)
(23.1139 3.63203 3.31584e-16)
(23.1337 3.49934 -2.48079e-16)
(23.1598 3.37867 4.32419e-16)
(24.5699 6.20301 -9.15657e-17)
(24.3913 6.07338 -1.19738e-17)
(24.2017 5.91203 4.13993e-16)
(24.0079 5.71863 1.49889e-17)
(23.8315 5.50902 3.82721e-16)
(23.6699 5.27644 -5.17333e-16)
(23.5295 5.02607 8.58181e-17)
(23.4194 4.77652 -2.64259e-16)
(23.3404 4.54065 2.10129e-16)
(23.2877 4.32025 -6.36653e-16)
(23.2571 4.1195 -3.57567e-16)
(23.2438 3.94237 -1.12191e-15)
(23.2435 3.78578 3.4465e-16)
(23.2527 3.64651 1.31923e-16)
(23.2691 3.5224 -1.15367e-16)
(23.2914 3.40977 -1.21435e-16)
(24.6622 6.06443 6.71706e-17)
(24.4912 5.94341 1.4907e-16)
(24.3093 5.79238 -1.75351e-16)
(24.1232 5.61081 -5.37023e-16)
(23.9535 5.41367 7.88792e-17)
(23.7976 5.19459 -1.40865e-16)
(23.6618 4.95841 4.76504e-16)
(23.5549 4.72284 6.90605e-16)
(23.4776 4.50016 -4.87282e-16)
(23.4254 4.29214 -7.31377e-16)
(23.3942 4.10282 1.43496e-15)
(23.3796 3.93599 6.52174e-16)
(23.3773 3.78877 -2.07963e-16)
(23.384 3.65811 1.014e-16)
(23.3975 3.54194 5.41656e-16)
(23.4163 3.43677 4.38726e-16)
(23.4398 3.33975 6.41503e-17)
(24.7476 5.9324 -1.50372e-17)
(24.5839 5.81945 -1.65556e-16)
(24.4095 5.67812 2.16936e-17)
(24.2308 5.50768 8.12784e-16)
(24.0677 5.32229 -6.83139e-16)
(23.9174 5.1159 8.12662e-17)
(23.7861 4.89309 -4.2709e-17)
(23.6823 4.6707 -4.58546e-16)
(23.6068 4.46043 1.35202e-15)
(23.5552 4.26404 2.80687e-17)
(23.5236 4.08542 -1.36148e-15)
(23.5079 3.92823 3.61764e-16)
(23.5039 3.78975 -6.26062e-16)
(23.5084 3.66708 -5.26394e-16)
(23.5191 3.55828 -2.12503e-16)
(23.5349 3.45999 9.07022e-17)
(23.5549 3.36951 5.97498e-17)
(24.8269 5.80661 -4.03933e-17)
(24.6702 5.70123 1.05539e-16)
(24.503 5.56899 1.01543e-16)
(24.3315 5.40903 -8.44046e-16)
(24.1746 5.23468 6.90716e-16)
(24.0299 5.04025 -2.71868e-16)
(23.903 4.83005 9.89549e-16)
(23.8023 4.62005 6.79895e-16)
(23.7286 4.42147 -1.95855e-15)
(23.6777 4.23601 -8.96665e-16)
(23.6458 4.06744 3.78279e-16)
(23.6291 3.91926 -1.35098e-16)
(23.6236 3.78893 4.21754e-16)
(23.6261 3.6737 -3.40352e-16)
(23.6345 3.57172 -8.83687e-17)
(23.6475 3.4798 -6.96223e-17)
(23.6645 3.39535 -7.29808e-17)
(24.9003 5.68674 1.35106e-18)
(24.7503 5.58845 1.13531e-16)
(24.5901 5.46476 -1.69448e-16)
(24.4256 5.31464 4.3588e-16)
(24.2749 5.1507 -2.63976e-16)
(24.1355 4.96753 4.76445e-16)
(24.013 4.7692 -9.33256e-16)
(23.9153 4.5709 -1.09298e-16)
(23.8434 4.38331 1.61423e-15)
(23.7933 4.20813 -1.16332e-16)
(23.7613 4.04898 -2.44375e-16)
(23.7438 3.90924 -6.26537e-17)
(23.7368 3.7865 5.76569e-16)
(23.7376 3.67818 3.08448e-16)
(23.7439 3.58252 -3.15637e-16)
(23.7545 3.49649 4.77863e-16)
(23.7687 3.4176 5.3358e-17)
(23.7862 3.34399 -3.88413e-16)
(24.9683 5.57249 -1.10585e-17)
(24.8249 5.48086 -1.82314e-16)
(24.6714 5.36519 4.27399e-17)
(24.5137 5.22433 3.60183e-17)
(24.3689 5.07018 -3.07094e-16)
(24.2347 4.89763 -3.50797e-16)
(24.1164 4.7105 -4.60611e-16)
(24.0218 4.5232 -1.13595e-15)
(23.9518 4.34596 6.13248e-16)
(23.9024 4.18045 1.21825e-15)
(23.8703 4.03014 4.25306e-16)
(23.8522 3.89829 4.56158e-17)
(23.8441 3.78264 1.9463e-16)
(23.8432 3.68074 2.96958e-16)
(23.8477 3.59094 -3.79492e-16)
(23.8562 3.51035 -9.42097e-17)
(23.868 3.43659 3.68619e-16)
(23.8827 3.36788 -1.25815e-17)
(25.0313 5.4636 4.15248e-17)
(24.8942 5.37821 -5.81884e-17)
(24.7472 5.27007 9.57171e-18)
(24.596 5.13793 -1.87322e-16)
(24.4571 4.993 6.68763e-16)
(24.328 4.83044 1.06217e-15)
(24.2138 4.65386 -4.2116e-16)
(24.1222 4.47694 1.74406e-16)
(24.054 4.30945 -4.48941e-16)
(24.0055 4.15301 -1.09511e-15)
(23.9735 4.011 -4.98644e-16)
(23.9548 3.88653 -3.07949e-16)
(23.9457 3.77749 -5.57217e-16)
(23.9435 3.68157 1.7372e-16)
(23.9463 3.5972 2.6819e-16)
(23.9529 3.52164 4.5787e-17)
(23.9625 3.45262 -1.91657e-16)
(23.9748 3.38842 -4.08203e-16)
(25.0897 5.35982 -4.71382e-17)
(24.9586 5.28027 1.0707e-16)
(24.818 5.1792 -1.72408e-16)
(24.6731 5.05526 -2.16123e-16)
(24.5397 4.919 -4.2582e-16)
(24.4156 4.76586 2.89285e-17)
(24.3056 4.59922 1.09977e-15)
(24.2169 4.43209 -5.05353e-16)
(24.1505 4.27377 1.58987e-17)
(24.103 4.12588 -2.6482e-16)
(24.0711 3.99164 5.86827e-16)
(24.0519 3.87409 1.07916e-16)
(24.0419 3.77122 -4.59826e-16)
(24.0385 3.68085 5.21946e-16)
(24.0399 3.60151 1.06225e-16)
(24.0448 3.5306 -3.02622e-16)
(24.0526 3.46594 5.81935e-16)
(24.0628 3.40591 -5.04769e-16)
(24.0754 3.34877 8.20321e-17)
(25.1437 5.2609 -9.02369e-17)
(25.0185 5.18682 6.83757e-17)
(24.884 5.09239 2.11879e-16)
(24.7453 4.97616 1.50978e-16)
(24.6174 4.84807 4.27504e-16)
(24.498 4.7038 -6.24968e-16)
(24.392 4.54654 -1.67321e-15)
(24.3063 4.38862 1.37213e-16)
(24.2418 4.23894 -1.24489e-16)
(24.1951 4.09907 8.71328e-16)
(24.1635 3.97214 1.02084e-15)
(24.144 3.86105 -2.45906e-16)
(24.1333 3.76394 4.53497e-16)
(24.1288 3.67874 -4.11515e-16)
(24.1289 3.60408 -6.48489e-16)
(24.1323 3.53746 -1.90688e-16)
(24.1384 3.47684 -2.50617e-17)
(24.1467 3.42064 5.64757e-16)
(24.1572 3.3672 -7.37234e-18)
(25.1937 5.16662 5.42632e-17)
(25.0742 5.09768 -1.60368e-16)
(24.9456 5.00946 -2.16114e-17)
(24.8129 4.90049 -2.49438e-16)
(24.6902 4.78007 1.84445e-16)
(24.5756 4.64416 6.41983e-16)
(24.4735 4.49574 1.31298e-15)
(24.3906 4.34651 -3.79999e-16)
(24.328 4.20496 -6.13756e-17)
(24.2824 4.07264 -8.41367e-16)
(24.251 3.95257 -2.57378e-16)
(24.2313 3.84753 3.98026e-17)
(24.2199 3.75579 -7.63714e-16)
(24.2146 3.67541 -5.32265e-17)
(24.2135 3.60507 4.66831e-16)
(24.2157 3.54243 4.38312e-16)
(24.2203 3.48553 -3.0977e-16)
(24.2269 3.43287 -3.10887e-16)
(24.2356 3.38284 1.67914e-16)
(25.24 5.07677 -1.23489e-17)
(25.1259 5.01263 7.34476e-17)
(25.0031 4.93025 -2.63392e-16)
(24.8761 4.82809 -7.99889e-17)
(24.7586 4.71491 2.09607e-16)
(24.6486 4.58687 -4.348e-16)
(24.5503 4.44677 -5.40103e-16)
(24.4703 4.30573 -1.20898e-16)
(24.4096 4.17183 8.36705e-16)
(24.365 4.04662 -2.82418e-16)
(24.334 3.93298 6.84343e-17)
(24.3141 3.83362 -5.92453e-16)
(24.3022 3.74689 3.52468e-16)
(24.296 3.67099 2.83343e-16)
(24.294 3.60467 -2.70068e-16)
(24.2951 3.5457 2.68767e-16)
(24.2984 3.49224 1.20614e-16)
(24.3036 3.44284 -3.65487e-16)
(24.3106 3.39597 3.31748e-16)
(24.3195 3.35026 5.61227e-17)
(25.2828 4.99114 3.65737e-18)
(25.1741 4.93151 -1.35838e-17)
(25.0568 4.8546 6.53921e-17)
(24.9354 4.75885 2.01478e-16)
(24.8229 4.65247 -2.93986e-16)
(24.7173 4.53184 -4.68269e-16)
(24.6228 4.39959 9.91405e-16)
(24.5456 4.26626 1.07075e-15)
(24.4867 4.13957 2.86762e-16)
(24.4432 4.02104 -2.98221e-16)
(24.4127 3.91344 3.14906e-16)
(24.3927 3.81939 6.30313e-16)
(24.3804 3.73735 -7.02059e-16)
(24.3736 3.66561 2.15074e-16)
(24.3707 3.60302 7.99754e-16)
(24.3707 3.54747 -6.06394e-16)
(24.3729 3.49718 -1.95735e-16)
(24.3769 3.45078 1.74298e-16)
(24.3825 3.40682 -1.29418e-16)
(24.3898 3.36396 3.14414e-16)
(25.3224 4.90956 -3.46547e-18)
(25.2188 4.85413 -3.77652e-17)
(25.1069 4.78235 2.23819e-16)
(24.9909 4.69263 5.15558e-17)
(24.8833 4.59264 3.21066e-16)
(24.7821 4.47899 -3.3226e-16)
(24.6913 4.35414 -3.51616e-16)
(24.6169 4.22808 -3.38699e-16)
(24.5598 4.10818 -1.27072e-15)
(24.5174 3.99592 7.71128e-16)
(24.4873 3.894 -8.81265e-16)
(24.4673 3.80492 -5.60909e-16)
(24.4547 3.72726 4.03864e-16)
(24.4473 3.65941 -1.05853e-16)
(24.4437 3.60029 -2.30706e-17)
(24.4429 3.54789 -5.19544e-17)
(24.4441 3.50053 -1.51781e-16)
(24.447 3.45692 -2.77077e-16)
(24.4514 3.41563 3.63089e-16)
(24.4573 3.37541 -3.99153e-16)
(25.359 4.83183 -2.0563e-17)
(25.2603 4.78034 1.17016e-16)
(25.1537 4.71337 3.1056e-17)
(25.043 4.6293 -4.12308e-16)
(24.94 4.53533 2.24542e-16)
(24.8431 4.42826 8.32841e-16)
(24.7559 4.31037 -6.19217e-16)
(24.6842 4.19116 4.99985e-16)
(24.6291 4.07765 1.79935e-15)
(24.5877 3.9713 2.97619e-17)
(24.5582 3.8747 4.75981e-16)
(24.5383 3.79028 -1.62636e-16)
(24.5254 3.71672 -2.70317e-16)
(24.5175 3.6525 -4.39973e-17)
(24.5133 3.5966 1.1693e-16)
(24.5117 3.54713 8.16724e-16)
(24.5121 3.50249 -2.32372e-17)
(24.5141 3.46144 -3.41762e-16)
(24.5174 3.42263 2.75439e-16)
(24.5221 3.38484 -1.25582e-16)
(24.5283 3.347 6.59716e-17)
(25.3929 4.75779 1.53404e-17)
(25.299 4.70999 -7.24858e-17)
(25.1974 4.64751 -7.3207e-17)
(25.0918 4.56877 5.91675e-16)
(24.9934 4.48046 -2.17555e-16)
(24.9007 4.37957 1.95907e-16)
(24.817 4.26824 -1.20371e-16)
(24.748 4.15548 -1.85226e-15)
(24.6947 4.04799 -1.58255e-16)
(24.6545 3.94719 6.78293e-16)
(24.6255 3.85559 4.20264e-16)
(24.6057 3.77555 -4.64832e-16)
(24.5927 3.70582 1.93133e-16)
(24.5844 3.64498 -3.25147e-17)
(24.5797 3.59209 -1.87106e-16)
(24.5775 3.54534 2.76914e-16)
(24.5772 3.50321 -1.90041e-16)
(24.5783 3.46453 5.16886e-16)
(24.5807 3.42802 -3.58882e-16)
(24.5843 3.39248 1.30712e-16)
(24.5893 3.35689 -7.98039e-17)
(25.4242 4.68727 -2.26411e-17)
(25.3349 4.64292 6.0478e-17)
(25.2382 4.58466 -4.28e-17)
(25.1375 4.51091 -4.8053e-16)
(25.0436 4.42792 -4.67478e-16)
(24.955 4.33286 -1.20618e-15)
(24.8748 4.22771 1.4231e-15)
(24.8085 4.12102 6.16102e-16)
(24.7569 4.01919 3.89815e-16)
(24.7179 3.92362 -1.41855e-15)
(24.6895 3.83673 -6.1228e-16)
(24.6699 3.76078 -5.94643e-16)
(24.6567 3.69464 3.08937e-16)
(24.6482 3.63696 -1.34297e-16)
(24.643 3.58687 -1.75745e-16)
(24.6403 3.54264 1.92387e-16)
(24.6394 3.50285 -4.29805e-16)
(24.6398 3.46638 1.14407e-16)
(24.6414 3.43198 -1.55277e-16)
(24.6442 3.39853 -1.51749e-16)
(24.6481 3.36502 3.15825e-16)
(25.453 4.62013 -2.19475e-17)
(25.3682 4.579 8.4148e-17)
(25.2764 4.52469 7.41235e-17)
(25.1805 4.45562 2.19479e-16)
(25.0909 4.37763 7.31337e-16)
(25.0062 4.28805 6.76397e-16)
(24.9294 4.18873 -2.58375e-16)
(24.8657 4.08775 2.93753e-16)
(24.816 3.99126 -4.21357e-16)
(24.7781 3.90061 1.08018e-16)
(24.7503 3.81814 9.04977e-16)
(24.731 3.74604 5.92735e-16)
(24.7178 3.68325 -1.31467e-16)
(24.709 3.62853 -3.48e-16)
(24.7035 3.58105 -4.5565e-17)
(24.7004 3.53918 1.81813e-16)
(24.6989 3.50156 -2.63262e-16)
(24.6988 3.46712 2.86728e-17)
(24.6997 3.43469 -2.09687e-16)
(24.7017 3.40317 -7.04582e-17)
(24.7048 3.3716 8.93667e-17)
(25.4797 4.55622 -1.57228e-17)
(25.3992 4.5181 3.37988e-18)
(25.312 4.46748 -8.10175e-17)
(25.2207 4.40281 -3.54283e-17)
(25.1354 4.32952 -1.95862e-16)
(25.0546 4.2451 4.04768e-16)
(24.9812 4.15125 -1.04552e-15)
(24.92 4.05567 8.74688e-16)
(24.8721 3.9642 2.15626e-16)
(24.8353 3.87818 -6.01533e-16)
(24.8082 3.79986 7.11662e-16)
(24.7891 3.73137 -3.56323e-16)
(24.776 3.67174 1.28244e-16)
(24.7671 3.61978 3.60414e-16)
(24.7613 3.57473 1.28345e-16)
(24.7578 3.53506 -8.47381e-17)
(24.7559 3.49945 3.34337e-16)
(24.7553 3.46691 -4.68848e-16)
(24.7557 3.4363 2.85226e-16)
(24.7571 3.40659 -1.5517e-17)
(24.7594 3.37682 2.17226e-16)
(24.7629 3.34602 -2.26518e-16)
(25.5043 4.4954 -1.12652e-17)
(25.428 4.46009 5.03762e-17)
(25.3453 4.41292 3.39095e-17)
(25.2586 4.35237 1.2844e-16)
(25.1774 4.28351 -1.94383e-16)
(25.1003 4.20394 -6.4536e-16)
(25.0302 4.11525 8.52974e-16)
(24.9715 4.02474 -4.48641e-16)
(24.9253 3.93801 -4.75729e-16)
(24.8897 3.85633 1.27814e-15)
(24.8633 3.78192 -1.09636e-15)
(24.8446 3.71683 -2.1205e-16)
(24.8315 3.66015 6.8959e-16)
(24.8226 3.61079 -7.71837e-16)
(24.8166 3.56802 1.67547e-16)
(24.8128 3.53039 -2.62637e-16)
(24.8106 3.49667 5.72341e-17)
(24.8096 3.4659 7.7607e-17)
(24.8095 3.43698 -4.45003e-17)
(24.8104 3.40893 -1.55078e-16)
(24.8121 3.38085 -8.9309e-18)
(24.8148 3.35176 2.76195e-16)
(25.527 4.43753 3.36966e-17)
(25.4548 4.40484 -3.0017e-17)
(25.3764 4.3609 8.19118e-17)
(25.2941 4.30423 1.41346e-16)
(25.2169 4.23952 9.05476e-17)
(25.1436 4.16452 8.98892e-16)
(25.0766 4.08068 -1.21126e-16)
(25.0204 3.99495 -3.06234e-16)
(24.9759 3.91267 4.73293e-16)
(24.9415 3.8351 -1.72563e-15)
(24.9158 3.76436 9.1908e-16)
(24.8975 3.70247 5.68055e-16)
(24.8846 3.64857 -1.09177e-16)
(24.8756 3.60164 7.44792e-16)
(24.8695 3.561 -6.83514e-16)
(24.8656 3.52529 4.07675e-16)
(24.8631 3.49332 5.02979e-16)
(24.8617 3.46419 -4.15239e-16)
(24.8613 3.43685 -3.62848e-17)
(24.8617 3.41036 -9.396e-17)
(24.8628 3.38383 1.70493e-16)
(24.865 3.35635 -7.63737e-17)
(25.5479 4.38249 3.37938e-17)
(25.4796 4.35225 -2.49486e-17)
(25.4055 4.31133 -5.61319e-17)
(25.3275 4.2583 -3.28155e-16)
(25.2542 4.19749 3.3298e-17)
(25.1845 4.12678 -7.18082e-16)
(25.1206 4.04751 -7.51437e-16)
(25.0668 3.96628 -3.77306e-16)
(25.024 3.88819 -7.4192e-16)
(24.9908 3.81448 -1.13474e-17)
(24.9659 3.74721 -3.99707e-16)
(24.948 3.68832 -3.41647e-16)
(24.9353 3.63703 -1.01699e-16)
(24.9263 3.59238 -4.95917e-16)
(24.9202 3.55375 4.22783e-17)
(24.9161 3.51983 1.41098e-16)
(24.9134 3.4895 -3.26502e-16)
(24.9118 3.4619 -1.05175e-16)
(24.911 3.43603 3.50874e-16)
(24.911 3.41099 -1.0779e-16)
(24.9118 3.38593 1.98341e-16)
(24.9133 3.35994 7.53332e-17)
(25.5672 4.33015 -1.6856e-17)
(25.5027 4.3022 -3.59782e-18)
(25.4327 4.2641 -7.67675e-17)
(25.3588 4.21448 -2.06083e-16)
(25.2894 4.15735 -2.42532e-16)
(25.2233 4.09067 9.09136e-17)
(25.1624 4.01569 6.89769e-16)
(25.1108 3.93871 1.72754e-15)
(25.0698 3.86457 -7.20382e-16)
(25.0377 3.79449 -4.18741e-17)
(25.0136 3.73048 2.47389e-16)
(24.9962 3.67442 -4.3528e-17)
(24.9837 3.62559 -6.98925e-17)
(24.9749 3.58309 -4.33204e-16)
(24.9688 3.54634 -2.8053e-16)
(24.9645 3.5141 5.00339e-16)
(24.9617 3.4853 -1.44293e-16)
(24.9599 3.45913 -4.70606e-17)
(24.9589 3.43464 1.29241e-18)
(24.9586 3.41094 -2.73028e-18)
(24.9589 3.38724 -8.08478e-17)
(24.96 3.36266 -3.04362e-16)
(24.962 3.33617 8.7435e-17)
(25.5849 4.28041 -1.5542e-17)
(25.5242 4.2546 5.87833e-17)
(25.4582 4.21913 1.91413e-16)
(25.3883 4.17271 1.14274e-16)
(25.3227 4.11902 -1.97467e-16)
(25.26 4.05614 -4.2435e-16)
(25.202 3.9852 3.75083e-16)
(25.1527 3.91221 -1.21484e-15)
(25.1133 3.84179 1.96377e-15)
(25.0825 3.77514 5.11095e-16)
(25.0592 3.7142 -6.10914e-16)
(25.0423 3.66082 1.39395e-16)
(25.0301 3.6143 9.56712e-16)
(25.0214 3.57382 -6.79763e-16)
(25.0153 3.53883 2.0834e-17)
(25.011 3.50816 1.63539e-16)
(25.008 3.4808 2.20711e-16)
(25.006 3.45596 -2.37266e-17)
(25.0048 3.43274 -3.36192e-16)
(25.0042 3.41031 5.15886e-16)
(25.0042 3.38788 -4.03336e-16)
(25.0049 3.36462 3.22591e-16)
(25.0064 3.33951 4.23358e-18)
(25.6013 4.23315 -3.97327e-17)
(25.5442 4.20933 9.40845e-17)
(25.482 4.17633 -5.58482e-18)
(25.4161 4.13292 -8.53736e-17)
(25.3541 4.08246 -5.21703e-17)
(25.2948 4.02314 8.5572e-16)
(25.2396 3.956 -2.3245e-16)
(25.1925 3.88678 5.83418e-16)
(25.1548 3.81986 -2.01036e-15)
(25.1253 3.75643 -3.98339e-16)
(25.1028 3.6984 9.08657e-16)
(25.0864 3.64752 5.57073e-17)
(25.0745 3.60319 -1.81862e-16)
(25.066 3.5646 -7.50844e-16)
(25.0598 3.53127 8.35892e-16)
(25.0555 3.50207 -2.65749e-17)
(25.0524 3.47605 -2.9868e-16)
(25.0502 3.45246 -3.00376e-17)
(25.0488 3.43044 7.21746e-17)
(25.048 3.40918 -9.63644e-17)
(25.0477 3.38794 3.28973e-16)
(25.0481 3.3659 -4.11124e-16)
(25.0491 3.34209 2.2449e-16)
(25.6163 4.18827 -5.22475e-18)
(25.5627 4.16631 7.76477e-18)
(25.5044 4.1356 -1.08369e-16)
(25.4423 4.09502 -2.43226e-16)
(25.3838 4.0476 2.35089e-16)
(25.3278 3.99162 -1.0806e-15)
(25.2753 3.92806 5.35937e-16)
(25.2304 3.8624 -4.61846e-17)
(25.1944 3.79877 4.88151e-16)
(25.1661 3.73838 -1.5213e-16)
(25.1444 3.68308 6.00766e-16)
(25.1286 3.63457 -2.81038e-16)
(25.117 3.59228 4.16906e-16)
(25.1085 3.55548 8.03185e-17)
(25.1024 3.52369 3.53041e-16)
(25.098 3.49587 -2.35886e-16)
(25.0947 3.4711 -2.57934e-16)
(25.0924 3.44868 2.00122e-16)
(25.0909 3.42777 -1.78881e-16)
(25.0898 3.40761 1.14005e-16)
(25.0893 3.38748 -1.53422e-16)
(25.0894 3.3666 3.33313e-16)
(25.09 3.34401 -1.75038e-16)
(25.6301 4.14566 -5.34914e-18)
(25.58 4.12544 1.18479e-17)
(25.5253 4.09688 -1.25806e-16)
(25.4669 4.05895 5.31238e-16)
(25.412 4.01438 -1.94066e-16)
(25.3591 3.96155 1.14213e-15)
(25.3092 3.90135 7.2948e-16)
(25.2665 3.83905 1.24344e-16)
(25.2322 3.77851 9.96883e-16)
(25.2051 3.72097 3.24294e-17)
(25.1843 3.66824 -8.37091e-16)
(25.1688 3.62196 -6.56297e-16)
(25.1575 3.58159 -4.12902e-16)
(25.1491 3.54646 4.85904e-16)
(25.143 3.51613 -1.89612e-17)
(25.1385 3.4896 4.96571e-16)
(25.1351 3.466 -4.75427e-16)
(25.1327 3.44467 6.22389e-18)
(25.131 3.4248 -9.01196e-17)
(25.1298 3.40567 -1.42496e-16)
(25.129 3.38658 6.15225e-18)
(25.1288 3.36678 -9.41291e-17)
(25.1292 3.34534 1.14788e-16)
(25.6429 4.10523 4.15981e-17)
(25.596 4.08663 -6.99171e-17)
(25.5449 4.06007 2.83881e-16)
(25.4902 4.02464 -5.38125e-16)
(25.4387 3.98274 1.96244e-16)
(25.3888 3.93287 -1.34407e-15)
(25.3415 3.87584 -6.61246e-16)
(25.3009 3.81671 5.04705e-16)
(25.2683 3.75907 -1.09522e-15)
(25.2424 3.70421 4.54455e-16)
(25.2222 3.65389 8.12523e-17)
(25.2072 3.6097 5.05111e-17)
(25.196 3.57114 -2.37949e-16)
(25.1877 3.53757 -2.68319e-16)
(25.1815 3.5086 8.44767e-17)
(25.177 3.48328 3.53273e-16)
(25.1736 3.46078 -3.03019e-16)
(25.171 3.44047 4.03643e-16)
(25.1692 3.42159 -1.64164e-16)
(25.1678 3.40342 9.96038e-17)
(25.1669 3.38531 -2.43986e-16)
(25.1665 3.36652 3.00507e-16)
(25.1665 3.34618 -5.07199e-17)
(25.1673 3.32375 -1.51434e-16)
(25.6545 4.06689 -2.30551e-17)
(25.6109 4.0498 4.05064e-17)
(25.5633 4.0251 -4.24638e-17)
(25.5121 3.99203 -1.82715e-16)
(25.4639 3.95264 -4.08423e-17)
(25.4171 3.90555 8.44161e-16)
(25.3722 3.8515 3.54593e-16)
(25.3338 3.79539 -1.2886e-15)
(25.3028 3.74044 -5.93556e-16)
(25.2779 3.68807 3.7247e-16)
(25.2584 3.64003 -5.30371e-16)
(25.2437 3.5978 8.41039e-16)
(25.2326 3.56092 1.22262e-16)
(25.2243 3.52882 1.04194e-16)
(25.2182 3.50113 -1.34533e-17)
(25.2136 3.47695 7.46305e-17)
(25.2101 3.45549 -7.21938e-16)
(25.2075 3.43615 2.07728e-16)
(25.2055 3.41819 8.0925e-17)
(25.2041 3.40093 8.96702e-17)
(25.203 3.38374 -1.76688e-16)
(25.2024 3.36591 1.87345e-16)
(25.2023 3.34659 6.65513e-17)
(25.2027 3.32527 -5.78769e-17)
(25.6652 4.03054 -1.15535e-17)
(25.6248 4.01486 -2.81409e-17)
(25.5806 3.99191 1.07506e-16)
(25.5328 3.96107 1.66378e-16)
(25.488 3.92402 2.94849e-16)
(25.4439 3.87955 7.55352e-17)
(25.4013 3.82833 5.08765e-17)
(25.3652 3.77506 2.84684e-16)
(25.3358 3.72258 1.6573e-15)
(25.3118 3.67254 8.27551e-17)
(25.2928 3.62663 6.79897e-16)
(25.2783 3.58624 -7.12435e-16)
(25.2673 3.55094 -1.35002e-16)
(25.2591 3.52022 1.16576e-16)
(25.2529 3.49375 -3.70616e-17)
(25.2483 3.47065 1.45116e-16)
(25.2449 3.45018 -6.67538e-17)
(25.2422 3.43174 4.64544e-16)
(25.2402 3.41465 -4.94647e-16)
(25.2387 3.39825 3.11645e-16)
(25.2375 3.38193 -5.02384e-16)
(25.2368 3.365 3.32112e-16)
(25.2364 3.34665 -2.55596e-16)
(25.2367 3.32639 -9.55108e-17)
(25.6751 3.9961 2.02029e-17)
(25.6377 3.98174 -1.02399e-17)
(25.5968 3.96042 -2.6441e-16)
(25.5524 3.93168 1.3606e-16)
(25.5107 3.89683 -5.67041e-16)
(25.4694 3.85484 1.67367e-16)
(25.4291 3.80628 -1.53951e-17)
(25.3952 3.75572 1.24711e-15)
(25.3674 3.70547 -1.9983e-15)
(25.344 3.65759 3.68768e-16)
(25.3253 3.6137 -7.08035e-16)
(25.311 3.57503 5.41192e-16)
(25.3002 3.54123 -2.62803e-16)
(25.2921 3.51182 -2.6071e-16)
(25.286 3.4865 1.53408e-16)
(25.2815 3.46442 -2.40289e-17)
(25.278 3.44488 -1.13413e-18)
(25.2753 3.4273 1.49298e-17)
(25.2733 3.41103 3.14979e-16)
(25.2716 3.39543 -2.18332e-19)
(25.2704 3.37992 -2.91267e-17)
(25.2695 3.36385 -1.82092e-16)
(25.269 3.34641 2.38442e-17)
(25.269 3.32713 3.45986e-17)
(25.6841 3.96348 -4.59903e-17)
(25.6497 3.95035 -3.42187e-17)
(25.6121 3.93056 2.81418e-17)
(25.5709 3.90382 -4.75203e-16)
(25.5324 3.87101 3.45839e-16)
(25.4936 3.83137 -5.51976e-16)
(25.4556 3.78532 -7.33023e-16)
(25.424 3.73735 -7.89771e-16)
(25.3974 3.6891 1.12062e-15)
(25.3745 3.64323 -9.4113e-16)
(25.356 3.60124 5.48194e-16)
(25.342 3.56421 3.53894e-16)
(25.3315 3.53182 -4.01053e-17)
(25.3235 3.50365 1.64449e-16)
(25.3175 3.47941 -4.11025e-19)
(25.313 3.4583 2.15547e-16)
(25.3095 3.43962 -1.19334e-17)
(25.3068 3.42285 -3.26769e-16)
(25.3047 3.40734 -4.78751e-17)
(25.303 3.39249 8.64615e-17)
(25.3016 3.37774 -6.48696e-17)
(25.3006 3.36245 -5.5034e-18)
(25.2999 3.34587 5.69398e-17)
(25.2997 3.32752 4.6221e-17)
(25.6923 3.93259 2.36097e-17)
(25.6609 3.92061 -2.59476e-17)
(25.6264 3.90225 6.23324e-17)
(25.5885 3.87742 5.44565e-16)
(25.5529 3.8465 8.11089e-16)
(25.5165 3.80912 1.87544e-16)
(25.4808 3.76542 4.05916e-16)
(25.4515 3.71997 -2.02442e-16)
(25.4259 3.6734 9.48304e-16)
(25.4033 3.62942 -8.66364e-16)
(25.3851 3.58929 1.84288e-16)
(25.3715 3.5538 -1.01959e-16)
(25.3612 3.52272 -1.87646e-16)
(25.3533 3.49572 -1.59639e-16)
(25.3474 3.4725 -2.0394e-16)
(25.3428 3.45228 1.45086e-16)
(25.3393 3.43441 -1.0939e-16)
(25.3365 3.41838 -3.24743e-17)
(25.3343 3.40357 -8.89905e-17)
(25.3325 3.38942 2.59503e-16)
(25.331 3.37537 2.1822e-16)
(25.3298 3.36082 -2.08946e-17)
(25.3289 3.34504 -5.78565e-17)
(25.3284 3.32757 -1.20021e-16)
(25.6999 3.90335 -2.46204e-18)
(25.6713 3.89243 -7.37299e-17)
(25.6399 3.87544 1.30804e-16)
(25.6051 3.85243 -3.88629e-16)
(25.5726 3.82329 -9.73655e-16)
(25.5384 3.78811 3.46213e-17)
(25.5049 3.74662 -1.34331e-15)
(25.4779 3.70366 3.06685e-16)
(25.4527 3.65821 -2.58617e-16)
(25.4304 3.61602 -2.7269e-16)
(25.4127 3.57773 1.70003e-16)
(25.3995 3.54371 1.03583e-16)
(25.3894 3.51387 -4.05099e-16)
(25.3815 3.48796 3.15716e-16)
(25.3755 3.46568 -3.54612e-16)
(25.3708 3.44629 -3.31889e-16)
(25.3672 3.42918 7.57371e-16)
(25.3643 3.41384 -7.43744e-16)
(25.3619 3.3997 7.68297e-17)
(25.36 3.38619 1.97555e-16)
(25.3584 3.3728 -3.44409e-17)
(25.357 3.35895 -1.26985e-16)
(25.3559 3.34391 -2.84849e-16)
(25.3551 3.32726 2.56596e-16)
(25.3549 3.30955 1.66204e-18)
(25.7068 3.87564 7.45637e-18)
(25.681 3.86573 4.71148e-17)
(25.6526 3.85004 -4.41796e-18)
(25.621 3.82879 -1.28327e-16)
(25.5913 3.80133 7.81748e-16)
(25.5593 3.76834 -3.05462e-16)
(25.5282 3.72896 4.99311e-16)
(25.5032 3.68853 -2.4787e-16)
(25.4781 3.64349 1.91907e-17)
(25.4559 3.60302 8.9691e-16)
(25.4387 3.56663 1.91907e-17)
(25.4259 3.53397 4.85958e-16)
(25.4158 3.50523 8.11244e-16)
(25.4079 3.48031 -1.14526e-15)
(25.4017 3.4589 6.4527e-16)
(25.3969 3.44028 -5.30949e-16)
(25.3931 3.42386 1.65243e-16)
(25.39 3.40916 -3.38119e-16)
(25.3875 3.39563 3.12516e-16)
(25.3854 3.38274 4.57243e-17)
(25.3836 3.36996 8.5713e-19)
(25.3821 3.35675 -3.00965e-16)
(25.3808 3.34242 1.54212e-16)
(25.3798 3.32655 -5.85482e-17)
(25.3792 3.30967 -1.952e-16)
(25.7121 3.85345 2.96586e-17)
(25.6887 3.84419 2.1292e-17)
(25.6629 3.82922 7.04679e-17)
(25.6342 3.80892 2.54252e-16)
(25.6075 3.78215 -3.27013e-16)
(25.5781 3.7502 4.66613e-16)
(25.5507 3.71166 -4.24197e-16)
(25.5297 3.67278 1.39845e-15)
(25.5054 3.62886 -1.55901e-15)
(25.4811 3.59089 6.44443e-16)
(25.4628 3.55674 -7.80433e-16)
(25.4493 3.52546 2.91787e-16)
(25.4386 3.49778 -7.26183e-16)
(25.43 3.47376 2.22785e-16)
(25.4233 3.45311 -2.77312e-16)
(25.4181 3.43515 5.83668e-16)
(25.414 3.41931 -1.5077e-17)
(25.4107 3.40514 -2.53823e-16)
(25.4079 3.39212 4.66904e-16)
(25.4056 3.37971 -3.70939e-16)
(25.4036 3.36743 2.61104e-16)
(25.4018 3.35474 -2.65795e-16)
(25.4002 3.34097 2.24998e-16)
(25.399 3.32572 -6.24257e-18)
(25.3981 3.30951 -2.71389e-16)
(25.7163 3.83558 -1.78555e-17)
(25.695 3.82671 5.14177e-17)
(25.6714 3.81207 -2.04866e-18)
(25.6456 3.79215 -9.03963e-17)
(25.622 3.76544 8.84363e-17)
(25.5959 3.7339 -6.95425e-16)
(25.5734 3.69545 3.08756e-16)
(25.5573 3.65714 -2.60474e-16)
(25.534 3.61385 3.23531e-16)
(25.506 3.57901 -1.49931e-16)
(25.4852 3.5473 1.35441e-15)
(25.4704 3.51755 1.85938e-16)
(25.4585 3.491 3.3467e-17)
(25.4489 3.46789 4.1663e-16)
(25.4415 3.44797 -5.89031e-16)
(25.4357 3.43062 1.69883e-16)
(25.4311 3.4153 -8.24304e-17)
(25.4274 3.4016 1.48995e-16)
(25.4243 3.38901 1.63279e-16)
(25.4217 3.37701 -1.15625e-16)
(25.4195 3.36515 -5.44433e-17)
(25.4174 3.35289 1.33781e-16)
(25.4156 3.33958 2.19552e-16)
(25.414 3.32484 -1.08786e-16)
(25.4129 3.30918 -7.08404e-17)
(25.7205 3.81737 4.30723e-18)
(25.7012 3.80891 -3.83152e-18)
(25.68 3.7947 1.51513e-17)
(25.6571 3.77525 -4.84519e-17)
(25.6365 3.74872 1.04221e-17)
(25.6135 3.71788 6.36482e-16)
(25.5957 3.67958 -3.20566e-17)
(25.5834 3.6419 4.84331e-16)
(25.5614 3.59972 -2.78476e-16)
(25.5301 3.56752 -3.20046e-16)
(25.5067 3.53784 -9.11144e-16)
(25.4906 3.50944 5.39346e-16)
(25.4778 3.48396 -2.75397e-16)
(25.4673 3.46173 -6.36917e-16)
(25.4591 3.44253 -6.09617e-17)
(25.4528 3.42578 2.67528e-18)
(25.4478 3.41098 9.3666e-17)
(25.4438 3.39776 5.75496e-18)
(25.4404 3.3856 -1.43799e-16)
(25.4376 3.37403 -6.39766e-17)
(25.4351 3.36259 -7.39243e-17)
(25.4328 3.35077 -1.02111e-16)
(25.4307 3.33793 6.76144e-17)
(25.4289 3.32372 -3.24917e-17)
(25.4275 3.30861 1.75564e-16)
(25.7245 3.799 -2.64621e-17)
(25.7074 3.79098 1.38888e-17)
(25.6886 3.77728 -9.1851e-17)
(25.6686 3.75842 2.69294e-17)
(25.6509 3.73223 -3.77922e-16)
(25.6309 3.70242 -7.05465e-16)
(25.6177 3.6643 7.01635e-16)
(25.608 3.62764 -5.82802e-16)
(25.5871 3.58646 -2.05154e-15)
(25.553 3.55637 1.23307e-16)
(25.5273 3.52842 5.32736e-16)
(25.5098 3.50124 7.29193e-17)
(25.4961 3.47674 -3.57776e-16)
(25.4849 3.45534 4.17336e-16)
(25.4761 3.43684 -4.29936e-16)
(25.4694 3.42068 6.12914e-16)
(25.464 3.40641 -5.56746e-16)
(25.4597 3.39364 -4.05095e-17)
(25.456 3.38192 -8.18815e-17)
(25.453 3.37077 3.12971e-17)
(25.4502 3.35975 6.42083e-17)
(25.4478 3.34837 1.31896e-16)
(25.4455 3.33602 1.58089e-17)
(25.4434 3.32232 2.65585e-17)
(25.4417 3.30778 -2.12637e-17)
(25.7284 3.78052 8.88471e-18)
(25.7135 3.77297 -6.78503e-17)
(25.6972 3.75989 1.6395e-16)
(25.68 3.74172 1.45276e-16)
(25.665 3.71608 2.53082e-16)
(25.648 3.68763 4.98842e-16)
(25.6391 3.64965 8.88109e-16)
(25.6308 3.61456 -4.39386e-16)
(25.6108 3.5741 7.61404e-16)
(25.5746 3.54557 -1.68499e-16)
(25.5466 3.51907 -5.80231e-16)
(25.528 3.49294 -3.00538e-16)
(25.5135 3.46931 2.41645e-16)
(25.5016 3.44869 3.95797e-17)
(25.4924 3.43087 2.58022e-16)
(25.4852 3.41531 -4.52288e-16)
(25.4796 3.40155 5.19418e-16)
(25.475 3.38926 -4.56389e-17)
(25.4712 3.37797 1.34627e-16)
(25.4679 3.36723 -4.00215e-16)
(25.465 3.35663 6.2248e-17)
(25.4623 3.34568 -4.757e-17)
(25.4598 3.3338 -2.60163e-17)
(25.4575 3.32064 -9.92456e-17)
(25.4557 3.30665 9.04654e-17)
(25.7322 3.762 -9.79399e-18)
(25.7195 3.75496 6.89493e-17)
(25.7056 3.74261 -8.7999e-17)
(25.6912 3.72524 -1.54162e-16)
(25.6788 3.70043 -1.59687e-16)
(25.6647 3.67364 -2.30715e-17)
(25.6596 3.6358 -8.22866e-16)
(25.6515 3.60305 9.73764e-16)
(25.6324 3.56278 6.10377e-16)
(25.5945 3.53517 4.74962e-16)
(25.5647 3.50982 6.61067e-16)
(25.545 3.48461 -5.56004e-16)
(25.5299 3.46175 2.38268e-16)
(25.5175 3.44181 -3.47557e-16)
(25.5078 3.42462 7.52042e-16)
(25.5004 3.40962 -6.66662e-16)
(25.4945 3.39639 8.10365e-17)
(25.4898 3.38458 2.20502e-16)
(25.4858 3.37375 -2.62325e-16)
(25.4824 3.36345 2.04815e-16)
(25.4793 3.35328 -6.44691e-18)
(25.4765 3.34277 9.84831e-18)
(25.4739 3.33137 -6.88424e-17)
(25.4714 3.31873 -2.23568e-16)
(25.4693 3.30531 1.85364e-18)
(25.7358 3.74349 1.49434e-17)
(25.7252 3.737 3.45355e-17)
(25.7138 3.72551 2.88749e-17)
(25.7022 3.70907 -1.17653e-16)
(25.6922 3.68545 -2.95913e-16)
(25.681 3.6606 2.66971e-16)
(25.679 3.62299 -1.52876e-16)
(25.67 3.59355 -2.06281e-16)
(25.6516 3.55269 4.53315e-17)
(25.6127 3.52519 -7.12816e-16)
(25.5814 3.50066 4.19479e-16)
(25.5609 3.47627 -7.24096e-16)
(25.5455 3.45417 -2.73238e-17)
(25.5328 3.43493 5.34703e-16)
(25.5227 3.4183 -7.04405e-16)
(25.515 3.40377 -2.05176e-16)
(25.5089 3.39095 7.70738e-16)
(25.5039 3.37954 -1.4322e-16)
(25.4999 3.36911 -1.55299e-16)
(25.4963 3.35922 2.38862e-16)
(25.4931 3.34948 -2.4487e-16)
(25.4902 3.33942 2.80333e-16)
(25.4873 3.3285 -1.60183e-16)
(25.4846 3.31639 -2.17261e-17)
(25.4823 3.30354 6.20463e-17)
(25.7391 3.725 -1.09471e-17)
(25.7306 3.71914 1.38303e-18)
(25.7217 3.70865 2.50362e-17)
(25.7127 3.69332 -6.31907e-17)
(25.7049 3.67137 2.89096e-16)
(25.6966 3.64869 -1.76947e-16)
(25.6968 3.6116 1.69124e-17)
(25.686 3.58664 -1.7269e-16)
(25.6689 3.54423 4.26438e-16)
(25.6295 3.51586 -8.41698e-16)
(25.5971 3.49153 -1.91502e-17)
(25.5758 3.4676 4.19255e-16)
(25.5601 3.44619 -4.6449e-16)
(25.5474 3.42782 -3.11401e-17)
(25.5372 3.41202 -2.05877e-16)
(25.5293 3.39813 1.23285e-16)
(25.5228 3.38576 -2.72685e-17)
(25.5175 3.37466 -5.40415e-17)
(25.5131 3.36445 8.43104e-17)
(25.5092 3.35478 5.35915e-17)
(25.5058 3.34525 -4.8651e-17)
(25.5025 3.33545 -1.19678e-16)
(25.4994 3.32484 7.25868e-17)
(25.4963 3.3131 -3.39238e-19)
(25.4934 3.30065 1.34983e-16)
(25.4911 3.28825 -6.70776e-17)
(25.7421 3.70654 1.30211e-17)
(25.7358 3.70139 -5.87673e-18)
(25.7291 3.69207 -3.359e-17)
(25.7225 3.67812 -1.15447e-16)
(25.7168 3.65842 -2.82566e-16)
(25.7112 3.63801 2.42379e-16)
(25.7121 3.60211 1.09417e-16)
(25.6996 3.58302 2.10153e-16)
(25.6848 3.53788 4.74054e-16)
(25.6459 3.50789 8.21283e-17)
(25.6127 3.48312 3.12971e-16)
(25.5902 3.45879 -9.6215e-17)
(25.5734 3.43719 2.26757e-16)
(25.5598 3.41905 -6.67272e-16)
(25.5492 3.40394 9.40933e-16)
(25.5412 3.39102 -3.20097e-16)
(25.5349 3.37969 -1.40288e-16)
(25.5295 3.36954 3.51113e-16)
(25.5248 3.36013 -2.21993e-16)
(25.5205 3.35109 7.73198e-18)
(25.5164 3.34207 -3.19289e-17)
(25.5126 3.33272 2.94731e-16)
(25.5087 3.32253 -2.76044e-16)
(25.5049 3.31123 -2.27875e-17)
(25.5013 3.29926 2.23992e-16)
(25.4981 3.28732 -7.70147e-17)
(25.7448 3.6881 6.40763e-18)
(25.7406 3.68375 -2.53968e-17)
(25.7361 3.67576 8.01953e-17)
(25.7316 3.66356 -1.02568e-16)
(25.7276 3.6467 3.84047e-16)
(25.724 3.62861 -1.83487e-16)
(25.7242 3.59536 -2.99829e-16)
(25.7109 3.58361 3.26242e-16)
(25.6998 3.53373 -8.229e-16)
(25.6621 3.50181 5.69317e-16)
(25.6287 3.47691 -6.27481e-16)
(25.6051 3.45249 1.05036e-15)
(25.5864 3.4304 -7.1821e-16)
(25.5702 3.41117 -2.40709e-17)
(25.557 3.3947 1.34981e-16)
(25.5468 3.38059 -3.41128e-16)
(25.5391 3.36857 4.96097e-16)
(25.5332 3.35827 -1.53043e-16)
(25.5284 3.34916 -2.27007e-17)
(25.5242 3.3407 1.93654e-16)
(25.5201 3.33241 -9.81326e-17)
(25.5159 3.32378 -4.30442e-16)
(25.5115 3.31425 1.71466e-16)
(25.5069 3.30355 -6.45678e-18)
(25.5024 3.29226 -4.6568e-17)
(25.4985 3.28127 1.12989e-16)
(25.747 3.66959 -4.88102e-18)
(25.7445 3.66614 2.00341e-17)
(25.742 3.6597 -3.50403e-17)
(25.7394 3.64972 1.97848e-17)
(25.737 3.63623 1.43241e-16)
(25.7349 3.62078 -2.873e-16)
(25.7341 3.59297 2.97724e-17)
(25.7225 3.58921 5.76249e-17)
(25.7145 3.5316 6.21971e-16)
(25.676 3.49491 -7.016e-16)
(25.6406 3.46851 4.73864e-16)
(25.6157 3.44582 -3.55732e-16)
(25.5968 3.42731 6.36193e-16)
(25.5807 3.41159 -9.98967e-16)
(25.5667 3.39715 9.28312e-17)
(25.5544 3.38319 3.04221e-16)
(25.5435 3.36962 4.51837e-16)
(25.5343 3.35665 -4.5094e-16)
(25.5267 3.34431 -2.94371e-17)
(25.5206 3.33251 -1.48227e-16)
(25.5157 3.32106 2.4473e-16)
(25.5114 3.30967 -4.60509e-16)
(25.5071 3.29792 4.56568e-17)
(25.5024 3.28545 2.74652e-16)
(25.497 3.27234 6.16912e-17)
(25.4917 3.25907 -7.8439e-17)
(25.7484 3.65061 3.27052e-17)
(25.7471 3.64825 4.0252e-17)
(25.7459 3.64378 5.53945e-17)
(25.7449 3.63679 -1.94424e-16)
(25.7442 3.62747 2.30146e-16)
(25.7441 3.61599 -1.2514e-16)
(25.7443 3.59738 -2.45622e-16)
(25.7377 3.59932 2.62494e-16)
(25.7309 3.53431 5.54698e-18)
(25.6882 3.48417 -3.41856e-16)
(25.6458 3.44391 7.44918e-16)
(25.6132 3.41276 4.08795e-16)
(25.5894 3.39246 -1.07538e-15)
(25.5731 3.38127 7.05133e-16)
(25.5635 3.37613 -1.44876e-16)
(25.5583 3.37413 -1.25439e-16)
(25.5551 3.37349 2.59953e-16)
(25.5519 3.37317 -7.0058e-17)
(25.5478 3.37243 -1.59106e-16)
(25.5427 3.37094 -3.80918e-16)
(25.5367 3.3684 2.6866e-16)
(25.5302 3.36462 2.14861e-16)
(25.5237 3.35922 -1.30546e-16)
(25.5186 3.3524 -1.02488e-16)
(25.5157 3.3456 1.39995e-17)
(25.5142 3.34001 -1.55767e-17)
(25.7493 3.63039 2.19002e-17)
(25.7487 3.6295 9.06871e-17)
(25.7483 3.62779 -9.43963e-17)
(25.7482 3.6251 1.08751e-16)
(25.7487 3.62151 -2.3033e-16)
(25.75 3.61683 2.05826e-16)
(25.7523 3.61044 -1.00108e-16)
(25.7519 3.61224 2.01309e-16)
(25.7488 3.55854 -6.31557e-16)
(25.7129 3.50419 -2.36728e-16)
(25.6735 3.44696 9.52024e-16)
(25.6366 3.3915 1.27481e-16)
(25.6026 3.34266 -1.21242e-15)
(25.5725 3.30175 8.96845e-16)
(25.5492 3.26846 3.34648e-16)
(25.5336 3.24127 -3.26807e-16)
(25.5252 3.21871 8.7186e-17)
(25.5232 3.19938 -4.98872e-16)
(25.5259 3.18201 -7.17501e-17)
(25.5317 3.16563 5.47962e-16)
(25.5392 3.14943 -9.35469e-16)
(25.5472 3.13264 4.22701e-16)
(25.5539 3.11435 2.91761e-16)
(25.5564 3.09434 2.26249e-16)
(25.5545 3.07388 -3.29914e-16)
(25.5517 3.05428 -2.71254e-17)
)
;

boundaryField
{
    inlet
    {
        type            freestreamVelocity;
        freestreamValue uniform (25.75 3.62 0);
        value           nonuniform List<vector> 
26
(
(25.75 3.62005 1.06631e-19)
(25.75 3.62005 4.4155e-19)
(25.75 3.62004 -4.59608e-19)
(25.75 3.62002 5.29494e-19)
(25.75 3.62001 -1.12144e-18)
(25.75 3.61998 1.00212e-18)
(25.75 3.61995 -4.87395e-19)
(25.75 3.61996 9.80114e-19)
(25.7495 3.59352 -2.72133e-16)
(25.734 3.57005 -1.02099e-16)
(25.717 3.5453 4.11005e-16)
(25.701 3.52126 5.50882e-17)
(25.6862 3.50005 -5.24365e-16)
(25.6732 3.48226 3.88151e-16)
(25.663 3.46777 1.44918e-16)
(25.6562 3.45591 -1.4159e-16)
(25.6526 3.44607 3.7789e-17)
(25.6517 3.43762 -2.16305e-16)
(25.6528 3.43003 -3.11205e-17)
(25.6553 3.42286 2.37748e-16)
(25.6585 3.41576 -4.06012e-16)
(25.662 3.4084 1.83523e-16)
(25.6648 3.40038 1.2672e-16)
(25.6659 3.3916 9.83044e-17)
(25.665 3.38262 -1.43402e-16)
(25.6638 3.37401 -1.17948e-17)
)
;
    }
    outlet
    {
        type            freestreamVelocity;
        freestreamValue nonuniform List<vector> 0();
        value           nonuniform List<vector> 0();
    }
    walls
    {
        type            noSlip;
    }
    frontAndBack
    {
        type            empty;
    }
    procBoundary0to1
    {
        type            processor;
        value           nonuniform List<vector> 
94
(
(14.7938 11.1733 -4.67414e-16)
(15.3212 9.70481 -7.70846e-16)
(15.3212 9.70481 -7.70846e-16)
(15.8494 8.37457 -1.40182e-15)
(15.8494 8.37457 -1.40182e-15)
(16.3881 7.17249 7.09305e-17)
(16.3881 7.17249 7.09305e-17)
(16.9419 6.13331 -1.71331e-15)
(16.9419 6.13331 -1.71331e-15)
(17.5037 5.26561 1.03696e-16)
(17.5037 5.26561 1.03696e-16)
(18.0631 4.54625 -8.61324e-17)
(18.5376 4.58257 4.05971e-16)
(18.5376 4.58257 4.05971e-16)
(19.0315 4.02672 7.18861e-16)
(19.4268 4.07815 5.43076e-16)
(19.4268 4.07815 5.43076e-16)
(19.8629 3.65943 1.22787e-15)
(20.1962 3.72016 2.16471e-17)
(20.5095 3.77087 -8.67714e-17)
(20.5095 3.77087 -8.67714e-17)
(20.8646 3.47245 -5.26614e-16)
(21.132 3.52924 4.48006e-16)
(21.132 3.52924 4.48006e-16)
(21.4458 3.30723 -1.0362e-16)
(21.6751 3.36691 -9.97813e-18)
(21.892 3.41912 -5.72609e-17)
(21.892 3.41912 -5.72609e-17)
(22.148 3.2645 2.11792e-16)
(22.3351 3.31757 -6.21379e-17)
(22.5125 3.36432 -2.24681e-16)
(22.5125 3.36432 -2.24681e-16)
(22.7215 3.25643 1.40134e-16)
(22.8752 3.30244 1.26979e-16)
(22.8752 3.30244 1.26979e-16)
(23.0581 3.22302 -2.31604e-16)
(23.1917 3.26692 3.54599e-16)
(23.3188 3.30568 1.05217e-16)
(23.3188 3.30568 1.05217e-16)
(23.4679 3.2488 3.51726e-16)
(23.579 3.28481 1.41264e-17)
(23.6851 3.31641 -4.12917e-16)
(23.6851 3.31641 -4.12917e-16)
(23.8071 3.27371 -8.06367e-17)
(23.9005 3.30234 1.08628e-16)
(23.9899 3.32725 2.3256e-17)
(23.9899 3.32725 2.3256e-17)
(24.0907 3.293 1.1169e-16)
(24.1701 3.31505 2.78343e-16)
(24.2464 3.33405 1.9782e-16)
(24.2464 3.33405 1.9782e-16)
(24.3306 3.30454 9.09692e-17)
(24.399 3.32107 2.88707e-16)
(24.4649 3.33514 8.98422e-17)
(24.4649 3.33514 8.98422e-17)
(24.5363 3.30801 2.03281e-16)
(24.596 3.32017 2.22212e-16)
(24.6536 3.33041 1.82886e-16)
(24.7092 3.33896 1.3424e-17)
(24.7092 3.33896 1.3424e-17)
(24.7679 3.31304 -9.4226e-17)
(24.8189 3.32056 1.44195e-16)
(24.8682 3.32682 -3.84189e-16)
(24.9159 3.33198 -3.18561e-17)
(24.9159 3.33198 -3.18561e-17)
(24.9652 3.30719 8.17623e-17)
(25.009 3.31199 2.2433e-16)
(25.0511 3.31595 6.16942e-17)
(25.0916 3.31917 -2.78045e-18)
(25.1303 3.32174 -8.17507e-17)
(25.1303 3.32174 -8.17507e-17)
(25.1689 3.29993 -2.35994e-16)
(25.204 3.30262 -1.33688e-17)
(25.2376 3.30484 -6.21032e-17)
(25.2696 3.30663 -6.45457e-17)
(25.3 3.30801 -2.27172e-17)
(25.3285 3.30898 -5.9542e-17)
(25.3285 3.30898 -5.9542e-17)
(25.3552 3.29173 6.80665e-17)
(25.3792 3.2927 -1.54407e-16)
(25.3978 3.29323 -5.30947e-17)
(25.4123 3.29345 -6.16199e-17)
(25.4267 3.29345 1.06903e-16)
(25.4407 3.2932 -9.30974e-17)
(25.4544 3.29265 -6.76531e-18)
(25.4678 3.29189 -2.17387e-16)
(25.4805 3.29073 -3.8468e-17)
(25.4805 3.29073 -3.8468e-17)
(25.4894 3.27618 -7.01729e-17)
(25.4955 3.27566 3.53722e-17)
(25.4952 3.27091 2.42076e-17)
(25.487 3.24588 1.90565e-17)
(25.5132 3.3356 -5.51041e-17)
(25.5504 3.03585 -2.11038e-17)
)
;
    }
    procBoundary0to4
    {
        type            processor;
        value           nonuniform List<vector> 
72
(
(18.5696 14.7731 -5.32987e-19)
(19.2327 14.0588 1.40835e-17)
(19.8238 13.4103 1.20228e-17)
(20.3529 12.8178 -1.83013e-17)
(20.8285 12.2737 2.68859e-17)
(21.2577 11.7716 3.84403e-18)
(21.6463 11.3063 -5.46189e-17)
(21.9991 10.8736 2.41811e-17)
(22.3201 10.4702 -2.1536e-17)
(22.6129 10.0928 2.39346e-17)
(22.8803 9.73919 -5.21546e-18)
(23.1249 9.40705 -4.01781e-17)
(23.3491 9.09452 9.70268e-20)
(23.5546 8.80002 4.98054e-18)
(23.7433 8.52209 2.52921e-17)
(23.9166 8.2595 -1.81832e-17)
(24.0758 8.01112 1.97295e-17)
(24.2223 7.77598 2.30353e-17)
(24.357 7.55319 -4.66348e-17)
(24.4809 7.34195 1.21132e-17)
(24.595 7.14152 4.27147e-18)
(24.6999 6.95126 1.20237e-17)
(24.5707 6.64064 -7.58583e-19)
(24.5707 6.64064 -7.58583e-19)
(24.6693 6.47829 6.29377e-18)
(24.7603 6.32385 -2.71644e-18)
(24.8444 6.17689 -3.84281e-18)
(24.922 6.03703 -6.46771e-18)
(24.9936 5.9039 1.19164e-18)
(25.0597 5.77714 -2.10437e-18)
(25.1207 5.65646 5.01567e-18)
(25.1769 5.54154 -5.31955e-18)
(25.2287 5.43212 -8.3292e-18)
(25.2764 5.32793 -5.23067e-18)
(25.3203 5.22872 -9.87315e-18)
(25.3607 5.13426 1.22448e-17)
(25.3978 5.04433 -2.63137e-18)
(25.4319 4.95873 6.82789e-19)
(25.4632 4.87725 -4.26273e-19)
(25.4919 4.79972 -4.6965e-18)
(25.5182 4.72594 -1.28415e-18)
(25.5423 4.65577 2.32176e-19)
(25.5643 4.58902 -1.05954e-18)
(25.5844 4.52557 -1.51567e-18)
(25.6028 4.46525 2.23729e-18)
(25.6195 4.40793 -7.28468e-19)
(25.6347 4.35348 -6.05564e-18)
(25.6484 4.30177 1.33394e-18)
(25.6609 4.25269 -3.31684e-18)
(25.6723 4.20611 2.33985e-18)
(25.6825 4.16194 1.76459e-18)
(25.6917 4.12005 5.14395e-19)
(25.6999 4.08035 1.2119e-18)
(25.7073 4.04275 -3.98842e-18)
(25.7139 4.00714 1.8083e-18)
(25.7197 3.97344 -2.27567e-18)
(25.7249 3.94155 5.67004e-19)
(25.7294 3.91138 -1.06982e-18)
(25.7333 3.88279 -4.99512e-18)
(25.7362 3.85996 1.71015e-18)
(25.7384 3.84161 -2.76504e-19)
(25.7405 3.8229 5.46736e-20)
(25.7424 3.80402 4.43143e-19)
(25.7441 3.78503 1.04225e-18)
(25.7456 3.766 -3.33747e-18)
(25.7469 3.74697 -5.13122e-20)
(25.7479 3.72798 1.11286e-19)
(25.7487 3.709 -7.96663e-19)
(25.7493 3.69004 1.66292e-18)
(25.7496 3.67102 -4.71384e-18)
(25.7498 3.65152 -2.50956e-18)
(25.7499 3.63072 9.04109e-18)
)
;
    }
    procBoundary0to5
    {
        type            processor;
        value           nonuniform List<vector> 4((17.092 14.8183 -1.39058e-17) (16.4572 14.0468 8.58833e-18) (15.8772 13.2353 1.22481e-16) (15.3195 12.2692 -4.23381e-17));
    }
}


// ************************************************************************* //
