/*--------------------------------*- C++ -*----------------------------------*\
| =========                 |                                                 |
| \\      /  F ield         | OpenFOAM: The Open Source CFD Toolbox           |
|  \\    /   O peration     | Version:  2506                                  |
|   \\  /    A nd           | Website:  www.openfoam.com                      |
|    \\/     M anipulation  |                                                 |
\*---------------------------------------------------------------------------*/
FoamFile
{
    version     2.0;
    format      ascii;
    arch        "LSB;label=32;scalar=64";
    class       volVectorField;
    location    "50";
    object      U;
}
// * * * * * * * * * * * * * * * * * * * * * * * * * * * * * * * * * * * * * //

dimensions      [0 1 -1 0 0 0 0];

internalField   nonuniform List<vector> 
1340
(
(24.7791 2.85853 -5.45007e-16)
(24.0314 3.17831 -3.04529e-16)
(22.8688 3.38792 9.3599e-16)
(20.1395 3.42067 1.99374e-15)
(26.4608 3.47116 2.58125e-16)
(25.8325 3.71679 2.18827e-16)
(25.1591 3.94062 -1.01479e-15)
(23.3143 3.82864 -1.87577e-15)
(27.2261 3.30439 -1.7187e-16)
(26.6337 3.64667 2.35918e-16)
(25.9057 3.89444 1.94373e-15)
(24.1327 3.77121 8.57123e-15)
(27.5868 3.58808 9.03917e-16)
(27.0866 3.85225 -6.06754e-16)
(26.428 3.99379 -8.91827e-16)
(24.723 3.8078 -1.64011e-15)
(27.4738 3.24388 1.5649e-16)
(27.0247 3.58415 2.18302e-16)
(26.4639 3.78022 1.28702e-15)
(25.0039 3.68024 -2.33838e-15)
(27.452 3.48214 -8.87392e-16)
(27.0069 3.75292 3.86745e-16)
(26.4469 3.84507 -1.48431e-15)
(25.1292 3.6512 8.61276e-16)
(27.4051 3.22459 6.52773e-16)
(26.9721 3.5206 -2.75059e-16)
(26.4282 3.64356 7.67203e-17)
(25.2046 3.48999 4.12368e-15)
(27.3618 3.30769 -6.77439e-16)
(26.9386 3.57891 5.61028e-17)
(26.4147 3.64767 1.2073e-16)
(25.2733 3.42949 -2.60772e-16)
(27.321 3.20149 3.27937e-17)
(26.9108 3.47518 -3.93566e-17)
(26.4088 3.54815 1.49113e-16)
(25.3492 3.34216 -3.21855e-16)
(27.2759 3.20671 -1.60168e-16)
(26.8797 3.46501 -4.85465e-17)
(26.4003 3.50821 -1.13257e-15)
(25.4256 3.28089 1.32863e-15)
(27.2343 3.15321 1.50086e-17)
(26.854 3.40218 3.45579e-17)
(26.397 3.43414 1.84418e-15)
(25.505 3.20602 1.38589e-15)
(27.1917 3.12419 3.39219e-16)
(26.8288 3.35879 2.2776e-17)
(26.3955 3.37254 -1.03068e-15)
(25.5851 3.13222 -2.73495e-15)
(27.1501 3.08313 -3.34856e-16)
(26.8056 3.30562 -8.63223e-17)
(26.3963 3.30869 -8.27395e-17)
(25.6648 3.06076 -3.53288e-15)
(27.1083 3.04948 2.43888e-16)
(26.783 3.25911 8.43843e-17)
(26.3983 3.25245 1.78687e-16)
(25.7429 2.99787 2.25396e-15)
(27.0671 3.01322 -4.56434e-17)
(26.7619 3.21067 6.25511e-17)
(26.4019 3.19761 7.21195e-16)
(25.819 2.94123 -1.06207e-15)
(27.0263 2.97879 -1.90716e-17)
(26.7417 3.16414 -9.9199e-17)
(26.4071 3.14619 -1.01672e-15)
(25.893 2.89016 -8.63421e-16)
(26.9857 2.94462 1.42287e-17)
(26.7225 3.11849 6.15889e-17)
(26.4134 3.09775 -3.3499e-16)
(25.9645 2.84456 2.47896e-15)
(26.9454 2.91167 -4.64949e-17)
(26.7039 3.07456 -2.18207e-16)
(26.4206 3.0527 5.98365e-16)
(26.033 2.80465 -1.76561e-15)
(26.9052 2.8799 1.23822e-16)
(26.6857 3.03243 4.6642e-17)
(26.4283 3.01096 4.28047e-16)
(26.098 2.77058 2.73852e-15)
(26.8654 2.84957 -5.48678e-17)
(26.6679 2.9924 1.92558e-16)
(26.4365 2.97262 -4.35043e-16)
(26.1592 2.74229 -1.64316e-15)
(26.826 2.82099 5.77362e-18)
(26.6505 2.9548 -1.70628e-16)
(26.4448 2.9378 -1.97202e-16)
(26.2162 2.71971 3.22478e-16)
(26.7872 2.79427 -1.01145e-18)
(26.6333 2.91975 2.54169e-17)
(26.453 2.9065 2.71455e-16)
(26.269 2.70273 -1.01346e-17)
(26.7485 2.76993 1.27615e-17)
(26.6159 2.88776 3.09156e-18)
(26.4605 2.87886 3.16529e-16)
(26.317 2.69115 -3.66014e-16)
(26.7103 2.74798 -9.90536e-18)
(26.5984 2.85885 -6.14512e-17)
(26.4672 2.85487 -6.41689e-16)
(26.3602 2.68473 2.24752e-16)
(26.6724 2.72901 1.82295e-17)
(26.5806 2.83352 1.29698e-16)
(26.4725 2.83484 2.52947e-16)
(26.3981 2.68332 1.74163e-16)
(26.6351 2.71294 -5.99845e-17)
(26.5624 2.81175 1.28176e-18)
(26.4765 2.81865 3.97211e-16)
(26.431 2.68647 2.4047e-16)
(26.5977 2.70027 6.30979e-17)
(26.5433 2.79398 8.64835e-17)
(26.4783 2.80653 -3.15502e-16)
(26.4583 2.69402 -6.20333e-16)
(26.5607 2.69078 4.71867e-18)
(26.5234 2.77996 -2.92722e-17)
(26.4779 2.79818 2.05898e-16)
(26.48 2.7053 3.74437e-16)
(26.5238 2.68498 -2.63672e-18)
(26.5026 2.77009 -9.6694e-17)
(26.475 2.79388 -2.99949e-16)
(26.4959 2.72023 -4.15936e-16)
(26.4876 2.68257 -2.42339e-17)
(26.481 2.76404 -6.69417e-17)
(26.4697 2.79325 1.39936e-16)
(26.5064 2.73816 -1.89366e-18)
(26.4516 2.68404 -2.54257e-17)
(26.4583 2.76224 -1.72249e-17)
(26.4616 2.79658 1.18633e-17)
(26.5115 2.75907 3.56855e-16)
(26.4159 2.68905 -3.65715e-17)
(26.4345 2.76426 9.59637e-17)
(26.4508 2.80339 3.99486e-17)
(26.5112 2.78224 2.87894e-16)
(26.3803 2.69802 -1.57065e-17)
(26.4093 2.77044 -3.36076e-17)
(26.4367 2.81391 -1.08572e-16)
(26.5055 2.80765 -2.71666e-16)
(26.3452 2.71049 7.29579e-17)
(26.3832 2.78025 4.3475e-17)
(26.42 2.8275 9.23862e-20)
(26.495 2.83458 -1.58581e-16)
(26.3103 2.72661 -1.74094e-17)
(26.3558 2.79377 -1.54524e-16)
(26.4004 2.8442 1.19119e-16)
(26.4798 2.86293 7.61774e-17)
(26.2756 2.74576 2.82329e-17)
(26.3272 2.81036 9.98045e-17)
(26.378 2.86334 -1.46174e-16)
(26.4602 2.89202 -1.18478e-16)
(26.2414 2.76794 -2.8921e-17)
(26.2976 2.8299 -4.79317e-17)
(26.3531 2.88478 7.14601e-17)
(26.4366 2.9218 5.14321e-17)
(26.2079 2.79277 5.27696e-17)
(26.2675 2.85194 1.04429e-17)
(26.3262 2.90796 -8.79229e-17)
(26.4098 2.9517 1.54865e-16)
(26.111 2.76449 -3.6136e-17)
(26.1746 2.82026 1.44978e-17)
(26.2366 2.87654 -5.34033e-17)
(26.2974 2.9329 1.51335e-16)
(26.3797 2.98174 -2.72124e-17)
(26.0782 2.79853 1.06377e-16)
(26.1422 2.84951 -1.58722e-16)
(26.2051 2.90294 2.20767e-16)
(26.2667 2.95898 1.04291e-17)
(26.347 3.01138 4.29596e-18)
(26.0471 2.83396 -3.30107e-17)
(26.1105 2.88062 3.08153e-17)
(26.1733 2.93124 -1.24091e-16)
(26.2347 2.98638 -1.61771e-16)
(26.3123 3.04097 -4.90631e-18)
(26.0174 2.87038 -4.15821e-17)
(26.0795 2.913 9.78309e-17)
(26.1414 2.96073 -2.55791e-17)
(26.2017 3.01443 6.23467e-17)
(26.276 3.06995 -6.74964e-17)
(25.9891 2.90746 7.36057e-17)
(26.0492 2.94636 7.81669e-17)
(26.1094 2.99119 6.69191e-17)
(26.1678 3.04303 1.74562e-17)
(26.2383 3.09849 6.91735e-17)
(25.9624 2.94477 9.9882e-18)
(26.02 2.98023 -2.80898e-17)
(26.078 3.02217 -7.91883e-17)
(26.134 3.07177 7.32441e-17)
(26.2004 3.12629 3.2236e-17)
(25.9371 2.98188 -5.43728e-18)
(25.9918 3.01419 -9.60601e-17)
(26.0469 3.05328 5.52149e-17)
(26.1001 3.1004 -5.53705e-17)
(26.1622 3.15333 -8.94036e-18)
(25.9129 3.01837 2.63938e-17)
(25.9644 3.04777 2.30255e-17)
(26.0164 3.08407 -2.78328e-17)
(26.0664 3.12848 -5.63978e-17)
(26.1241 3.17927 -8.07514e-17)
(25.8903 3.05396 -1.72821e-17)
(25.9384 3.0807 9.15901e-17)
(25.9869 3.11429 -1.22187e-17)
(26.0335 3.15588 6.50171e-17)
(26.0866 3.20417 4.71975e-17)
(25.8695 3.08846 2.95399e-17)
(25.914 3.11273 -7.46262e-17)
(25.9589 3.14366 -3.35459e-18)
(26.002 3.18233 2.42893e-17)
(26.0505 3.22783 -8.06555e-17)
(25.85 3.12162 6.35315e-17)
(25.8909 3.14358 -9.04543e-17)
(25.9321 3.17193 2.61623e-17)
(25.9715 3.20764 7.2268e-17)
(26.0156 3.25014 9.07869e-18)
(25.8317 3.15325 -3.431e-17)
(25.8689 3.17309 6.62277e-18)
(25.9064 3.19896 -4.44059e-17)
(25.9421 3.23169 2.8883e-17)
(25.9819 3.27099 -2.11e-17)
(25.8148 3.18323 3.19856e-17)
(25.8485 3.20106 4.87187e-17)
(25.8823 3.22454 6.19898e-19)
(25.9144 3.25437 -7.91092e-17)
(25.9499 3.29041 -2.71846e-17)
(25.7997 3.21162 -1.43008e-17)
(25.83 3.22763 -8.47626e-17)
(25.8601 3.2488 1.02378e-16)
(25.8887 3.27575 -7.00536e-17)
(25.9203 3.30852 1.07562e-17)
(25.7591 3.22697 4.83744e-18)
(25.7861 3.23814 -1.98787e-17)
(25.8131 3.25242 -1.32491e-17)
(25.8397 3.27138 4.52211e-17)
(25.8649 3.29552 8.69755e-17)
(25.8927 3.32507 -7.95099e-18)
(25.7496 3.25258 -2.10962e-17)
(25.7735 3.26253 -8.83693e-17)
(25.7973 3.27534 1.25068e-16)
(25.8206 3.29227 -6.20088e-17)
(25.8427 3.31366 6.66277e-17)
(25.8672 3.34004 -2.539e-17)
(25.7408 3.27599 5.03894e-17)
(25.7619 3.28485 2.07061e-17)
(25.7828 3.29627 -6.135e-17)
(25.8032 3.31127 3.78401e-17)
(25.8225 3.33009 -9.7091e-18)
(25.8438 3.35346 1.64796e-17)
(25.7331 3.29721 1.32705e-17)
(25.7516 3.30504 -1.58854e-17)
(25.7699 3.31514 1.31557e-17)
(25.7876 3.32837 -3.57067e-17)
(25.8042 3.34485 -2.29127e-17)
(25.8227 3.36545 -1.85654e-18)
(25.7262 3.31642 -4.97748e-17)
(25.7423 3.32329 5.80092e-17)
(25.7582 3.33216 2.26456e-17)
(25.7735 3.34378 5.10962e-17)
(25.7878 3.35815 -1.15892e-17)
(25.8036 3.37622 2.14216e-17)
(25.7203 3.33373 2.40627e-17)
(25.7342 3.33969 5.63499e-17)
(25.7479 3.3474 -5.30944e-17)
(25.7609 3.35751 -4.10712e-17)
(25.773 3.36995 1.83905e-17)
(25.7866 3.38572 -4.50674e-17)
(25.715 3.34924 -1.04526e-17)
(25.7269 3.35437 -2.60386e-17)
(25.7386 3.361 5.17281e-17)
(25.7496 3.36969 -7.73594e-17)
(25.7597 3.38033 -1.55574e-17)
(25.7711 3.39393 5.45331e-17)
(25.7102 3.36301 -8.63908e-17)
(25.7204 3.36732 6.96468e-17)
(25.7302 3.37292 -1.8833e-17)
(25.7394 3.3803 1.02059e-17)
(25.7477 3.38928 2.73006e-18)
(25.7574 3.40087 -4.29297e-17)
(25.7061 3.37519 2.49896e-17)
(25.7147 3.37879 -7.25302e-17)
(25.723 3.38344 4.68009e-17)
(25.7305 3.38962 1.39649e-17)
(25.7374 3.39703 -7.56035e-17)
(25.7454 3.40677 3.38769e-17)
(25.6945 3.38362 1.38374e-18)
(25.7023 3.38578 -1.54511e-17)
(25.7097 3.38873 1.55308e-17)
(25.7165 3.39254 1.51039e-17)
(25.7226 3.39758 -3.44348e-17)
(25.7282 3.40358 -1.34027e-17)
(25.7349 3.41161 1.92537e-17)
(25.6918 3.39287 -7.91463e-17)
(25.6986 3.39467 3.20651e-17)
(25.7049 3.39715 2.50097e-17)
(25.7106 3.40029 -6.45004e-18)
(25.7157 3.40434 4.89088e-17)
(25.7202 3.40911 -4.76997e-17)
(25.7258 3.41564 -1.90879e-17)
(25.6886 3.4006 3.2604e-19)
(25.6944 3.40207 5.45553e-17)
(25.6999 3.40413 -4.40821e-17)
(25.7048 3.40668 -4.76432e-17)
(25.7091 3.40992 4.03232e-17)
(25.7129 3.41364 9.87976e-17)
(25.7176 3.41891 -3.0138e-17)
(25.6846 3.40694 2.09584e-17)
(25.6897 3.40807 -2.32294e-18)
(25.6945 3.40972 -2.98767e-18)
(25.6987 3.41178 8.49103e-20)
(25.7024 3.41437 6.52107e-17)
(25.7056 3.41729 -1.79439e-17)
(25.7096 3.42149 -7.59446e-17)
(25.6797 3.41191 -4.07457e-17)
(25.684 3.41265 4.70007e-17)
(25.6881 3.4139 9.10823e-18)
(25.6919 3.41553 -2.73447e-17)
(25.695 3.41758 -3.23738e-17)
(25.6978 3.41987 1.27511e-17)
(25.7013 3.4232 5.65946e-18)
(25.6744 3.41561 1.58602e-17)
(25.6779 3.41593 -2.80919e-17)
(25.6814 3.41676 6.64627e-17)
(25.6845 3.41798 -5.60881e-17)
(25.6872 3.41957 7.45513e-17)
(25.6897 3.42139 -4.22131e-17)
(25.6929 3.42404 6.85001e-17)
(25.6702 3.41827 -4.57263e-17)
(25.6729 3.41816 -6.67178e-19)
(25.6758 3.41858 -2.94154e-17)
(25.6784 3.41941 -7.61521e-19)
(25.6807 3.42057 -1.34991e-17)
(25.6828 3.42201 -2.22905e-17)
(25.6857 3.42413 2.30317e-17)
(25.6677 3.4201 -6.56417e-17)
(25.6699 3.4196 -7.27149e-18)
(25.6722 3.41962 3.8324e-17)
(25.6745 3.42009 7.28284e-19)
(25.6765 3.42092 -3.0437e-17)
(25.6785 3.42202 4.89702e-18)
(25.6813 3.42374 -3.62448e-17)
(25.6643 3.42204 9.75511e-18)
(25.6659 3.42107 2.70717e-17)
(25.6677 3.42061 -2.35951e-17)
(25.6695 3.4206 -3.09192e-17)
(25.6712 3.42098 -5.46952e-17)
(25.673 3.42167 1.30627e-16)
(25.6759 3.42291 -7.17127e-17)
(25.6608 3.42371 2.62832e-17)
(25.6618 3.42232 -1.03901e-17)
(25.6629 3.42132 7.62521e-18)
(25.6642 3.42077 -4.76438e-17)
(25.6654 3.42062 7.43628e-17)
(25.667 3.42086 -7.54742e-17)
(25.6699 3.42159 8.36189e-17)
(25.6565 3.42671 3.87247e-17)
(25.657 3.42482 1.80861e-17)
(25.6576 3.42314 -1.78772e-17)
(25.6581 3.42174 -1.59218e-17)
(25.6587 3.4207 -3.2031e-17)
(25.6595 3.42003 -2.97847e-17)
(25.6606 3.41981 8.81634e-17)
(25.6635 3.42005 -3.97024e-17)
(25.6526 3.42705 -1.89041e-17)
(25.6527 3.42496 3.15556e-17)
(25.6529 3.42309 -3.22688e-17)
(25.653 3.42141 -2.65688e-17)
(25.6531 3.41996 2.92188e-17)
(25.6534 3.4188 5.50114e-17)
(25.6541 3.41813 -1.11225e-17)
(25.6566 3.41795 2.01112e-17)
(25.6476 3.42711 6.18184e-17)
(25.6474 3.42483 -7.19791e-17)
(25.6472 3.42274 8.13038e-17)
(25.6468 3.42076 -6.57403e-17)
(25.6464 3.41889 -7.21503e-17)
(25.6461 3.41718 1.1006e-16)
(25.6461 3.41588 -7.41584e-17)
(25.6478 3.4146 4.54354e-17)
(25.6401 3.42564 8.55866e-18)
(25.6394 3.42337 -6.38504e-17)
(25.6387 3.42135 4.18837e-17)
(25.6378 3.41947 -1.10083e-17)
(25.6369 3.41769 -4.4004e-17)
(25.6359 3.41606 1.24844e-16)
(25.6354 3.41487 -7.32943e-17)
(25.6369 3.41426 1.18934e-17)
(25.6273 3.42251 -3.35758e-17)
(25.6256 3.41944 -3.27176e-17)
(25.6241 3.41658 -5.09102e-17)
(25.6224 3.41384 9.20667e-17)
(25.6207 3.41116 1.47989e-17)
(25.6189 3.40845 -3.10286e-17)
(25.6167 3.40578 8.86721e-17)
(25.6155 3.40198 -1.12188e-16)
(25.6121 3.42565 4.27668e-17)
(25.6098 3.42428 1.30187e-17)
(25.6076 3.42312 -6.15632e-17)
(25.6053 3.42209 -4.01728e-17)
(25.6029 3.42118 1.85183e-17)
(25.6007 3.42057 2.164e-17)
(25.5999 3.42087 -4.786e-17)
(25.6021 3.42297 9.40662e-18)
(25.5905 3.38789 -6.39343e-17)
(25.5884 3.38366 5.0308e-17)
(25.5867 3.37973 4.31702e-17)
(25.5851 3.37604 -3.3684e-17)
(25.5833 3.37251 1.40638e-16)
(25.5808 3.36882 -1.94991e-16)
(25.5762 3.36502 7.72771e-17)
(25.5702 3.35804 -1.17563e-16)
(25.6091 3.46736 6.95461e-17)
(25.6082 3.46802 -5.3512e-17)
(25.6074 3.46876 4.43038e-18)
(25.6065 3.46957 2.76491e-17)
(25.6061 3.47057 -3.61228e-17)
(25.607 3.47221 -6.20223e-17)
(25.6126 3.4755 7.07885e-17)
(25.6221 3.48057 -1.56973e-17)
(25.6426 3.26372 6.30115e-17)
(25.6451 3.25904 7.59628e-17)
(25.6479 3.25457 -6.07567e-17)
(25.6505 3.25021 -1.60385e-16)
(25.652 3.24575 2.14646e-16)
(25.6516 3.24124 -1.82031e-16)
(25.6449 3.23638 4.40792e-16)
(25.6343 3.23316 -2.77784e-16)
(19.0011 1.44464 5.08992e-19)
(22.4445 1.20643 1.40219e-17)
(23.6351 1.17568 9.60916e-19)
(24.189 1.17123 -4.5663e-19)
(24.4602 1.15638 1.79407e-18)
(24.6019 1.20857 1.18919e-18)
(24.7134 1.24976 -2.3554e-20)
(24.8256 1.3411 1.90293e-19)
(24.9436 1.41409 2.02369e-19)
(25.0636 1.48969 0)
(25.1864 1.55145 -1.82459e-17)
(25.3096 1.61386 7.99042e-20)
(25.4314 1.67771 2.22894e-20)
(25.5503 1.74502 1.04159e-19)
(25.6657 1.81231 -1.58947e-19)
(25.7771 1.87942 2.07959e-17)
(25.8834 1.94599 3.25211e-17)
(25.9842 2.01183 -2.8294e-20)
(26.0785 2.07686 -2.03994e-20)
(26.1661 2.14083 1.54337e-19)
(26.2463 2.20363 -3.12024e-19)
(26.319 2.2652 4.65433e-20)
(26.3838 2.32552 4.28639e-19)
(26.4406 2.38453 2.05959e-19)
(26.4892 2.44231 1.04292e-18)
(26.5299 2.49873 -1.34173e-19)
(26.5625 2.55386 1.64024e-18)
(26.5872 2.60746 1.10113e-18)
(26.6041 2.65967 1.08543e-19)
(26.6139 2.7102 7.16845e-19)
(26.6167 2.75919 -1.75445e-18)
(26.613 2.80631 -1.28671e-17)
(26.603 2.85176 -1.91835e-18)
(26.5875 2.89514 4.7267e-18)
(26.5668 2.93658 -4.50837e-18)
(26.5414 2.97576 -3.29965e-18)
(26.512 3.01294 6.05604e-18)
(26.4792 3.04787 1.19147e-18)
(26.4433 3.08081 9.78494e-19)
(26.405 3.11159 -4.06357e-18)
(26.3649 3.14067 -9.03985e-18)
(26.3234 3.1678 4.34973e-18)
(26.281 3.19342 -1.23067e-18)
(26.2385 3.21744 6.32523e-19)
(26.196 3.24001 3.85308e-18)
(26.1538 3.26104 -9.62181e-18)
(26.1128 3.28074 2.42941e-18)
(26.0733 3.29899 2.15062e-18)
(26.0352 3.31579 1.14598e-17)
(25.9986 3.33113 4.41571e-19)
(25.9641 3.34517 2.65867e-18)
(25.9321 3.35805 -2.31956e-17)
(25.9024 3.36956 6.60978e-18)
(25.875 3.37976 2.84821e-19)
(25.8499 3.38871 -1.03063e-19)
(25.8273 3.39658 -4.44655e-19)
(25.807 3.40355 -1.89725e-18)
(25.7888 3.40954 7.55815e-18)
(25.7725 3.41452 -9.32966e-20)
(25.758 3.41849 2.13336e-17)
(25.7455 3.42163 3.85514e-17)
(25.7344 3.42398 2.70152e-17)
(25.725 3.42574 9.73368e-18)
(25.7165 3.42695 2.68462e-19)
(25.7084 3.42773 3.1539e-18)
(25.7001 3.42783 8.50075e-18)
(25.6917 3.42736 -1.07226e-17)
(25.6844 3.42655 -1.55695e-18)
(25.6802 3.42538 3.21831e-18)
(25.6751 3.42378 -3.1328e-17)
(25.6693 3.42173 -3.46535e-17)
(25.663 3.4194 1.65989e-18)
(25.6561 3.41656 2.43001e-17)
(25.647 3.41225 -3.80937e-17)
(25.6359 3.41205 0)
(25.6133 3.39791 -6.22479e-18)
(25.6013 3.42185 -1.29927e-18)
(25.5665 3.35082 1.1083e-16)
(25.625 3.48211 -1.70799e-18)
(25.6322 3.23106 -1.45025e-16)
(20.4974 -0.504138 -5.93542e-18)
(22.7656 -0.202775 -2.30607e-18)
(24.4833 0.0371399 1.05495e-17)
(25.3792 0.168138 -5.86041e-18)
(25.7042 0.239745 4.02219e-17)
(25.787 0.320671 2.6498e-17)
(25.8644 0.390456 -6.67492e-19)
(25.9667 0.487157 6.71091e-18)
(26.0633 0.564592 9.62436e-18)
(26.154 0.648448 0)
(26.2388 0.732454 2.61042e-17)
(26.318 0.829838 2.42401e-17)
(26.3904 0.935595 -1.12297e-17)
(26.4568 1.04878 -1.72238e-17)
(26.5171 1.16519 3.10102e-17)
(26.5719 1.28496 -2.52052e-17)
(26.6213 1.40647 -2.84292e-17)
(26.6654 1.529 7.70621e-18)
(26.7042 1.65117 7.07802e-18)
(26.738 1.77203 1.06362e-17)
(26.7666 1.89052 -1.04504e-17)
(26.7903 2.00589 6.18313e-18)
(26.8089 2.1174 2.55234e-18)
(26.8225 2.22437 2.0265e-18)
(26.8311 2.32652 7.67094e-18)
(26.8346 2.42331 -2.82594e-18)
(26.8331 2.51462 7.43169e-18)
(26.8265 2.60013 4.06771e-18)
(26.8151 2.67998 3.33816e-19)
(26.7991 2.75402 1.86904e-18)
(26.7787 2.82258 -3.94223e-18)
(26.7541 2.88563 1.17757e-17)
(26.7255 2.94363 9.93717e-18)
(26.6933 2.99652 7.40902e-18)
(26.6578 3.0447 -6.39741e-18)
(26.6195 3.08826 -4.04612e-18)
(26.5787 3.12773 6.86289e-18)
(26.5358 3.16317 1.37128e-18)
(26.4912 3.19514 7.89167e-19)
(26.4454 3.22376 -2.61202e-18)
(26.399 3.24957 4.91304e-19)
(26.352 3.2726 1.11146e-18)
(26.305 3.29345 7.57387e-19)
(26.2586 3.31215 6.80168e-18)
(26.2127 3.32903 1.60367e-18)
(26.1677 3.34416 -2.85759e-18)
(26.1243 3.35788 2.21955e-18)
(26.0828 3.37015 1.23467e-18)
(26.0429 3.38102 -5.85414e-18)
(26.0048 3.39057 -2.099e-18)
(25.9691 3.39905 2.52802e-18)
(25.9361 3.40655 1.23694e-17)
(25.9053 3.41298 7.49087e-18)
(25.877 3.41839 -3.71997e-18)
(25.8512 3.42292 -1.0148e-19)
(25.828 3.4267 -9.32603e-18)
(25.8072 3.42988 -9.65213e-19)
(25.7887 3.43238 -1.32096e-17)
(25.772 3.43417 -3.09017e-17)
(25.7573 3.43525 -4.43126e-18)
(25.7446 3.43578 -3.46591e-17)
(25.7335 3.43572 1.34593e-18)
(25.7239 3.43531 -8.78356e-19)
(25.7154 3.43455 4.85874e-17)
(25.7072 3.43355 9.10875e-18)
(25.699 3.43208 -1.50177e-17)
(25.6906 3.43031 8.45236e-18)
(25.6834 3.42862 -1.25766e-17)
(25.6795 3.42679 1.57811e-17)
(25.6747 3.42461 3.06933e-17)
(25.6693 3.42211 3.0178e-17)
(25.6633 3.41935 1.74257e-18)
(25.6566 3.41621 -2.79073e-17)
(25.6475 3.41151 3.20513e-17)
(25.6359 3.4113 0)
(25.6133 3.3962 8.10929e-18)
(25.5997 3.42074 3.42058e-18)
(25.5685 3.34812 -1.44709e-16)
(25.6227 3.4828 2.40872e-18)
(25.639 3.23248 1.43896e-16)
(24.9752 -1.25501 -3.13637e-18)
(26.0675 -0.873658 7.07557e-18)
(27.1354 -0.568622 4.88938e-18)
(27.721 -0.342517 -3.03444e-18)
(27.9048 -0.145069 6.55787e-18)
(27.9299 0.0483698 1.1551e-17)
(27.9444 0.226168 -2.99592e-19)
(27.9605 0.399066 3.13417e-18)
(27.9662 0.555201 3.37305e-18)
(27.9632 0.708969 0)
(27.9517 0.858418 3.26946e-18)
(27.9329 1.00873 1.59732e-17)
(27.9067 1.1551 -7.92073e-18)
(27.8746 1.29766 -1.18158e-17)
(27.8369 1.43491 4.07074e-18)
(27.7948 1.56802 3.52519e-18)
(27.7487 1.69624 3.60577e-18)
(27.6996 1.8203 4.71971e-18)
(27.6477 1.93974 -1.70518e-17)
(27.5939 2.0548 1.13558e-17)
(27.5387 2.16537 -5.41335e-18)
(27.4824 2.27153 -2.54637e-18)
(27.4255 2.37332 1.15158e-17)
(27.3683 2.47053 4.51871e-18)
(27.311 2.56327 9.93134e-18)
(27.2537 2.65126 3.86868e-19)
(27.1965 2.73445 4.97269e-18)
(27.1396 2.81254 5.53803e-18)
(27.0829 2.88554 4.56474e-19)
(27.0264 2.95318 3.64881e-18)
(26.9702 3.01562 -1.28701e-18)
(26.9141 3.0727 -2.39184e-18)
(26.858 3.12464 -3.25323e-18)
(26.8021 3.17137 3.08472e-18)
(26.7463 3.21319 -8.04809e-18)
(26.6906 3.2502 2.86038e-18)
(26.6351 3.28287 9.20386e-18)
(26.5798 3.31132 1.55231e-18)
(26.5249 3.33612 9.14436e-18)
(26.4708 3.35745 -1.32609e-18)
(26.4175 3.37582 4.39281e-18)
(26.365 3.39134 7.38128e-18)
(26.3136 3.40461 2.64248e-18)
(26.2637 3.41574 8.30024e-18)
(26.2151 3.4251 -3.17203e-18)
(26.1681 3.43291 -5.50126e-18)
(26.1233 3.43951 2.63362e-18)
(26.0806 3.44486 6.02592e-18)
(26.0399 3.44909 2.3689e-18)
(26.0014 3.45229 1.90163e-18)
(25.9655 3.45473 2.28103e-18)
(25.9323 3.45646 -2.39323e-18)
(25.9014 3.45745 1.00195e-17)
(25.8731 3.45782 3.77476e-19)
(25.8473 3.45766 3.58769e-18)
(25.8242 3.45713 1.2715e-17)
(25.8035 3.45632 -1.97937e-18)
(25.785 3.45516 1.00406e-17)
(25.7686 3.45364 4.15005e-18)
(25.7541 3.45176 -4.08501e-19)
(25.7416 3.44961 1.72067e-18)
(25.7307 3.44718 -7.35121e-19)
(25.7214 3.44463 -8.00275e-19)
(25.713 3.44192 -4.56414e-17)
(25.7051 3.43919 -2.4605e-18)
(25.697 3.43618 -3.14891e-18)
(25.6889 3.43312 -8.88636e-18)
(25.6819 3.4305 -4.84488e-19)
(25.6782 3.42797 -9.4194e-18)
(25.6738 3.42521 -3.28937e-17)
(25.6688 3.42229 -2.8908e-17)
(25.6631 3.41923 -1.59185e-17)
(25.6567 3.41595 -1.51644e-17)
(25.6478 3.41108 -2.74006e-18)
(25.6357 3.41079 0)
(25.6136 3.39506 -1.55149e-17)
(25.5976 3.41961 1.31831e-16)
(25.5715 3.34688 1.41235e-16)
(25.6201 3.48375 -1.24829e-18)
(25.6467 3.23402 -5.25254e-19)
(28.2056 1.67631 -3.73377e-18)
(28.5629 1.77158 1.92327e-18)
(28.8679 1.83284 1.5714e-18)
(29.032 1.88415 -9.7697e-19)
(29.0905 1.93319 1.93896e-18)
(29.1007 1.98488 3.72026e-18)
(29.0943 2.03661 -1.00992e-19)
(29.0735 2.08891 5.91019e-19)
(29.0378 2.14226 -3.46425e-18)
(28.9893 2.19954 0)
(28.9297 2.26026 4.13632e-18)
(28.8607 2.32438 6.64461e-18)
(28.7837 2.3901 -3.42517e-18)
(28.7002 2.45709 -2.91612e-18)
(28.6115 2.52454 -2.56277e-18)
(28.5187 2.59208 -4.12926e-18)
(28.4229 2.65883 -4.7172e-18)
(28.3249 2.72441 -2.58965e-18)
(28.2255 2.78807 -1.40965e-17)
(28.1254 2.84946 6.60948e-18)
(28.0251 2.90821 8.67293e-18)
(27.9252 2.96407 -5.94346e-18)
(27.8262 3.01708 -1.16026e-17)
(27.7284 3.06717 1.2715e-17)
(27.6321 3.11456 7.39512e-18)
(27.5377 3.15928 -1.9379e-18)
(27.4455 3.20152 1.28231e-17)
(27.3556 3.2412 4.71774e-18)
(27.2683 3.27847 4.04423e-19)
(27.1837 3.31317 4.131e-18)
(27.1016 3.34539 9.87685e-19)
(27.0222 3.37489 -2.99838e-18)
(26.9454 3.40172 3.05298e-18)
(26.8712 3.42567 7.31351e-18)
(26.7994 3.44679 9.41349e-18)
(26.73 3.46506 2.39209e-18)
(26.6627 3.48068 -1.9681e-17)
(26.5976 3.49362 1.61793e-18)
(26.5347 3.50419 -6.30224e-18)
(26.4741 3.51243 2.30389e-18)
(26.4155 3.51859 -9.77563e-18)
(26.359 3.52275 -1.14329e-17)
(26.3047 3.52535 5.97616e-18)
(26.2525 3.52643 6.7613e-18)
(26.2024 3.52638 1.96929e-18)
(26.1546 3.52537 -5.21784e-18)
(26.1095 3.52368 2.41019e-18)
(26.0668 3.52125 5.56821e-18)
(26.0263 3.51816 2.16629e-18)
(25.9883 3.5145 -2.31054e-18)
(25.9531 3.51051 3.31461e-18)
(25.9205 3.50618 2.99962e-18)
(25.8904 3.50152 -1.41102e-19)
(25.8628 3.49665 -1.39368e-18)
(25.8377 3.49169 -4.36791e-18)
(25.8153 3.48674 -7.5183e-18)
(25.7953 3.48186 -5.35102e-18)
(25.7775 3.477 -1.31137e-18)
(25.7616 3.47212 1.85669e-17)
(25.7478 3.46728 -3.64631e-19)
(25.736 3.46252 2.11751e-17)
(25.7256 3.45777 -6.57197e-19)
(25.7168 3.45318 -7.19293e-19)
(25.709 3.44868 -6.79286e-20)
(25.7014 3.44432 2.89625e-18)
(25.6937 3.43989 -2.88048e-18)
(25.6859 3.43558 -1.87028e-19)
(25.6791 3.43202 -4.33119e-19)
(25.6758 3.42877 2.53532e-18)
(25.6716 3.42539 2.23597e-18)
(25.667 3.42204 4.19767e-19)
(25.6618 3.4187 2.22668e-18)
(25.6558 3.41539 -3.16305e-19)
(25.6473 3.41049 -2.15668e-18)
(25.6349 3.41013 0)
(25.6134 3.39401 1.78507e-18)
(25.5956 3.41848 -7.28112e-18)
(25.5737 3.34621 -3.6717e-17)
(25.6192 3.48491 7.56551e-19)
(25.6526 3.23488 -3.71634e-19)
(26.8552 5.07834 1.05603e-18)
(27.1404 4.98935 7.09511e-19)
(27.4057 4.89821 2.93975e-19)
(27.6338 4.80729 -3.94196e-19)
(27.8279 4.71731 -2.31396e-18)
(27.9921 4.62955 -6.33111e-18)
(28.1296 4.54391 5.04138e-18)
(28.2408 4.46125 -1.13747e-19)
(28.3263 4.38243 -1.56193e-18)
(28.3876 4.30826 0)
(28.4263 4.23897 -6.8464e-18)
(28.4439 4.17486 -9.14636e-18)
(28.4427 4.116 3.05986e-18)
(28.4245 4.06276 3.96121e-18)
(28.3917 4.01517 -4.9546e-19)
(28.346 3.97329 -1.69449e-18)
(28.2896 3.93687 -3.61952e-18)
(28.2241 3.90567 -1.43524e-18)
(28.1514 3.87916 1.39705e-17)
(28.0727 3.85688 2.96485e-18)
(27.9897 3.83819 4.96402e-18)
(27.9031 3.82244 5.45201e-18)
(27.8142 3.80908 -3.67665e-18)
(27.7237 3.79766 6.46514e-18)
(27.6325 3.78778 -1.04727e-17)
(27.5411 3.77908 -5.77935e-18)
(27.4502 3.77138 -1.50686e-17)
(27.3602 3.76436 -8.60416e-18)
(27.2715 3.75795 -1.50927e-17)
(27.1845 3.75189 -4.93509e-18)
(27.0995 3.74611 -2.68289e-17)
(27.0167 3.74034 8.938e-18)
(26.9362 3.73453 1.26688e-17)
(26.8583 3.72846 -9.50436e-18)
(26.7829 3.72209 4.89215e-18)
(26.7101 3.71527 -5.21386e-18)
(26.6398 3.70806 -3.85832e-18)
(26.5722 3.70029 1.57948e-17)
(26.5073 3.69206 -3.53079e-18)
(26.4453 3.68319 -3.63599e-18)
(26.3857 3.67375 7.63879e-18)
(26.3288 3.6637 2.03085e-17)
(26.2744 3.65325 -9.052e-18)
(26.2225 3.64238 6.31817e-18)
(26.1731 3.63138 1.25926e-17)
(26.1264 3.62034 -4.86944e-18)
(26.0825 3.60941 2.3372e-18)
(26.0412 3.59843 -6.61172e-19)
(26.0022 3.58747 -4.31634e-18)
(25.9659 3.57654 -7.18282e-18)
(25.9324 3.5658 3.32321e-18)
(25.9014 3.5552 -1.1832e-17)
(25.8728 3.54475 -1.31012e-19)
(25.8467 3.53458 -5.87747e-19)
(25.8231 3.52474 -3.24143e-19)
(25.802 3.51533 2.41052e-18)
(25.7832 3.50636 -1.68276e-18)
(25.7665 3.49777 -1.24309e-18)
(25.7517 3.48957 -1.08341e-18)
(25.7389 3.4818 1.04616e-18)
(25.728 3.47444 -3.24959e-18)
(25.7186 3.46748 -1.60669e-18)
(25.7107 3.46096 -2.05911e-17)
(25.7035 3.45474 2.82224e-17)
(25.6966 3.44889 1.91094e-17)
(25.6895 3.44313 -2.82092e-18)
(25.6822 3.43769 -1.84494e-19)
(25.6757 3.43321 -1.5404e-17)
(25.6726 3.42922 2.45225e-18)
(25.6687 3.42518 7.92361e-18)
(25.6644 3.42134 3.70522e-19)
(25.6597 3.41772 4.37059e-17)
(25.6541 3.4144 -2.49143e-19)
(25.6461 3.40952 -2.80921e-17)
(25.6335 3.4091 0)
(25.6125 3.3928 -4.07332e-18)
(25.5936 3.41727 1.58344e-18)
(25.5755 3.34571 3.43944e-17)
(25.6191 3.48585 7.39489e-19)
(25.6579 3.23532 -3.80174e-19)
(24.4489 6.85563 -6.84125e-20)
(24.7483 6.75713 8.07568e-20)
(25.0469 6.65758 7.00334e-19)
(25.3377 6.55208 8.44661e-20)
(25.6177 6.44304 -5.7316e-21)
(25.8841 6.33064 6.8973e-18)
(26.1344 6.21564 -9.23468e-18)
(26.3664 6.09888 9.40179e-19)
(26.5782 5.98106 6.02036e-18)
(26.7684 5.86295 0)
(26.9363 5.7451 3.65291e-18)
(27.0813 5.62829 -1.1358e-19)
(27.2037 5.51311 -1.68964e-20)
(27.3038 5.40031 1.97142e-18)
(27.3828 5.29047 -6.41365e-20)
(27.4416 5.18425 4.96825e-18)
(27.4818 5.08215 -8.36975e-19)
(27.5048 4.98463 1.03787e-17)
(27.5124 4.89197 1.15395e-19)
(27.5062 4.80446 2.82646e-18)
(27.4879 4.72212 -2.6969e-17)
(27.4591 4.64494 1.68008e-19)
(27.4215 4.57279 1.41321e-17)
(27.3763 4.50552 -1.50006e-17)
(27.3249 4.44286 7.94808e-19)
(27.2686 4.38457 1.10489e-17)
(27.2084 4.33036 -6.38091e-19)
(27.1453 4.27983 -3.33198e-19)
(27.0801 4.23268 7.86122e-18)
(27.0135 4.18854 8.98776e-18)
(26.9462 4.14715 2.6647e-17)
(26.8788 4.1081 -1.20027e-17)
(26.8116 4.07122 2.46433e-18)
(26.7451 4.0362 2.92331e-17)
(26.6797 4.00291 -3.61734e-18)
(26.6154 3.97117 8.36442e-18)
(26.5526 3.94093 -2.64986e-18)
(26.4916 3.91197 -1.29721e-17)
(26.4327 3.88426 5.31351e-18)
(26.3759 3.85751 3.95954e-18)
(26.3211 3.83167 4.47178e-18)
(26.2686 3.80661 -2.34218e-17)
(26.2184 3.78241 -1.63251e-19)
(26.1704 3.75897 -2.85103e-18)
(26.1247 3.7365 2.54106e-18)
(26.0816 3.71496 -4.13689e-18)
(26.0411 3.6944 1.20812e-17)
(26.003 3.67459 1.02733e-17)
(25.9672 3.65553 8.02676e-18)
(25.934 3.63719 2.15627e-17)
(25.9034 3.61963 -4.75053e-18)
(25.8751 3.60273 2.33592e-18)
(25.849 3.58652 1.15165e-17)
(25.8252 3.57108 -4.58538e-19)
(25.8038 3.55643 8.03174e-19)
(25.7847 3.54261 2.04283e-18)
(25.7677 3.52961 2.6006e-18)
(25.7526 3.51738 -1.21086e-18)
(25.7394 3.5059 -2.21538e-18)
(25.728 3.49523 -1.72793e-18)
(25.7184 3.48537 -3.21823e-18)
(25.7102 3.47624 -3.65957e-19)
(25.7033 3.46787 1.91394e-17)
(25.6971 3.46006 -2.95207e-17)
(25.691 3.45281 -1.34144e-17)
(25.6846 3.44584 -2.86084e-18)
(25.678 3.43936 5.21957e-18)
(25.6719 3.43402 2.15744e-17)
(25.6692 3.42932 2.57319e-18)
(25.6656 3.42462 1.68329e-18)
(25.6615 3.42027 6.28556e-19)
(25.6571 3.41632 -2.57691e-17)
(25.652 3.41295 1.10658e-17)
(25.6444 3.4081 2.48907e-17)
(25.6317 3.40762 0)
(25.6114 3.39132 1.57617e-17)
(25.5916 3.4158 -1.09899e-16)
(25.5775 3.34531 -1.04277e-18)
(22.8967 7.2549 2.94226e-20)
(23.1271 7.19563 -1.11876e-19)
(23.3678 7.13311 -1.50809e-19)
(23.6158 7.06362 8.38784e-20)
(23.8688 6.98844 8.84622e-20)
(24.1239 6.90754 -4.86556e-19)
(24.3785 6.82127 6.67229e-19)
(24.6296 6.73007 -1.75064e-19)
(24.8746 6.63433 -3.0146e-19)
(25.1107 6.53462 0)
(25.3358 6.43141 -1.48097e-19)
(25.5477 6.32532 3.43174e-19)
(25.7446 6.21694 3.98055e-20)
(25.9251 6.1069 -3.55154e-19)
(26.0884 5.99582 9.82532e-20)
(26.2337 5.88436 -6.37956e-20)
(26.3609 5.77311 8.73545e-19)
(26.4701 5.66274 -5.84787e-19)
(26.5616 5.55377 -8.26408e-20)
(26.6362 5.4468 -2.20959e-18)
(26.6948 5.34226 2.77847e-19)
(26.7384 5.24064 -1.38961e-17)
(26.7682 5.14228 9.91941e-18)
(26.7856 5.04747 -9.56084e-20)
(26.7918 4.95644 2.68267e-21)
(26.788 4.86936 -2.75182e-20)
(26.7757 4.78628 -2.14191e-21)
(26.756 4.70722 -2.02039e-20)
(26.7299 4.63209 -9.9678e-20)
(26.6986 4.56079 2.5245e-19)
(26.6631 4.49316 8.28962e-20)
(26.6241 4.42899 -3.24933e-19)
(26.5824 4.3681 7.18274e-19)
(26.5387 4.31033 -3.05384e-17)
(26.4935 4.25551 1.61987e-19)
(26.4474 4.20348 5.40201e-19)
(26.4009 4.15415 -1.15419e-18)
(26.3544 4.10729 4.76265e-19)
(26.3085 4.06277 4.00778e-19)
(26.2633 4.02033 9.33869e-20)
(26.2189 3.97988 6.55413e-19)
(26.1758 3.94124 -9.22652e-19)
(26.134 3.90443 -1.01349e-19)
(26.0937 3.86936 2.37421e-18)
(26.0551 3.83615 1.71405e-18)
(26.0185 3.8047 -2.89524e-18)
(25.9839 3.77496 2.98809e-18)
(25.9512 3.74669 3.36889e-18)
(25.9204 3.71988 1.36261e-18)
(25.8919 3.69442 2.41623e-18)
(25.8656 3.67032 4.72418e-19)
(25.8412 3.64742 -2.12209e-18)
(25.8187 3.62573 3.99241e-18)
(25.7983 3.60527 -4.01601e-19)
(25.7799 3.58602 2.79302e-18)
(25.7635 3.56801 -4.96316e-20)
(25.7489 3.55117 4.26592e-19)
(25.7361 3.53544 -1.15029e-18)
(25.7248 3.52084 -1.57758e-18)
(25.7152 3.50741 -4.33829e-20)
(25.7072 3.49511 -8.25234e-18)
(25.7005 3.48392 1.12007e-19)
(25.6949 3.47377 -6.68531e-19)
(25.6899 3.46445 2.28677e-19)
(25.6848 3.45592 2.78388e-18)
(25.6794 3.44785 -2.84811e-18)
(25.6735 3.44044 -9.91255e-19)
(25.6679 3.43434 -1.38429e-18)
(25.6656 3.42903 2.68786e-18)
(25.6623 3.42371 -2.97484e-18)
(25.6586 3.41886 1.50239e-19)
(25.6546 3.41457 -3.56017e-17)
(25.6497 3.41105 3.33641e-17)
(25.6424 3.40618 -2.51516e-17)
(25.6297 3.40563 0)
(25.61 3.38953 8.2115e-19)
(22.2229 7.02876 -1.87437e-18)
(22.3696 7.00518 -3.14426e-18)
(22.5295 6.97762 -4.4684e-19)
(22.7021 6.94456 -5.19997e-21)
(22.8859 6.90605 7.46004e-20)
(23.0797 6.86204 -7.10658e-19)
(23.2816 6.81237 3.7304e-18)
(23.4897 6.75711 -3.60001e-19)
(23.702 6.6963 -4.31717e-18)
(23.9162 6.63013 0)
(24.1301 6.55882 -2.59486e-18)
(24.3415 6.48269 3.59105e-19)
(24.5482 6.40212 4.4084e-20)
(24.7482 6.31753 -9.26229e-18)
(24.9395 6.22939 1.24467e-19)
(25.1206 6.13819 -1.90664e-19)
(25.29 6.04444 1.30672e-18)
(25.4466 5.9487 -8.28083e-18)
(25.5897 5.85152 -9.09908e-18)
(25.7186 5.75343 -1.54143e-18)
(25.8333 5.65496 2.29069e-17)
(25.9336 5.55666 3.47955e-18)
(26.0199 5.45899 -1.89438e-18)
(26.0927 5.36241 -5.03964e-19)
(26.1527 5.26732 1.77569e-20)
(26.2005 5.17413 -1.0212e-17)
(26.2372 5.08314 1.42241e-17)
(26.2636 4.99463 3.15259e-19)
(26.2807 4.90879 -8.311e-18)
(26.2896 4.82579 -8.47685e-18)
(26.2911 4.7457 -2.80401e-17)
(26.2863 4.6686 1.21463e-17)
(26.276 4.59452 -3.29084e-17)
(26.2609 4.52346 1.70022e-17)
(26.2419 4.45539 -9.61315e-20)
(26.2196 4.39028 -2.24925e-19)
(26.1948 4.3281 3.12575e-19)
(26.1682 4.26877 -7.12714e-20)
(26.1401 4.21216 1.95259e-17)
(26.1111 4.15811 -6.0707e-18)
(26.0815 4.10655 -1.69113e-17)
(26.0517 4.05737 -1.84364e-19)
(26.022 4.01056 1.65094e-17)
(25.9927 3.96608 9.90968e-18)
(25.9641 3.92399 6.60711e-19)
(25.9366 3.88418 -1.27219e-18)
(25.9102 3.84658 -1.07422e-17)
(25.885 3.81098 1.81503e-18)
(25.8612 3.77735 7.96306e-19)
(25.839 3.7456 -2.29519e-17)
(25.8184 3.71567 -2.01708e-17)
(25.7992 3.68742 2.01213e-17)
(25.7815 3.66083 -1.55925e-17)
(25.7654 3.63587 -2.9121e-18)
(25.751 3.61248 1.18772e-19)
(25.7381 3.59066 -4.49561e-18)
(25.7266 3.57032 -3.89123e-18)
(25.7165 3.55142 -1.02601e-18)
(25.7078 3.53394 3.23695e-18)
(25.7004 3.51794 -8.09458e-19)
(25.6944 3.50339 9.38883e-19)
(25.6894 3.49026 -5.7325e-19)
(25.6854 3.47844 -6.32225e-19)
(25.6817 3.46772 9.18676e-19)
(25.6778 3.45802 2.62802e-18)
(25.6735 3.44896 -2.69648e-18)
(25.6687 3.44077 -9.61579e-19)
(25.6638 3.434 -2.93177e-18)
(25.6619 3.42821 2.49246e-17)
(25.6591 3.42239 6.57318e-18)
(25.6558 3.4171 2.1227e-19)
(25.652 3.41245 4.11492e-17)
(25.6475 3.40874 -6.09484e-17)
(25.6404 3.40382 -1.58275e-19)
(22.0849 6.59898 1.74555e-18)
(22.1642 6.5903 2.43868e-18)
(22.256 6.58056 1.22833e-20)
(22.3607 6.56776 5.01201e-20)
(22.4777 6.55177 4.7717e-20)
(22.6066 6.53236 -4.60204e-18)
(22.7466 6.50907 3.09777e-18)
(22.8966 6.48166 -7.9215e-20)
(23.0556 6.44984 3.42041e-19)
(23.2221 6.41347 0)
(23.3946 6.37238 2.63649e-19)
(23.5714 6.32658 2.57502e-19)
(23.7508 6.27605 3.23389e-20)
(23.931 6.22093 8.53784e-18)
(24.1102 6.16134 9.63244e-20)
(24.2866 6.09752 3.30328e-20)
(24.4584 6.02973 1.0796e-18)
(24.6243 5.95834 5.47088e-19)
(24.7827 5.88368 1.55801e-18)
(24.9324 5.80622 -1.43823e-18)
(25.0725 5.72634 -2.12865e-18)
(25.2023 5.64455 9.37665e-18)
(25.3211 5.56126 -1.79993e-17)
(25.4287 5.47697 -4.80767e-19)
(25.525 5.39208 2.15103e-20)
(25.61 5.30705 1.25409e-18)
(25.6841 5.22223 -1.70744e-18)
(25.7476 5.13802 2.93888e-19)
(25.8012 5.05471 2.16003e-18)
(25.8453 4.97263 -1.77844e-19)
(25.8808 4.89201 4.94172e-17)
(25.9083 4.81311 -5.68088e-18)
(25.9286 4.73608 2.28405e-18)
(25.9423 4.66116 -1.71495e-18)
(25.9503 4.58843 -2.82965e-19)
(25.9533 4.51805 -8.03325e-19)
(25.952 4.45009 1.46694e-18)
(25.9471 4.38459 -5.18822e-19)
(25.9391 4.32152 -1.95916e-17)
(25.9285 4.26087 5.90434e-18)
(25.916 4.20265 1.63005e-17)
(25.9018 4.14684 5.07534e-19)
(25.8865 4.09348 -1.62647e-17)
(25.8704 4.04259 -1.1498e-18)
(25.8539 3.99423 -4.17452e-19)
(25.8375 3.94832 4.33359e-19)
(25.8212 3.90483 -8.26454e-20)
(25.8052 3.8636 1.02337e-19)
(25.7899 3.82466 1.58544e-19)
(25.7755 3.78789 -3.0057e-19)
(25.7619 3.75328 3.14374e-17)
(25.7492 3.72067 -2.21949e-17)
(25.7373 3.69006 2.14185e-17)
(25.7265 3.66136 -5.2793e-19)
(25.7169 3.63452 -3.02102e-18)
(25.7083 3.60949 9.38548e-18)
(25.7007 3.58619 4.52545e-18)
(25.6939 3.56456 -8.40274e-19)
(25.6882 3.54462 -5.86938e-18)
(25.6835 3.5264 -5.93488e-20)
(25.6798 3.50987 -1.46147e-18)
(25.6769 3.49498 -5.38774e-19)
(25.6746 3.48164 -3.18911e-18)
(25.6725 3.46965 -6.63567e-19)
(25.67 3.45889 3.00611e-18)
(25.6669 3.44897 -5.56418e-18)
(25.6631 3.4401 -3.93571e-18)
(25.6591 3.43282 -2.67909e-18)
(25.6579 3.42671 -6.42459e-19)
(25.6557 3.42054 1.74484e-18)
(25.653 3.41493 4.37913e-19)
(22.2326 6.1533 5.53555e-20)
(22.2624 6.15661 5.46051e-19)
(22.3029 6.15831 -1.52904e-19)
(22.3549 6.15788 5.09464e-20)
(22.4183 6.15521 4.46976e-20)
(22.4931 6.1502 4.24545e-18)
(22.579 6.14247 -3.09088e-18)
(22.6758 6.13184 1.00905e-19)
(22.7827 6.11801 3.44045e-18)
(22.8992 6.10077 0)
(23.0244 6.07989 2.04966e-18)
(23.1573 6.0552 2.0311e-19)
(23.2966 6.02655 2.54599e-20)
(23.4412 5.99382 -2.48398e-19)
(23.5897 5.95696 -3.16382e-18)
(23.7406 5.91595 2.43178e-18)
(23.8925 5.87082 8.64233e-19)
(24.0438 5.8217 5.21976e-18)
(24.1933 5.76871 7.04385e-18)
(24.3394 5.7121 -4.9693e-19)
(24.4809 5.65211 -1.48528e-17)
(24.6167 5.58907 -1.57877e-19)
(24.7459 5.52328 1.40251e-17)
(24.8676 5.45514 -3.9031e-19)
(24.9812 5.38502 -4.44153e-19)
(25.0861 5.31332 7.41467e-18)
(25.1822 5.24037 -1.04286e-17)
(25.2693 5.16663 2.35168e-19)
(25.3476 5.09238 7.98443e-18)
(25.417 5.01804 4.8334e-18)
(25.4781 4.94385 -2.2511e-17)
(25.531 4.87017 -3.4774e-18)
(25.5764 4.79719 1.56735e-17)
(25.6147 4.72522 6.80136e-18)
(25.6465 4.65441 2.96441e-18)
(25.6723 4.58501 -7.15341e-18)
(25.6929 4.51714 2.31867e-17)
(25.7087 4.45096 -8.09572e-19)
(25.7203 4.38656 -4.96197e-18)
(25.7282 4.32402 -3.91632e-18)
(25.7329 4.26343 -8.21258e-19)
(25.7349 4.20489 1.03979e-18)
(25.7347 4.14852 1.02007e-19)
(25.7327 4.09441 -2.12711e-17)
(25.7294 4.04264 -1.77058e-17)
(25.725 3.99321 1.91735e-18)
(25.7199 3.94613 1.022e-17)
(25.7143 3.90134 -1.46556e-18)
(25.7085 3.8589 -4.38754e-19)
(25.7029 3.81875 2.42911e-17)
(25.6973 3.78088 -7.44227e-19)
(25.6919 3.74519 -1.15795e-17)
(25.6867 3.71169 4.55632e-19)
(25.6821 3.68028 -2.17261e-19)
(25.678 3.65088 -1.89122e-20)
(25.6744 3.62341 7.68078e-19)
(25.6712 3.59784 1.98961e-19)
(25.6684 3.57412 -6.19979e-19)
(25.6662 3.55226 -9.51519e-19)
(25.6645 3.53227 -2.19346e-19)
(25.6634 3.51409 3.61744e-18)
(25.6627 3.49775 -1.15726e-18)
(25.6624 3.48313 1.99066e-18)
(25.662 3.47005 1.12734e-20)
(25.6611 3.45839 1.40295e-18)
(25.6595 3.44777 -6.97653e-18)
(22.4892 5.71997 3.39013e-19)
(22.4828 5.72986 -1.77826e-19)
(22.4857 5.73742 -6.69967e-20)
(22.4987 5.7441 1.47199e-19)
(22.5218 5.74929 2.82878e-19)
(22.5553 5.75293 -4.09301e-18)
(22.599 5.75473 2.08818e-18)
(22.6531 5.75455 -2.56855e-19)
(22.7173 5.75212 -2.90459e-18)
(22.7913 5.74727 0)
(22.8747 5.73981 2.43292e-19)
(22.967 5.72953 2.328e-19)
(23.0675 5.71624 9.42232e-19)
(23.1754 5.69978 -4.55317e-18)
(23.2898 5.67997 3.45764e-18)
(23.4097 5.6567 -6.13579e-19)
(23.5339 5.62983 1.48747e-18)
(23.6613 5.59931 -4.36448e-18)
(23.7907 5.5651 -1.10618e-19)
(23.9209 5.52724 -1.34601e-18)
(24.0506 5.48578 1.13274e-17)
(24.1787 5.44086 7.71765e-19)
(24.304 5.39263 -1.11265e-17)
(24.4256 5.34135 5.93885e-18)
(24.5424 5.28723 4.81848e-19)
(24.6538 5.2306 -1.32108e-18)
(24.7591 5.17174 5.90418e-19)
(24.8578 5.11103 3.10428e-19)
(24.9496 5.04876 8.20136e-19)
(25.0343 4.9853 -1.08418e-17)
(25.1118 4.92094 -3.75426e-19)
(25.1822 4.85603 1.22545e-18)
(25.2456 4.79081 6.65701e-18)
(25.3023 4.72565 -1.9086e-17)
(25.3527 4.66071 -3.73016e-18)
(25.397 4.59629 4.67554e-18)
(25.4358 4.53254 -1.82731e-17)
(25.4694 4.46967 -9.55187e-19)
(25.4982 4.4078 3.55249e-18)
(25.5227 4.34714 5.94817e-19)
(25.5432 4.28783 -3.79725e-18)
(25.5605 4.23006 1.3761e-18)
(25.5748 4.17389 1.12499e-17)
(25.5866 4.11949 1.38145e-17)
(25.5964 4.06703 5.48656e-19)
(25.6043 4.01658 2.99298e-18)
(25.6106 3.96822 -1.21892e-17)
(25.6158 3.922 -2.66663e-18)
(25.6201 3.87801 -1.01465e-17)
(25.6238 3.83625 -2.29542e-17)
(25.6267 3.79674 -2.94189e-17)
(25.6292 3.75942 3.3462e-17)
(25.6313 3.72429 -2.15835e-17)
(25.6332 3.69123 3.02419e-18)
(25.6349 3.66029 8.3974e-18)
(25.6367 3.63138 4.34488e-18)
(25.6384 3.60439 1.06273e-19)
(25.64 3.57935 -3.89885e-19)
(25.6417 3.55625 1.13388e-17)
(25.6435 3.53513 -2.22543e-18)
(25.6455 3.51588 -7.53079e-18)
(22.8219 5.31331 1.18781e-19)
(22.7881 5.32493 -2.16202e-19)
(22.7625 5.33362 3.3509e-21)
(22.7454 5.34261 8.83968e-20)
(22.7372 5.35091 -1.38582e-19)
(22.7382 5.35842 3.70538e-18)
(22.7484 5.36495 -1.71075e-18)
(22.768 5.37033 2.37409e-20)
(22.797 5.37435 2.6019e-18)
(22.8354 5.37684 0)
(22.8829 5.37763 -4.46038e-19)
(22.9395 5.37654 2.35585e-19)
(23.0047 5.3734 -9.0062e-19)
(23.078 5.36806 4.08089e-18)
(23.1591 5.36032 -2.04647e-20)
(23.2471 5.35003 -6.03376e-19)
(23.3414 5.337 2.59529e-19)
(23.4411 5.32111 3.07549e-18)
(23.5454 5.3022 -3.21958e-18)
(23.6532 5.28017 -1.6827e-18)
(23.7636 5.2549 -8.49527e-18)
(23.8755 5.2264 -4.48234e-19)
(23.9879 5.19462 3.62464e-18)
(24.0997 5.15965 -6.80157e-18)
(24.21 5.12152 -2.11167e-19)
(24.3178 5.08044 -1.98131e-18)
(24.4224 5.03654 4.85761e-18)
(24.5231 4.99009 3.67399e-19)
(24.6193 4.9413 4.48693e-18)
(24.7105 4.89052 1.69134e-18)
(24.7963 4.83798 -9.46905e-18)
(24.8766 4.78405 6.96951e-18)
(24.9511 4.72897 -9.42699e-18)
(25.0201 4.67307 -6.08676e-19)
(25.0834 4.61656 1.29597e-18)
(25.1413 4.55975 -4.44656e-18)
(25.194 4.50282 1.3762e-17)
(25.2416 4.44602 -9.99698e-19)
(25.2845 4.38954 -3.20013e-18)
(25.3232 4.33354 6.3963e-19)
(25.3579 4.27806 -4.24756e-18)
(25.3886 4.22331 9.49629e-18)
(25.4154 4.1697 -1.87148e-17)
(25.4398 4.11745 -1.15615e-17)
(25.4616 4.0666 5.87885e-18)
(25.4811 4.01738 3.59116e-18)
(25.4985 3.96991 6.09787e-18)
(25.5142 3.92432 -1.56259e-17)
(25.5284 3.88072 4.93279e-19)
(25.5412 3.83915 1.96318e-17)
(25.5528 3.79969 1.9926e-18)
(25.5632 3.76235 -2.97888e-17)
(25.5727 3.72713 -8.58496e-19)
(25.5818 3.69381 -5.43482e-18)
(23.1832 4.94544 -1.21275e-18)
(23.1296 4.9585 -9.72579e-19)
(23.0828 4.96866 -1.33667e-18)
(23.0433 4.98007 7.9517e-20)
(23.0114 4.99108 2.20941e-19)
(22.9873 5.00191 -6.52263e-19)
(22.9714 5.01229 1.24689e-18)
(22.9638 5.02203 1.36046e-23)
(22.9647 5.03089 -1.93067e-18)
(22.9741 5.0387 0)
(22.9922 5.04524 1.55722e-18)
(23.0187 5.05035 -1.06385e-18)
(23.0537 5.05386 2.43428e-20)
(23.0969 5.05562 -2.93278e-18)
(23.1481 5.05548 -1.27825e-18)
(23.2068 5.05331 -3.45499e-18)
(23.2726 5.04897 7.43295e-19)
(23.3451 5.04236 -2.29175e-18)
(23.4235 5.03331 1.07078e-18)
(23.5072 5.02174 -9.96635e-19)
(23.5955 5.00749 5.32851e-18)
(23.6875 4.99051 -2.96725e-18)
(23.7823 4.97068 2.59052e-19)
(23.879 4.94799 -3.74132e-19)
(23.9768 4.92237 2.66133e-18)
(24.0748 4.8939 -8.49198e-19)
(24.1721 4.8626 -2.29936e-18)
(24.2679 4.82861 2.13205e-19)
(24.3616 4.79205 -9.78271e-19)
(24.4525 4.75315 1.56506e-18)
(24.5401 4.71209 7.20437e-18)
(24.624 4.66915 -4.60882e-18)
(24.7038 4.62452 -1.09684e-18)
(24.7794 4.57853 3.86405e-19)
(24.8505 4.53138 -1.14343e-18)
(24.9172 4.48336 9.14498e-20)
(24.9794 4.43469 -4.51622e-18)
(25.0373 4.38565 -2.3551e-18)
(25.0907 4.33643 6.68491e-18)
(25.1396 4.28728 6.15576e-19)
(25.1843 4.238 -9.26027e-19)
(25.2262 4.18855 -2.74503e-18)
)
;

boundaryField
{
    inlet
    {
        type            freestreamVelocity;
        freestreamValue uniform (25.75 3.62 0);
        value           nonuniform List<vector> 
13
(
(25.7035 3.46566 2.72962e-17)
(25.7046 3.46362 3.29099e-17)
(25.7057 3.46167 -2.63245e-17)
(25.7069 3.45976 -6.94973e-17)
(25.7075 3.45782 9.30181e-17)
(25.7074 3.45585 -7.88911e-17)
(25.7044 3.45373 1.91052e-16)
(25.6998 3.45233 -1.20403e-16)
(25.6989 3.45141 -6.28615e-17)
(25.7019 3.45203 6.23716e-17)
(25.7052 3.4527 -2.27669e-19)
(25.7078 3.45307 -1.61083e-19)
(25.7101 3.45326 -1.64786e-19)
)
;
    }
    outlet
    {
        type            freestreamVelocity;
        freestreamValue nonuniform List<vector> 0();
        value           nonuniform List<vector> 0();
    }
    walls
    {
        type            noSlip;
    }
    frontAndBack
    {
        type            empty;
    }
    procBoundary2to1
    {
        type            processor;
        value           nonuniform List<vector> 
84
(
(25.2977 2.46343 6.7511e-17)
(26.9015 3.18632 4.13258e-16)
(27.5974 2.8878 1.32315e-15)
(27.8787 3.27368 -1.3587e-15)
(27.7388 2.8507 -1.3773e-16)
(27.7161 3.15407 -2.67743e-16)
(27.6598 2.88033 -1.42646e-16)
(27.6107 2.98141 4.48768e-16)
(27.5613 2.87571 -5.50391e-17)
(27.5085 2.89144 -5.70368e-16)
(27.4577 2.84624 1.00931e-15)
(27.4055 2.82839 -6.81133e-17)
(27.3538 2.79743 -3.37548e-16)
(27.3013 2.77426 -2.86638e-16)
(27.2487 2.74836 9.44443e-17)
(27.1961 2.7244 2.32265e-17)
(27.1431 2.70069 1.53915e-16)
(27.0899 2.67816 2.75312e-16)
(27.0363 2.65679 -1.18965e-16)
(26.9829 2.63682 -1.88377e-16)
(26.9296 2.61862 1.38159e-16)
(26.8767 2.60221 -3.38151e-17)
(26.824 2.5881 2.0746e-17)
(26.7718 2.57628 -2.07684e-18)
(26.7201 2.5673 -4.37e-18)
(26.6693 2.56101 1.70956e-17)
(26.6189 2.55784 -4.7298e-17)
(26.5695 2.55759 6.75276e-17)
(26.5209 2.56065 -9.4454e-17)
(26.4738 2.56679 1.16998e-16)
(26.4279 2.57643 2.02892e-17)
(26.3833 2.58926 -8.38715e-17)
(26.3399 2.60563 -1.77828e-17)
(26.2981 2.62517 1.11436e-16)
(26.2577 2.64794 -1.40821e-16)
(26.2187 2.67341 8.4549e-17)
(26.1812 2.70156 4.95121e-17)
(26.1456 2.73197 -7.49932e-18)
(26.1456 2.73197 -7.49932e-18)
(26.0419 2.71187 -9.49731e-17)
(26.0102 2.75177 4.13466e-17)
(25.9807 2.79239 6.32055e-18)
(25.9532 2.83337 3.30438e-17)
(25.9275 2.87441 5.16108e-17)
(25.9039 2.91522 2.63186e-17)
(25.8819 2.95544 9.95923e-17)
(25.8613 2.99467 -3.89306e-17)
(25.8423 3.03268 -2.18243e-17)
(25.8252 3.06935 -2.12274e-17)
(25.8094 3.10447 2.19788e-17)
(25.7948 3.13787 -4.1659e-17)
(25.7815 3.16945 -2.78241e-17)
(25.7697 3.19922 2.42351e-17)
(25.7697 3.19922 2.42351e-17)
(25.7327 3.219 5.2707e-17)
(25.7261 3.24551 -4.21706e-17)
(25.72 3.26974 3.0363e-17)
(25.7147 3.29173 -3.39892e-17)
(25.7102 3.31162 -6.69142e-18)
(25.7064 3.32958 4.3422e-17)
(25.703 3.34571 8.18014e-18)
(25.6999 3.36003 -2.09621e-18)
(25.6972 3.37267 3.42205e-18)
(25.6972 3.37267 3.42205e-18)
(25.6866 3.38236 1.58573e-17)
(25.6849 3.39188 -1.00314e-18)
(25.6826 3.39986 2.01261e-17)
(25.6795 3.40652 -3.49373e-17)
(25.6756 3.41185 -6.89949e-17)
(25.6712 3.41597 -5.32256e-18)
(25.6678 3.41905 -3.54016e-17)
(25.6658 3.42122 -5.27304e-19)
(25.663 3.42351 -3.41003e-17)
(25.66 3.42544 -2.48218e-17)
(25.66 3.42544 -2.48218e-17)
(25.6562 3.42886 5.70376e-17)
(25.6526 3.42939 6.06813e-18)
(25.6481 3.42963 6.64411e-19)
(25.6412 3.42823 -1.87238e-17)
(25.6293 3.42579 -1.62351e-18)
(25.6145 3.4273 2.09119e-17)
(25.593 3.39241 -6.65019e-17)
(25.61 3.46682 2.48181e-17)
(25.6405 3.26871 4.35977e-17)
)
;
    }
    procBoundary2to3
    {
        type            processor;
        value           nonuniform List<vector> 
88
(
(25.6192 3.48619 -4.02036e-17)
(25.6637 3.2355 7.8972e-17)
(25.5897 3.41398 -1.04479e-16)
(25.6192 3.48619 -4.02036e-17)
(25.5797 3.34491 -2.55146e-17)
(25.6276 3.40315 0)
(25.5897 3.41398 -1.04479e-16)
(25.6085 3.38742 -4.04772e-17)
(25.6497 3.40997 -3.43281e-17)
(25.6454 3.40602 1.59949e-19)
(25.6276 3.40315 0)
(25.6384 3.40103 5.84312e-18)
(25.6571 3.43837 1.35493e-18)
(25.654 3.43064 6.312e-18)
(25.6537 3.42435 7.23018e-18)
(25.6523 3.418 -2.79536e-17)
(25.6497 3.40997 -3.43281e-17)
(25.6502 3.41225 7.36139e-18)
(25.6475 3.49839 -4.5299e-18)
(25.6494 3.4827 1.38671e-18)
(25.6508 3.46873 -5.47114e-19)
(25.6516 3.45639 -6.83459e-18)
(25.6571 3.43837 1.35493e-18)
(25.6515 3.44523 -2.38574e-18)
(25.5902 3.66225 3.35527e-18)
(25.5976 3.63267 1.53387e-17)
(25.6044 3.60518 2.43559e-17)
(25.6105 3.57966 -7.47701e-18)
(25.6162 3.55609 9.9032e-19)
(25.6216 3.53451 -6.57715e-18)
(25.6475 3.49839 -4.5299e-18)
(25.6266 3.51478 -1.27377e-17)
(25.266 4.13892 -6.17298e-18)
(25.3012 4.09017 2.56843e-17)
(25.3338 4.04269 1.23809e-18)
(25.3637 3.99648 -2.43016e-17)
(25.3912 3.95172 2.53613e-17)
(25.4164 3.90854 -2.97839e-18)
(25.4397 3.86703 -1.70242e-18)
(25.4611 3.82727 5.47063e-18)
(25.4807 3.78937 -2.652e-17)
(25.4986 3.75339 -3.56222e-17)
(25.515 3.71938 -2.52892e-18)
(25.5902 3.66225 3.35527e-18)
(25.5303 3.68708 -8.71283e-18)
(23.572 4.61353 -2.53912e-18)
(23.5032 4.6261 1.71225e-19)
(23.4397 4.63594 -5.492e-19)
(23.3822 4.64706 -7.06765e-19)
(23.331 4.65776 -3.09367e-19)
(23.2865 4.66861 7.91628e-20)
(23.2489 4.67942 2.37274e-18)
(23.2185 4.69009 9.12435e-19)
(23.1956 4.70046 -2.0245e-18)
(23.1803 4.7104 0)
(23.1728 4.7197 5.77699e-19)
(23.1732 4.72819 -3.71664e-18)
(23.1815 4.73567 -1.11221e-19)
(23.1977 4.74198 -3.68193e-18)
(23.2216 4.74693 -6.69602e-19)
(23.2533 4.7504 -1.18252e-18)
(23.2923 4.75222 -2.40064e-18)
(23.3385 4.75231 -1.11448e-18)
(23.3915 4.75051 -2.89238e-18)
(23.4508 4.74674 2.46763e-18)
(23.516 4.74086 3.40607e-18)
(23.5865 4.73281 -1.76067e-18)
(23.6616 4.72246 2.94575e-19)
(23.7405 4.70974 1.55137e-18)
(23.8227 4.69455 2.44728e-18)
(23.9072 4.67687 -3.45903e-18)
(23.9933 4.65664 1.16072e-18)
(24.0803 4.63391 -4.31536e-19)
(24.1673 4.60869 1.50074e-18)
(24.2537 4.58107 -2.40048e-18)
(24.3389 4.55118 -1.50595e-18)
(24.4222 4.51919 -1.78869e-18)
(24.5032 4.48526 -4.53649e-18)
(24.5815 4.44963 1.61654e-18)
(24.6567 4.41244 2.05406e-18)
(24.7288 4.37392 -1.74322e-19)
(24.7973 4.33425 1.90788e-18)
(24.8625 4.29375 6.98913e-19)
(24.9239 4.25274 6.11039e-18)
(24.9797 4.211 -1.60098e-18)
(25.0316 4.169 -3.08755e-18)
(25.266 4.13892 -6.17298e-18)
(25.081 4.1264 4.41644e-18)
)
;
    }
    procBoundary2to6
    {
        type            processor;
        value           nonuniform List<vector> 
13
(
(12.0648 1.37216 2.66036e-17)
(19.1184 -1.07608 -2.33322e-17)
(24.678 -1.69737 -6.34044e-18)
(27.9398 1.56284 -1.70635e-18)
(26.5393 5.18992 -3.89286e-19)
(24.1322 6.95863 -4.37493e-19)
(22.6691 7.30559 -1.28898e-20)
(22.0877 7.03985 1.15325e-18)
(22.0191 6.59958 -1.14881e-18)
(22.2153 6.14395 9.24838e-19)
(22.5062 5.7074 -7.08602e-19)
(22.8647 5.30164 2.17543e-19)
(23.2442 4.93161 -3.44766e-19)
)
;
    }
}


// ************************************************************************* //
