/*--------------------------------*- C++ -*----------------------------------*\
| =========                 |                                                 |
| \\      /  F ield         | OpenFOAM: The Open Source CFD Toolbox           |
|  \\    /   O peration     | Version:  2506                                  |
|   \\  /    A nd           | Website:  www.openfoam.com                      |
|    \\/     M anipulation  |                                                 |
\*---------------------------------------------------------------------------*/
FoamFile
{
    version     2.0;
    format      ascii;
    arch        "LSB;label=32;scalar=64";
    class       volVectorField;
    location    "300";
    object      momentError;
}
// * * * * * * * * * * * * * * * * * * * * * * * * * * * * * * * * * * * * * //

dimensions      [0 1 -2 0 0 0 0];

internalField   nonuniform List<vector> 
1340
(
(0.000195117 0.00400013 1.79209e-16)
(0.000429462 0.00369357 -1.65046e-15)
(0.000755528 0.00364182 -1.5232e-15)
(0.000206892 0.003543 -2.47968e-15)
(0.000408582 0.00326925 6.6636e-16)
(0.00068985 0.00325075 -1.50084e-15)
(0.000884607 0.00315004 5.53055e-15)
(0.00106942 0.00300045 6.93358e-15)
(0.000210475 0.0031506 9.9897e-16)
(0.00038654 0.00291068 4.23091e-15)
(0.000631944 0.00290888 2.88555e-15)
(0.000804877 0.00283001 8.86422e-17)
(0.000971512 0.00271297 -1.09656e-15)
(0.00116174 0.00264869 -5.31626e-16)
(0.00130096 0.00250758 4.56617e-14)
(0.000209122 0.00280959 -1.43985e-15)
(0.00036455 0.00260102 3.3879e-15)
(0.000580958 0.00261034 5.97263e-16)
(0.00073538 0.00254503 -4.24771e-15)
(0.000885506 0.00244564 1.43502e-14)
(0.00105797 0.00239732 -1.99052e-14)
(0.00118276 0.0022872 2.0433e-15)
(0.00129268 0.00214835 -6.63942e-15)
(0.00020526 0.002512 -3.25289e-15)
(0.000342922 0.00232968 -1.73912e-15)
(0.000535515 0.00234649 -3.89133e-16)
(0.000674212 0.00229199 -3.99327e-15)
(0.000809992 0.00220683 -8.0891e-16)
(0.000966462 0.00216828 1.51863e-14)
(0.00108049 0.00207413 -5.01016e-14)
(0.00118082 0.00196166 2.10059e-14)
(0.00127521 0.00183674 8.44272e-14)
(0.000200171 0.00225006 3.46131e-15)
(0.000322592 0.0020909 -3.22617e-15)
(0.000494543 0.00211206 1.34278e-15)
(0.000619677 0.00206623 2.12062e-15)
(0.000742415 0.00199264 -1.91919e-14)
(0.000884487 0.00196168 1.62845e-14)
(0.000988609 0.00188036 4.08867e-14)
(0.00108135 0.00178323 -2.99695e-14)
(0.00116876 0.0016868 -4.44621e-15)
(0.000193907 0.00201846 2.16445e-15)
(0.000303313 0.00187951 -1.17944e-15)
(0.000457438 0.00190297 -3.29277e-15)
(0.000570434 0.00186399 8.59527e-17)
(0.000681684 0.0018002 -1.73319e-15)
(0.000810461 0.00177479 -4.02689e-14)
(0.000905292 0.00170436 2.8845e-14)
(0.000990638 0.00162034 9.22493e-15)
(0.00107236 0.00153947 -7.90657e-14)
(0.00112042 0.00142684 -7.44692e-15)
(0.00018703 0.00181382 -1.74286e-16)
(0.000285044 0.00169182 7.6231e-16)
(0.000423505 0.00171592 1.49197e-16)
(0.000525955 0.00168279 -2.91927e-15)
(0.000626589 0.00162671 1.823e-14)
(0.000743519 0.00160606 1.92816e-14)
(0.000830094 0.00154508 -4.41556e-14)
(0.000907888 0.0014715 1.99979e-14)
(0.000983456 0.00140205 4.86983e-14)
(0.00103065 0.00130822 -4.44856e-15)
(0.00106231 0.001197 -3.35662e-14)
(0.000179583 0.00163097 -5.39981e-16)
(0.000267632 0.00152402 -1.97277e-15)
(0.000392398 0.00154816 5.02295e-17)
(0.000485185 0.00151942 -5.95974e-16)
(0.000576544 0.00147046 -1.24502e-14)
(0.000682592 0.00145318 3.30718e-14)
(0.000761387 0.00140008 3.43453e-14)
(0.00083267 0.00133626 6.44003e-15)
(0.000902316 0.00127614 9.94397e-15)
(0.000946766 0.00119424 -1.46317e-14)
(0.000979018 0.00110259 -1.34972e-14)
(0.000171859 0.00146809 -5.3296e-16)
(0.000251085 0.00137394 -6.72347e-16)
(0.000363735 0.0013975 -1.89638e-15)
(0.000447938 0.00137255 -8.63611e-16)
(0.000530711 0.00132918 -3.00778e-15)
(0.000626941 0.0013148 -1.89302e-14)
(0.000698743 0.00126843 -2.8306e-15)
(0.000763802 0.00121259 -3.49658e-14)
(0.000828046 0.00116078 7.17511e-15)
(0.000869655 0.00108924 1.19202e-14)
(0.000901127 0.00101001 1.52661e-14)
(0.000918656 0.000919045 -1.17299e-14)
(0.00016386 0.00132212 2.3394e-15)
(0.000235416 0.00123958 1.21192e-15)
(0.000337208 0.00126179 1.85582e-15)
(0.000413602 0.00123995 -1.34298e-15)
(0.000488802 0.00120175 -6.72502e-17)
(0.000576121 0.00118953 -7.68889e-15)
(0.000641261 0.00114859 2.15588e-14)
(0.000700989 0.00110008 8.58831e-15)
(0.000760105 0.0010553 -2.86776e-14)
(0.000798405 0.000992238 1.26979e-14)
(0.000828527 0.000923533 -2.54147e-14)
(0.000846827 0.000848302 3.94185e-14)
(0.000155738 0.00119105 2.32352e-15)
(0.000220429 0.00111834 -5.74723e-17)
(0.000312626 0.00113946 -5.57844e-16)
(0.000382052 0.00112031 2.1247e-15)
(0.00045026 0.00108632 -1.62778e-15)
(0.000529511 0.0010759 -3.51229e-15)
(0.000588924 0.00104006 1.2294e-14)
(0.000643262 0.000997242 2.42304e-14)
(0.00069762 0.000958721 -2.28378e-14)
(0.000733549 0.000903939 3.38161e-14)
(0.000761622 0.000843645 -2.0713e-14)
(0.000779943 0.000779304 -1.10957e-14)
(0.000782319 0.000702685 6.07043e-14)
(0.000147638 0.00107327 -5.68719e-16)
(0.000206247 0.00100922 2.76807e-15)
(0.000289755 0.00102873 -1.37371e-16)
(0.000352847 0.00101189 -8.43019e-16)
(0.000414857 0.000981856 -1.01333e-15)
(0.000486804 0.0009728 9.10055e-15)
(0.000540756 0.000941089 5.98412e-15)
(0.000590528 0.000903812 1.66423e-14)
(0.000640427 0.000870515 2.1495e-14)
(0.000673448 0.000822469 -2.66525e-14)
(0.000700181 0.000770209 4.39732e-14)
(0.000718169 0.00071435 -4.22515e-14)
(0.000721615 0.000649708 2.25253e-14)
(0.000139697 0.000967136 -2.12775e-15)
(0.000192825 0.00091047 2.3727e-15)
(0.000268558 0.000928594 1.11322e-15)
(0.000325934 0.000913865 -2.18425e-15)
(0.000382137 0.000886885 -1.12811e-14)
(0.000447535 0.000879168 1.21067e-14)
(0.000496844 0.000851486 -2.27736e-14)
(0.000542085 0.000818539 -3.11829e-14)
(0.000587909 0.000789808 5.01921e-15)
(0.000618767 0.000748299 4.94172e-15)
(0.000643673 0.00070248 -9.8409e-18)
(0.000661042 0.00065364 3.80961e-14)
(0.000665382 0.000596918 -8.7928e-14)
(0.000662296 0.000534269 6.75857e-16)
(0.000131887 0.000872136 1.99276e-16)
(0.000180169 0.000821991 -1.1266e-15)
(0.000248814 0.000838103 9.3906e-16)
(0.000300932 0.000824946 -5.00847e-15)
(0.000352057 0.000800951 1.16348e-15)
(0.000411485 0.000794208 -9.50696e-15)
(0.000456248 0.000769544 9.69751e-15)
(0.000497829 0.000740959 -1.62592e-14)
(0.00053993 0.000716237 -1.75377e-14)
(0.000568271 0.000679796 -3.26633e-14)
(0.000591958 0.0006402 -6.84176e-14)
(0.000608587 0.000597173 -3.47513e-15)
(0.000613359 0.000547185 -1.16556e-14)
(0.000611954 0.000492033 -5.71431e-14)
(0.000124152 0.000785704 1.99309e-16)
(0.000168038 0.000741737 -7.0515e-17)
(0.00023033 0.000756401 9.67266e-16)
(0.000277753 0.0007445 -2.9576e-15)
(0.000324202 0.000722841 3.05226e-15)
(0.000378288 0.000716962 -1.88021e-14)
(0.00041924 0.000695367 -3.91069e-15)
(0.000457033 0.000669967 6.24601e-15)
(0.000495745 0.000648711 1.75011e-14)
(0.000522301 0.000617233 1.23266e-14)
(0.00054429 0.000582341 -1.7944e-14)
(0.000560236 0.000544447 5.54463e-16)
(0.00056536 0.000500181 7.62465e-14)
(0.000564244 0.000452106 1.02901e-13)
(0.000116885 0.00070616 -2.17038e-15)
(0.000156702 0.000667663 -1.08749e-15)
(0.000213159 0.000681625 -6.40142e-16)
(0.000256302 0.000671214 6.07975e-15)
(0.000298662 0.000652105 -1.55526e-15)
(0.000347899 0.000646929 5.57105e-15)
(0.000385101 0.00062763 -1.86847e-16)
(0.000419889 0.00060561 1.45322e-15)
(0.000455418 0.00058717 1.49768e-14)
(0.000479803 0.000559379 -8.34588e-15)
(0.000500698 0.00052893 2.13588e-14)
(0.000515707 0.000495176 2.96718e-14)
(0.00052101 0.000455329 -1.39511e-15)
(0.000520458 0.000412676 -1.05756e-14)
(0.000512198 0.000363522 -4.61064e-14)
(0.00010892 0.000639956 1.6252e-15)
(0.000145868 0.000603038 -7.11044e-16)
(0.000197385 0.000614526 2.44112e-16)
(0.000236652 0.000605041 2.71713e-15)
(0.000275134 0.000587824 -1.57357e-15)
(0.000319967 0.000583349 9.2332e-15)
(0.000353979 0.000566386 4.80595e-15)
(0.000385628 0.00054675 1.49946e-14)
(0.000418279 0.000530681 9.03967e-15)
(0.000441134 0.000506513 2.0423e-14)
(0.000460391 0.000479326 -2.97531e-14)
(0.000474629 0.00044921 -3.76038e-14)
(0.000479815 0.000413385 -1.30068e-14)
(0.000479502 0.000374508 2.45212e-14)
(0.000472582 0.000331125 3.76354e-14)
(0.000101318 0.000577255 1.01539e-15)
(0.000135194 0.00054523 1.22065e-15)
(0.000182692 0.000554682 -1.68468e-16)
(0.000218586 0.000545641 -5.30733e-16)
(0.000253601 0.000530035 3.27662e-15)
(0.000294313 0.000525881 -1.02089e-14)
(0.000325238 0.000510624 -1.83097e-14)
(0.000354354 0.000493409 1.46784e-14)
(0.000384339 0.000479292 -4.01187e-15)
(0.000405247 0.000457589 -2.80448e-14)
(0.000423388 0.000433605 5.77971e-15)
(0.000436644 0.000406607 -1.21697e-15)
(0.000441477 0.000374274 -3.60227e-14)
(0.000441501 0.000339531 -4.7572e-14)
(0.000434744 0.000301685 -1.08516e-14)
(9.67034e-05 0.00051823 -8.93864e-16)
(0.000125676 0.000491829 2.2775e-16)
(0.000168874 0.000499972 -1.51548e-15)
(0.000201803 0.000491776 -2.04281e-15)
(0.000233624 0.000477581 1.70817e-15)
(0.000270616 0.000473725 7.55214e-15)
(0.000298905 0.000460181 3.3742e-15)
(0.000325369 0.000444597 -1.15347e-14)
(0.00035297 0.000432145 3.92123e-14)
(0.00037244 0.000412997 -5.41993e-15)
(0.000389044 0.000391367 -5.16808e-16)
(0.000401421 0.000367228 4.00707e-14)
(0.000405988 0.000338228 -8.2817e-16)
(0.000405831 0.000307004 -3.05351e-15)
(0.000400015 0.000274008 3.0936e-15)
(0.000389986 0.0002391 -6.82293e-15)
(8.9784e-05 0.000461357 -3.08086e-16)
(0.000117055 0.00044153 -8.17319e-16)
(0.000155948 0.000450449 -2.43576e-16)
(0.000185993 0.000442827 2.50651e-15)
(0.00021505 0.000430086 -2.0459e-15)
(0.000248727 0.000426467 1.80389e-15)
(0.000274423 0.000414096 9.21006e-15)
(0.000298797 0.000400323 -2.74648e-14)
(0.000324154 0.000389271 -1.82229e-14)
(0.000341882 0.000371901 2.23308e-15)
(0.000357416 0.000352706 6.96355e-15)
(0.000368836 0.0003311 4.72991e-15)
(0.000373051 0.000305105 5.38815e-14)
(0.000373156 0.000277405 4.28164e-14)
(0.000367781 0.000248246 -3.90373e-14)
(0.000359592 0.000218432 7.6253e-15)
(8.12598e-05 0.000404625 -7.68923e-16)
(0.000108477 0.00039611 -1.90584e-16)
(0.0001439 0.000405311 -1.2542e-15)
(0.000171284 0.000398698 5.11074e-15)
(0.000197774 0.000386995 -3.39753e-15)
(0.000228497 0.000383624 -3.50823e-15)
(0.000252029 0.000372535 -1.93367e-14)
(0.000274175 0.000359931 3.50404e-16)
(0.000297454 0.000350026 2.01351e-14)
(0.000313958 0.00033467 1.52562e-14)
(0.000328048 0.000317276 -1.5901e-14)
(0.00033866 0.000297969 -5.42886e-14)
(0.00034262 0.000274808 -3.3958e-14)
(0.000342703 0.000250155 4.13751e-14)
(0.000338421 0.0002248 2.02699e-14)
(0.000330907 0.000199109 -1.04229e-14)
(5.04179e-05 0.000367238 -4.53874e-17)
(7.54902e-05 0.000365053 5.68376e-16)
(9.99872e-05 0.000354362 2.68351e-16)
(0.00013284 0.000364743 -2.05739e-16)
(0.000157712 0.000358746 7.55591e-16)
(0.000181889 0.00034812 8.84918e-18)
(0.00020986 0.000344833 9.87244e-17)
(0.000231267 0.000334634 9.90243e-15)
(0.000251635 0.000323411 -5.22144e-15)
(0.000272931 0.000314463 9.38319e-15)
(0.000287908 0.000300467 2.16669e-14)
(0.000301032 0.000285019 -2.19909e-15)
(0.000310789 0.000267761 6.56007e-15)
(0.000314494 0.00024708 2.69732e-15)
(0.0003149 0.000225336 -2.3344e-14)
(0.000310996 0.000202697 -3.57484e-14)
(0.000304517 0.000180308 1.78364e-14)
(0.000295943 0.000156714 3.35361e-14)
(4.71797e-05 0.000330411 8.91903e-17)
(6.99821e-05 0.000328806 5.22266e-16)
(9.2495e-05 0.000319462 -2.38811e-16)
(0.000122544 0.000328246 2.36992e-15)
(0.000145219 0.000322628 -5.36784e-16)
(0.000167187 0.000312815 6.30486e-15)
(0.000192666 0.000309652 2.67791e-15)
(0.000212233 0.000300426 1.22643e-14)
(0.000230716 0.000290096 -8.15612e-16)
(0.000250209 0.000282009 -1.70323e-14)
(0.000264107 0.000269613 -2.62184e-16)
(0.000275973 0.00025557 -3.29511e-16)
(0.000285018 0.000240168 -1.88193e-14)
(0.00028853 0.000221785 9.16317e-15)
(0.00028895 0.000202384 6.63042e-15)
(0.000285962 0.00018248 2.99489e-14)
(0.000280047 0.000162294 5.83126e-16)
(0.00027255 0.000141615 -4.10409e-14)
(4.38932e-05 0.000297192 6.26129e-16)
(6.47804e-05 0.000295831 -7.94904e-16)
(8.54697e-05 0.000287641 -9.383e-17)
(0.000112907 0.000295178 2.79773e-16)
(0.000133613 0.000289892 -8.1907e-16)
(0.000153656 0.000280975 -6.16794e-15)
(0.00017684 0.000277866 -3.89301e-15)
(0.00019459 0.000269318 2.01756e-14)
(0.000211557 0.000260059 1.03508e-14)
(0.000229332 0.000252701 -2.52464e-15)
(0.000241892 0.00024133 -2.30909e-14)
(0.000252956 0.000228883 9.20591e-15)
(0.000261226 0.000215074 1.95909e-14)
(0.000264537 0.000198656 -1.57207e-15)
(0.00026525 0.000181526 8.93737e-15)
(0.000262372 0.000163642 -5.54997e-14)
(0.000257441 0.00014582 -3.19275e-14)
(0.000250522 0.000127873 3.98165e-14)
(4.08612e-05 0.000267161 8.95969e-17)
(5.99411e-05 0.000266044 8.02106e-18)
(7.88917e-05 0.000258748 3.52473e-16)
(0.000103956 0.000265262 2.85656e-16)
(0.000122864 0.000260352 1.52562e-15)
(0.000141097 0.000252095 -1.42154e-16)
(0.00016221 0.000249103 -3.50041e-15)
(0.000178445 0.000241367 1.08143e-14)
(0.000193788 0.000232776 1.16392e-14)
(0.000210037 0.000226061 -1.09171e-14)
(0.000221634 0.000215942 -1.30465e-15)
(0.000231623 0.000204595 -9.60494e-15)
(0.000239293 0.000192246 1.98333e-14)
(0.000242422 0.000177621 -1.71427e-14)
(0.000243114 0.000162253 -9.77519e-15)
(0.000240975 0.000146503 1.32679e-15)
(0.000236324 0.000130513 -1.55015e-14)
(0.000230139 0.000114982 -1.41406e-14)
(0.000222836 9.89747e-05 -1.92726e-14)
(3.80067e-05 0.000240064 -2.68992e-17)
(5.54211e-05 0.000239056 7.64762e-18)
(7.27756e-05 0.000232602 4.95337e-17)
(9.56301e-05 0.000238164 1.76251e-15)
(0.000112868 0.000233571 -2.26736e-15)
(0.000129513 0.000226049 1.1275e-14)
(0.000148703 0.000223119 -1.20845e-14)
(0.000163417 0.000215909 -7.33459e-15)
(0.0001775 0.000208195 -1.6031e-14)
(0.000192293 0.000202037 7.58017e-15)
(0.000202757 0.000192732 2.7555e-15)
(0.000212039 0.000182642 -8.68929e-15)
(0.000219047 0.000171529 -1.82461e-14)
(0.000221994 0.000158427 -1.17173e-15)
(0.000222893 0.000144821 -2.61094e-14)
(0.000220834 0.000130639 -1.07253e-14)
(0.000217079 0.000116617 2.19702e-14)
(0.000211451 0.000102633 6.9762e-14)
(0.000205053 8.8567e-05 3.00689e-14)
(3.533e-05 0.000215581 2.85356e-16)
(5.12193e-05 0.000214697 1.31265e-16)
(6.70806e-05 0.000208912 -2.06817e-16)
(8.79174e-05 0.000213694 -4.18769e-16)
(0.000103649 0.000209436 1.60094e-15)
(0.000118782 0.000202455 2.63447e-15)
(0.000136248 0.000199637 -1.22269e-14)
(0.000149678 0.000193073 -1.06789e-14)
(0.000162399 0.00018588 -3.34782e-15)
(0.000175886 0.000180235 4.84709e-15)
(0.000185548 0.000171948 1.28433e-14)
(0.000193904 0.000162708 -7.3131e-15)
(0.000200394 0.000152744 4.86331e-15)
(0.000203161 0.000141033 1.8847e-14)
(0.000204013 0.000128812 -5.98966e-15)
(0.000202579 0.000116353 -3.32108e-14)
(0.000198948 0.000103712 4.78722e-15)
(0.000194148 9.12361e-05 -6.95229e-15)
(0.000188611 7.90389e-05 -3.19588e-15)
(3.28055e-05 0.00019345 -4.58425e-17)
(4.72885e-05 0.000192634 7.03093e-17)
(6.17827e-05 0.000187486 1.05546e-16)
(8.07515e-05 0.000191541 -1.59552e-15)
(9.50945e-05 0.000187552 2.26998e-15)
(0.000108889 0.000181191 -1.53347e-15)
(0.000124766 0.000178437 4.83054e-15)
(0.000136915 0.000172311 1.1237e-14)
(0.000148562 0.000165829 -5.66968e-15)
(0.000160831 0.000160649 -1.41417e-15)
(0.000169508 0.000152983 -2.01364e-14)
(0.000177273 0.000144754 8.20285e-15)
(0.000183198 0.000135774 1.05747e-14)
(0.000185778 0.000125244 3.48223e-14)
(0.000186795 0.000114424 4.50159e-15)
(0.000185363 0.000103116 5.76916e-15)
(0.000182486 9.19145e-05 1.64446e-14)
(0.000178121 8.101e-05 -2.149e-15)
(0.000173295 7.01969e-05 -3.41451e-14)
(3.04199e-05 0.000173495 -8.23205e-17)
(4.3628e-05 0.000172758 -1.08707e-16)
(5.68464e-05 0.000168102 -1.2496e-16)
(7.41294e-05 0.00017155 1.71206e-15)
(8.72003e-05 0.000167858 -6.79339e-16)
(9.97195e-05 0.000161937 -4.70191e-15)
(0.000114157 0.000159295 -3.75614e-15)
(0.000125244 0.000153731 1.34457e-15)
(0.000135735 0.000147669 9.59918e-15)
(0.000146901 0.000142889 9.11769e-15)
(0.000154913 0.000136062 1.28291e-14)
(0.00016187 0.000128497 -1.79619e-14)
(0.000167348 0.000120415 3.81298e-15)
(0.000169768 0.000111002 1.1816e-14)
(0.0001707 0.0001012 5.90983e-15)
(0.00016975 9.12134e-05 -4.51207e-15)
(0.000167081 8.11266e-05 2.3599e-14)
(0.000163424 7.14336e-05 -6.90731e-15)
(0.000159011 6.19784e-05 -1.85778e-15)
(2.81648e-05 0.000155494 9.3904e-17)
(4.02064e-05 0.000154789 -4.02887e-16)
(5.22726e-05 0.000150623 -2.36554e-16)
(6.79882e-05 0.000153493 2.14553e-16)
(7.98754e-05 0.00015004 -2.25512e-15)
(9.12846e-05 0.000144639 5.7054e-15)
(0.000104381 0.000142068 -2.25052e-15)
(0.000114393 0.000136849 -2.24676e-14)
(0.000123999 0.000131386 1.07763e-14)
(0.000134135 0.000126974 5.0794e-15)
(0.0001413 0.000120632 -8.72398e-15)
(0.000147761 0.000113893 -1.85897e-15)
(0.000152741 0.000106582 -2.4915e-14)
(0.000154984 9.80837e-05 -2.11829e-14)
(0.000156005 8.93687e-05 -3.03994e-14)
(0.000155041 8.02826e-05 -2.11712e-14)
(0.000152954 7.13345e-05 -6.42654e-15)
(0.000149699 6.25435e-05 3.31338e-15)
(0.000145864 5.43549e-05 -1.96743e-15)
(0.000141404 4.58997e-05 1.40864e-14)
(2.60487e-05 0.000139261 3.89558e-16)
(3.70178e-05 0.000138601 -2.50927e-16)
(4.80118e-05 0.00013481 7.84057e-16)
(6.23062e-05 0.000137224 -8.63391e-16)
(7.31283e-05 0.000134022 -2.28615e-15)
(8.34715e-05 0.000128987 -1.3911e-15)
(9.5362e-05 0.00012652 3.94241e-15)
(0.000104491 0.000121772 -4.73549e-15)
(0.000113111 0.000116632 -1.37249e-14)
(0.000122327 0.000112563 2.112e-14)
(0.00012894 0.000106918 -3.59204e-15)
(0.000134706 0.000100692 -1.19007e-14)
(0.000139291 9.41021e-05 1.06478e-14)
(0.000141376 8.6483e-05 1.90523e-14)
(0.000142258 7.85829e-05 9.77285e-15)
(0.000141658 7.05623e-05 3.01851e-15)
(0.000139649 6.24194e-05 3.78466e-14)
(0.000137053 5.4608e-05 1.33683e-14)
(0.000133518 4.6967e-05 -1.53912e-14)
(0.000129632 3.92032e-05 1.08746e-14)
(2.40564e-05 0.000124625 5.57014e-16)
(3.40379e-05 0.000123985 -3.13196e-17)
(4.40607e-05 0.000120577 1.45072e-16)
(5.70397e-05 0.00012255 -1.20024e-15)
(6.68806e-05 0.000119538 5.1638e-15)
(7.62932e-05 0.000114952 -5.31551e-15)
(8.70693e-05 0.000112546 -2.98861e-15)
(9.5295e-05 0.000108093 1.58808e-14)
(0.000103185 0.000103465 -1.22125e-14)
(0.00011152 9.96904e-05 -4.071e-15)
(0.000117414 9.44245e-05 1.29833e-14)
(0.000122763 8.88768e-05 4.36556e-15)
(0.000126917 8.29069e-05 -1.37065e-15)
(0.00012882 7.60266e-05 3.27015e-15)
(0.00012976 6.90123e-05 6.44253e-15)
(0.000129049 6.16904e-05 1.24938e-14)
(0.00012749 5.44808e-05 -7.52992e-15)
(0.000124942 4.73861e-05 1.84348e-15)
(0.00012199 4.03237e-05 2.0471e-14)
(0.00011865 3.34794e-05 -3.71969e-15)
(2.21747e-05 0.000111435 -3.52453e-16)
(3.12624e-05 0.00011084 1.44013e-16)
(4.03789e-05 0.000107722 2.61687e-16)
(5.21789e-05 0.000109342 -1.61254e-16)
(6.11198e-05 0.000106544 -8.33827e-16)
(6.96428e-05 0.000102271 3.38996e-18)
(7.94225e-05 9.99769e-05 -4.14606e-15)
(8.69048e-05 9.59153e-05 6.57595e-15)
(9.39712e-05 9.15522e-05 1.13416e-14)
(0.000101534 8.80534e-05 -4.10521e-15)
(0.000106965 8.33623e-05 -6.82176e-15)
(0.000111714 7.82256e-05 -8.31863e-15)
(0.000115536 7.28402e-05 1.08698e-14)
(0.000117288 6.66817e-05 -5.67397e-15)
(0.000118073 6.02989e-05 -1.06333e-14)
(0.000117643 5.38565e-05 2.03246e-15)
(0.000116056 4.73237e-05 8.40129e-15)
(0.000113887 4.0946e-05 -2.69746e-14)
(0.000111031 3.47209e-05 -2.03498e-14)
(0.00010813 2.85027e-05 1.8892e-15)
(2.04056e-05 9.9562e-05 -6.88559e-17)
(2.86736e-05 9.89782e-05 1.02683e-16)
(3.69746e-05 9.61644e-05 -2.32103e-16)
(4.76815e-05 9.74545e-05 1.06258e-15)
(5.57879e-05 9.48295e-05 -1.68344e-15)
(6.35359e-05 9.09198e-05 -3.74375e-15)
(7.23797e-05 8.8701e-05 7.94361e-15)
(7.91172e-05 8.48817e-05 -5.27106e-15)
(8.55745e-05 8.09438e-05 4.30865e-15)
(9.24139e-05 7.7695e-05 6.58425e-15)
(9.72326e-05 7.33051e-05 8.73388e-15)
(0.000101635 6.8729e-05 -7.97224e-15)
(0.000105079 6.38458e-05 -6.38478e-15)
(0.000106673 5.828e-05 4.20662e-15)
(0.00010749 5.26283e-05 1.73434e-14)
(0.000106925 4.6761e-05 4.64159e-15)
(0.00010564 4.10137e-05 -1.93212e-14)
(0.000103527 3.53375e-05 -6.00632e-16)
(0.000101034 2.98527e-05 1.35012e-14)
(9.83373e-05 2.45459e-05 1.19342e-14)
(1.87556e-05 8.8866e-05 3.97587e-17)
(2.62693e-05 8.83137e-05 -2.34956e-17)
(3.38112e-05 8.5731e-05 -3.12585e-16)
(4.35241e-05 8.67635e-05 -3.35561e-16)
(5.08847e-05 8.43309e-05 1.59233e-15)
(5.7889e-05 8.06819e-05 -4.39177e-16)
(6.59011e-05 7.85681e-05 3.47524e-15)
(7.20289e-05 7.50866e-05 6.66379e-15)
(7.77989e-05 7.13681e-05 -4.73078e-15)
(8.39914e-05 6.83499e-05 -9.44451e-15)
(8.84324e-05 6.44443e-05 -9.15425e-15)
(9.2321e-05 6.01918e-05 6.63461e-16)
(9.54817e-05 5.57898e-05 1.19648e-14)
(9.69416e-05 5.08115e-05 9.45533e-15)
(9.76155e-05 4.56948e-05 -1.68058e-14)
(9.7294e-05 4.05774e-05 -1.23473e-14)
(9.5982e-05 3.54101e-05 -6.15298e-15)
(9.41591e-05 3.04292e-05 1.8816e-14)
(9.17955e-05 2.56151e-05 1.55469e-14)
(8.93407e-05 2.11983e-05 -1.09737e-14)
(8.73661e-05 1.69646e-05 4.51792e-15)
(1.72139e-05 7.92311e-05 -2.61544e-17)
(2.40316e-05 7.86949e-05 -1.64877e-17)
(3.08878e-05 7.63657e-05 1.37037e-16)
(3.96827e-05 7.71528e-05 -9.32609e-17)
(4.63556e-05 7.48644e-05 2.61409e-15)
(5.27107e-05 7.15377e-05 -2.78448e-15)
(5.99545e-05 6.94973e-05 1.45154e-15)
(6.54508e-05 6.62226e-05 -3.86434e-15)
(7.07212e-05 6.28685e-05 4.6436e-17)
(7.63025e-05 6.00638e-05 -1.27591e-15)
(8.02312e-05 5.63994e-05 -3.8803e-15)
(8.38425e-05 5.26203e-05 5.90344e-17)
(8.66808e-05 4.86269e-05 5.11374e-15)
(8.80087e-05 4.41423e-05 4.88261e-15)
(8.87216e-05 3.96362e-05 9.14276e-15)
(8.82725e-05 3.49784e-05 -8.64088e-15)
(8.72481e-05 3.04711e-05 -8.74363e-15)
(8.54956e-05 2.60673e-05 -1.02747e-14)
(8.35508e-05 2.19331e-05 -7.87028e-15)
(8.13078e-05 1.8062e-05 1.65364e-15)
(7.9444e-05 1.43649e-05 -3.56352e-15)
(1.57732e-05 7.05592e-05 1.50526e-16)
(2.19588e-05 7.00596e-05 6.63988e-17)
(2.81722e-05 6.79168e-05 -4.20297e-16)
(3.6143e-05 6.85139e-05 -1.81572e-15)
(4.21891e-05 6.64004e-05 1.97871e-15)
(4.79227e-05 6.32979e-05 -1.12948e-15)
(5.4476e-05 6.13631e-05 -8.37963e-15)
(5.94681e-05 5.83855e-05 4.92628e-15)
(6.41656e-05 5.5217e-05 -2.17118e-15)
(6.92168e-05 5.26117e-05 -7.45116e-15)
(7.28365e-05 4.9355e-05 9.46279e-15)
(7.60157e-05 4.58404e-05 -2.5317e-14)
(7.86287e-05 4.22432e-05 -4.80199e-16)
(7.98498e-05 3.82444e-05 1.51431e-15)
(8.04373e-05 3.41435e-05 4.18013e-15)
(8.02182e-05 3.00998e-05 2.13934e-14)
(7.91782e-05 2.60492e-05 -3.00106e-15)
(7.77295e-05 2.2221e-05 8.50756e-15)
(7.5826e-05 1.86148e-05 6.86632e-15)
(7.39386e-05 1.52098e-05 -6.02321e-15)
(7.24781e-05 1.21895e-05 1.13539e-14)
(1.44309e-05 6.27588e-05 1.25461e-17)
(2.00346e-05 6.22685e-05 -1.60976e-17)
(2.56699e-05 6.03334e-05 2.72964e-16)
(3.2876e-05 6.07528e-05 -1.17858e-15)
(3.83366e-05 5.87756e-05 -1.23966e-16)
(4.35371e-05 5.59499e-05 5.7975e-15)
(4.94438e-05 5.41019e-05 -1.04784e-15)
(5.39214e-05 5.13009e-05 -2.28767e-15)
(5.82076e-05 4.84462e-05 1.12372e-14)
(6.27558e-05 4.6025e-05 -1.02799e-14)
(6.59516e-05 4.29691e-05 1.69903e-14)
(6.89091e-05 3.98503e-05 5.46352e-15)
(7.12532e-05 3.65855e-05 -2.93347e-14)
(7.23747e-05 3.29747e-05 5.21817e-15)
(7.30037e-05 2.93687e-05 1.27393e-14)
(7.26817e-05 2.56789e-05 7.01748e-15)
(7.19102e-05 2.21674e-05 -6.0281e-15)
(7.05543e-05 1.87931e-05 4.13535e-15)
(6.90064e-05 1.5657e-05 -2.40331e-15)
(6.7286e-05 1.28425e-05 -1.03519e-14)
(6.59957e-05 1.02222e-05 9.08147e-15)
(1.31888e-05 5.57338e-05 5.05429e-17)
(1.82562e-05 5.52741e-05 -4.8168e-17)
(2.33517e-05 5.34928e-05 2.75043e-16)
(2.98644e-05 5.37853e-05 1.20158e-15)
(3.48027e-05 5.19619e-05 1.92526e-15)
(3.94841e-05 4.93292e-05 -1.06559e-15)
(4.48214e-05 4.75888e-05 5.71342e-15)
(4.88837e-05 4.50471e-05 -5.57983e-17)
(5.26967e-05 4.23552e-05 3.94834e-15)
(5.68076e-05 4.01113e-05 1.19348e-14)
(5.97549e-05 3.74024e-05 -2.77256e-15)
(6.23585e-05 3.44976e-05 1.69817e-14)
(6.45185e-05 3.1555e-05 -4.00749e-17)
(6.55557e-05 2.83312e-05 -1.98544e-14)
(6.60821e-05 2.50519e-05 -5.46329e-16)
(6.59761e-05 2.18629e-05 -8.86226e-15)
(6.51966e-05 1.87033e-05 -1.78125e-14)
(6.41109e-05 1.57573e-05 -8.87958e-15)
(6.26966e-05 1.30369e-05 -4.84192e-15)
(6.13026e-05 1.05657e-05 6.79369e-15)
(6.0186e-05 8.29414e-06 5.10664e-15)
(1.20366e-05 4.9417e-05 6.21928e-17)
(1.66092e-05 4.89716e-05 -2.75601e-17)
(2.12171e-05 4.73637e-05 -4.02339e-16)
(2.70866e-05 4.75291e-05 -3.99543e-17)
(3.15445e-05 4.58235e-05 -2.16739e-15)
(3.57759e-05 4.34329e-05 -7.30259e-16)
(4.05832e-05 4.17749e-05 8.01006e-16)
(4.42133e-05 3.93941e-05 -2.67828e-15)
(4.76958e-05 3.69802e-05 -5.17599e-15)
(5.1392e-05 3.4905e-05 5.07853e-15)
(5.3989e-05 3.23582e-05 -7.54499e-15)
(5.64182e-05 2.97847e-05 -2.0345e-14)
(5.83606e-05 2.71118e-05 1.52036e-14)
(5.932e-05 2.42001e-05 1.21914e-14)
(5.98993e-05 2.13221e-05 6.70169e-15)
(5.96972e-05 1.83943e-05 -1.42827e-15)
(5.91639e-05 1.56456e-05 2.6434e-15)
(5.81766e-05 1.303e-05 3.52293e-15)
(5.70544e-05 1.06211e-05 -6.69651e-15)
(5.57746e-05 8.4165e-06 -2.83306e-15)
(5.47627e-05 6.398e-06 -3.30488e-15)
(5.4856e-05 4.54481e-06 -6.95602e-15)
(1.09652e-05 4.37394e-05 5.81562e-17)
(1.50896e-05 4.33248e-05 3.7427e-17)
(1.924e-05 4.18416e-05 1.99444e-16)
(2.45343e-05 4.19148e-05 -3.89536e-16)
(2.85527e-05 4.03473e-05 -2.03866e-15)
(3.23528e-05 3.81264e-05 -3.07726e-15)
(3.66875e-05 3.65743e-05 2.20019e-15)
(3.99782e-05 3.44243e-05 -1.15962e-15)
(4.3066e-05 3.21502e-05 4.97755e-16)
(4.6408e-05 3.02287e-05 -5.64243e-15)
(4.88119e-05 2.79808e-05 -6.49895e-15)
(5.09448e-05 2.55805e-05 -1.40698e-14)
(5.27487e-05 2.31679e-05 -8.58945e-15)
(5.36406e-05 2.05676e-05 1.08731e-14)
(5.41397e-05 1.79241e-05 -1.99011e-15)
(5.41357e-05 1.53883e-05 9.26201e-15)
(5.35866e-05 1.28876e-05 4.351e-15)
(5.28081e-05 1.05726e-05 -1.32282e-14)
(5.17729e-05 8.43087e-06 -1.35497e-14)
(5.07899e-05 6.44073e-06 2.39116e-14)
(4.9936e-05 4.63034e-06 -2.85694e-17)
(5.00477e-05 3.02225e-06 -6.67458e-15)
(9.96956e-06 3.86473e-05 3.78602e-18)
(1.36833e-05 3.82421e-05 2.55647e-17)
(1.74237e-05 3.69011e-05 -4.65543e-17)
(2.21825e-05 3.68812e-05 8.00077e-16)
(2.57922e-05 3.54214e-05 -2.77708e-16)
(2.92227e-05 3.34076e-05 2.68479e-15)
(3.31118e-05 3.19417e-05 -3.68325e-15)
(3.60515e-05 2.99293e-05 3.80982e-15)
(3.88728e-05 2.78961e-05 -1.49709e-15)
(4.18755e-05 2.61207e-05 1.1072e-14)
(4.39938e-05 2.4007e-05 6.1003e-15)
(4.59916e-05 2.18819e-05 5.85953e-15)
(4.76173e-05 1.96853e-05 -4.01039e-15)
(4.8453e-05 1.73214e-05 -4.39748e-15)
(4.8998e-05 1.49931e-05 2.47222e-15)
(4.89147e-05 1.26406e-05 -7.53722e-15)
(4.85755e-05 1.04528e-05 6.2798e-16)
(4.78672e-05 8.38182e-06 1.09202e-14)
(4.704e-05 6.46964e-06 -4.89756e-16)
(4.60814e-05 4.70564e-06 -2.00755e-14)
(4.54842e-05 3.10273e-06 2.9088e-15)
(4.58479e-05 1.72848e-06 -8.8426e-16)
(9.05078e-06 3.40892e-05 -7.48878e-17)
(1.23881e-05 3.3704e-05 9.37918e-17)
(1.5747e-05 3.24645e-05 -2.37959e-16)
(2.00227e-05 3.2383e-05 1.05966e-15)
(2.32666e-05 3.10389e-05 -3.26927e-16)
(2.63373e-05 2.91669e-05 2.27381e-15)
(2.98364e-05 2.77984e-05 3.93159e-15)
(3.24976e-05 2.59834e-05 -1.56911e-15)
(3.49951e-05 2.40713e-05 -5.11782e-15)
(3.77096e-05 2.24312e-05 -3.92378e-15)
(3.96747e-05 2.05687e-05 1.33431e-14)
(4.14294e-05 1.85792e-05 -4.4143e-15)
(4.29404e-05 1.65895e-05 4.04276e-15)
(4.37244e-05 1.44695e-05 -1.11145e-17)
(4.42019e-05 1.23225e-05 8.65573e-15)
(4.42907e-05 1.02793e-05 7.76204e-15)
(4.39327e-05 8.27523e-06 -3.83239e-15)
(4.33965e-05 6.42647e-06 -1.56905e-15)
(4.26447e-05 4.71703e-06 6.89313e-16)
(4.19445e-05 3.1511e-06 7.6001e-15)
(4.14284e-05 1.77043e-06 -3.42834e-16)
(4.18425e-05 4.78381e-07 -3.93643e-15)
(8.19737e-06 3.00201e-05 3.18072e-17)
(1.11907e-05 2.9642e-05 1.0762e-16)
(1.4207e-05 2.85154e-05 -6.81404e-16)
(1.80345e-05 2.83647e-05 -1.21227e-15)
(2.09453e-05 2.71072e-05 2.96906e-16)
(2.37065e-05 2.54118e-05 1.30597e-15)
(2.68422e-05 2.41169e-05 -2.56526e-15)
(2.92088e-05 2.24203e-05 7.18052e-16)
(3.1491e-05 2.07133e-05 9.26456e-16)
(3.39252e-05 1.91997e-05 -2.95359e-15)
(3.5654e-05 1.74419e-05 -4.91452e-15)
(3.73053e-05 1.56793e-05 1.29685e-15)
(3.86656e-05 1.38592e-05 -2.59223e-15)
(3.94041e-05 1.19254e-05 -4.9239e-15)
(3.9923e-05 1.00276e-05 -1.32388e-14)
(3.9941e-05 8.11649e-06 -7.23894e-15)
(3.97642e-05 6.34683e-06 -2.1638e-15)
(3.92799e-05 4.67683e-06 4.18703e-15)
(3.87079e-05 3.13157e-06 3.42341e-15)
(3.80407e-05 1.73785e-06 -6.04055e-15)
(3.77365e-05 4.78618e-07 1.3501e-15)
(3.82558e-05 -6.3792e-07 4.20853e-15)
(7.40055e-06 2.63963e-05 3.27682e-17)
(1.00856e-05 2.60354e-05 -5.38951e-17)
(1.27842e-05 2.49893e-05 4.23551e-16)
(1.62161e-05 2.47909e-05 -8.04225e-16)
(1.88221e-05 2.36305e-05 2.38726e-16)
(2.12851e-05 2.20511e-05 -2.90143e-15)
(2.40995e-05 2.08414e-05 -4.65011e-15)
(2.62383e-05 1.93119e-05 2.67143e-15)
(2.82519e-05 1.77026e-05 8.59925e-15)
(3.04524e-05 1.62998e-05 2.93992e-16)
(3.20573e-05 1.4748e-05 2.99673e-15)
(3.35043e-05 1.30913e-05 -9.51395e-15)
(3.47724e-05 1.1433e-05 -4.49534e-15)
(3.54647e-05 9.6927e-06 -1.83867e-16)
(3.59265e-05 7.92073e-06 1.22189e-14)
(3.60873e-05 6.24735e-06 2.58239e-15)
(3.58947e-05 4.60439e-06 -1.55597e-15)
(3.55556e-05 3.09044e-06 1.07039e-14)
(3.50491e-05 1.70173e-06 -1.89043e-15)
(3.46078e-05 4.38693e-07 6.852e-15)
(3.43562e-05 -6.50485e-07 -5.39257e-15)
(3.48373e-05 -1.8281e-06 -7.674e-15)
(6.66012e-06 2.31896e-05 4.80927e-17)
(9.06609e-06 2.28291e-05 5.02231e-18)
(1.14827e-05 2.18716e-05 2.2821e-16)
(1.45456e-05 2.16199e-05 1.56457e-15)
(1.68715e-05 2.05328e-05 8.68028e-16)
(1.90833e-05 1.90966e-05 -3.25644e-15)
(2.1593e-05 1.79516e-05 4.95682e-15)
(2.3495e-05 1.65151e-05 -4.81816e-15)
(2.5334e-05 1.50735e-05 4.80636e-15)
(2.73039e-05 1.3771e-05 -2.34334e-15)
(2.87141e-05 1.22988e-05 1.10915e-15)
(3.00747e-05 1.08227e-05 6.57729e-15)
(3.12136e-05 9.29682e-06 -1.16107e-14)
(3.18629e-05 7.69257e-06 2.06374e-15)
(3.23521e-05 6.116e-06 -3.89141e-15)
(3.245e-05 4.53181e-06 -2.76519e-15)
(3.24022e-05 3.06758e-06 -1.22636e-15)
(3.21145e-05 1.68508e-06 -9.85595e-15)
(3.17572e-05 4.13261e-07 6.10496e-15)
(3.13652e-05 -7.26624e-07 2.84373e-15)
(3.12233e-05 -1.82472e-06 7.33114e-16)
(3.17306e-05 -2.92531e-06 -8.30462e-16)
(5.97497e-06 2.03576e-05 5.31368e-17)
(8.12597e-06 2.00066e-05 1.23701e-16)
(1.02836e-05 1.91111e-05 -5.25135e-16)
(1.30193e-05 1.88274e-05 -6.02644e-16)
(1.50962e-05 1.78174e-05 2.39009e-15)
(1.7064e-05 1.64736e-05 1.54844e-15)
(1.9312e-05 1.53988e-05 -3.07598e-16)
(2.10278e-05 1.40949e-05 2.64602e-15)
(2.26467e-05 1.2728e-05 -9.05853e-15)
(2.44249e-05 1.15127e-05 1.48353e-14)
(2.57326e-05 1.02046e-05 1.36286e-16)
(2.69206e-05 8.80504e-06 7.98532e-15)
(2.79755e-05 7.40376e-06 5.0743e-15)
(2.85784e-05 5.94973e-06 -8.56448e-15)
(2.90065e-05 4.47073e-06 1.48469e-14)
(2.9214e-05 3.07754e-06 9.00049e-15)
(2.91447e-05 1.71027e-06 -5.39051e-15)
(2.89712e-05 4.46851e-07 1.52137e-15)
(2.86795e-05 -7.19858e-07 2.87773e-15)
(2.84231e-05 -1.80939e-06 1.16812e-16)
(2.83106e-05 -2.84667e-06 4.42793e-16)
(2.87134e-05 -3.93913e-06 4.08974e-15)
(3.00823e-05 -5.29754e-06 -2.4324e-16)
(5.33547e-06 1.78605e-05 -2.79466e-17)
(7.25661e-06 1.75134e-05 -4.84023e-18)
(9.18432e-06 1.66917e-05 -2.56653e-17)
(1.16185e-05 1.63724e-05 -3.81686e-16)
(1.34728e-05 1.54202e-05 -2.07479e-16)
(1.52342e-05 1.41932e-05 1.46896e-15)
(1.72375e-05 1.31672e-05 1.00559e-16)
(1.87574e-05 1.19362e-05 1.12234e-15)
(2.02359e-05 1.07023e-05 -9.98456e-16)
(2.18228e-05 9.56548e-06 -6.83476e-15)
(2.29682e-05 8.31204e-06 5.17477e-15)
(2.40829e-05 7.0537e-06 -3.49639e-16)
(2.50235e-05 5.75346e-06 8.95241e-15)
(2.55796e-05 4.40785e-06 3.25723e-15)
(2.60217e-05 3.08742e-06 -8.94651e-15)
(2.61575e-05 1.76592e-06 7.03016e-15)
(2.61976e-05 5.407e-07 1.16082e-14)
(2.60504e-05 -6.23582e-07 -2.07578e-15)
(2.58544e-05 -1.71474e-06 -6.42919e-15)
(2.56255e-05 -2.73061e-06 4.84268e-15)
(2.56228e-05 -3.73586e-06 1.98038e-15)
(2.6035e-05 -4.81984e-06 -5.83961e-15)
(2.72312e-05 -6.0791e-06 -1.49456e-15)
(4.74509e-06 1.56484e-05 -2.5524e-18)
(6.45948e-06 1.53137e-05 -4.5391e-17)
(8.17449e-06 1.45458e-05 -4.65955e-16)
(1.0343e-05 1.42112e-05 1.69781e-15)
(1.19933e-05 1.33287e-05 2.61544e-16)
(1.35572e-05 1.21799e-05 -3.6107e-15)
(1.53492e-05 1.12147e-05 4.65129e-15)
(1.67193e-05 1.00918e-05 -3.52127e-15)
(1.8018e-05 8.91419e-06 -1.14798e-15)
(1.94499e-05 7.84273e-06 -1.13701e-15)
(2.05113e-05 6.71692e-06 -6.04075e-15)
(2.14794e-05 5.51383e-06 -3.934e-15)
(2.23476e-05 4.30979e-06 -3.44025e-15)
(2.28572e-05 3.08469e-06 1.59175e-15)
(2.32359e-05 1.83853e-06 1.63595e-15)
(2.34497e-05 6.70796e-07 -1.36876e-14)
(2.34509e-05 -4.78773e-07 5.51508e-15)
(2.33812e-05 -1.54998e-06 9.27638e-16)
(2.32239e-05 -2.55324e-06 -1.03041e-14)
(2.30849e-05 -3.51267e-06 2.47663e-15)
(2.30459e-05 -4.45615e-06 4.75923e-15)
(2.35065e-05 -5.50174e-06 -1.77963e-15)
(2.46944e-05 -6.6995e-06 -3.56649e-16)
(4.20151e-06 1.36982e-05 -5.47907e-17)
(5.72882e-06 1.33709e-05 5.38549e-17)
(7.25671e-06 1.2664e-05 4.08475e-16)
(9.17982e-06 1.23101e-05 -5.65417e-16)
(1.06447e-05 1.14832e-05 6.90427e-16)
(1.20426e-05 1.0433e-05 -2.06695e-15)
(1.36326e-05 9.51665e-06 -5.90761e-16)
(1.48478e-05 8.45372e-06 -5.28539e-16)
(1.60331e-05 7.38436e-06 -1.46904e-15)
(1.73092e-05 6.37367e-06 -4.21512e-15)
(1.82376e-05 5.28708e-06 -1.04818e-15)
(1.91458e-05 4.19431e-06 -2.27155e-15)
(1.99158e-05 3.0692e-06 5.281e-15)
(2.03835e-05 1.92606e-06 -1.88977e-16)
(2.07632e-05 8.06555e-07 -2.25469e-15)
(2.09035e-05 -3.07816e-07 -3.93597e-16)
(2.09791e-05 -1.34156e-06 -9.67457e-15)
(2.09136e-05 -2.32849e-06 1.02811e-14)
(2.08162e-05 -3.26374e-06 -4.06082e-15)
(2.06956e-05 -4.15367e-06 -8.5442e-15)
(2.07578e-05 -5.04512e-06 1.53779e-15)
(2.11906e-05 -6.01859e-06 3.24848e-15)
(2.22709e-05 -7.22216e-06 4.9101e-15)
(3.69699e-06 1.20071e-05 4.79712e-17)
(5.05119e-06 1.16956e-05 -7.49916e-17)
(6.40301e-06 1.10316e-05 3.3235e-16)
(8.1097e-06 1.0667e-05 -8.28527e-16)
(9.412e-06 9.89379e-06 -7.19919e-16)
(1.06519e-05 8.90468e-06 9.5382e-16)
(1.20727e-05 8.03842e-06 -1.99097e-16)
(1.31673e-05 7.0627e-06 -1.62244e-16)
(1.42082e-05 6.03816e-06 5.46861e-15)
(1.53587e-05 5.08099e-06 2.90523e-15)
(1.62193e-05 4.09678e-06 -8.024e-15)
(1.70072e-05 3.04527e-06 -1.31745e-16)
(1.77175e-05 1.99617e-06 -4.31021e-17)
(1.81434e-05 9.4767e-07 4.89195e-15)
(1.8466e-05 -1.14115e-07 -8.96488e-16)
(1.86616e-05 -1.10454e-06 -5.43367e-15)
(1.86912e-05 -2.0759e-06 7.36271e-15)
(1.86752e-05 -2.98515e-06 -4.83474e-15)
(1.85943e-05 -3.84537e-06 -1.12662e-15)
(1.85394e-05 -4.68104e-06 -1.29529e-16)
(1.85752e-05 -5.52361e-06 -3.30735e-15)
(1.90377e-05 -6.47496e-06 4.49745e-15)
(2.01042e-05 -7.60294e-06 -1.0954e-15)
(3.24618e-06 1.03966e-05 8.478e-18)
(4.43612e-06 1.01007e-05 -3.69524e-17)
(5.62645e-06 9.5107e-06 -3.15885e-16)
(7.12404e-06 9.16592e-06 -6.02794e-16)
(8.27598e-06 8.45812e-06 1.42098e-15)
(9.37967e-06 7.56494e-06 -9.19286e-16)
(1.06427e-05 6.74841e-06 1.64186e-15)
(1.1613e-05 5.82793e-06 5.27174e-16)
(1.25659e-05 4.89335e-06 -2.26499e-15)
(1.35923e-05 3.98756e-06 4.95528e-15)
(1.43491e-05 3.03248e-06 6.76577e-15)
(1.50901e-05 2.07046e-06 -7.63874e-15)
(1.57205e-05 1.08475e-06 9.40211e-16)
(1.61111e-05 1.0305e-07 -9.47227e-15)
(1.64344e-05 -8.57643e-07 2.79235e-15)
(1.65654e-05 -1.80592e-06 1.30975e-15)
(1.66507e-05 -2.68677e-06 -7.71985e-15)
(1.66236e-05 -3.52679e-06 3.52063e-17)
(1.65814e-05 -4.33335e-06 -3.08735e-15)
(1.65256e-05 -5.11432e-06 8.31821e-15)
(1.66384e-05 -5.91412e-06 3.37343e-15)
(1.70845e-05 -6.80547e-06 -6.33781e-15)
(1.80454e-05 -7.93043e-06 -1.86315e-15)
(2.85036e-06 8.93906e-06 -8.70072e-18)
(3.89391e-06 8.67571e-06 2.05377e-17)
(4.93614e-06 8.13029e-06 6.98958e-17)
(6.2485e-06 7.79986e-06 5.17551e-16)
(7.25847e-06 7.16289e-06 5.4633e-16)
(8.2242e-06 6.34421e-06 -3.68976e-17)
(9.34318e-06 5.5944e-06 8.1305e-17)
(1.02113e-05 4.76417e-06 -7.71088e-17)
(1.10442e-05 3.87554e-06 8.0766e-16)
(1.19706e-05 3.01877e-06 -5.15676e-15)
(1.26739e-05 2.14934e-06 2.37115e-15)
(1.33218e-05 1.22134e-06 5.96449e-15)
(1.39096e-05 2.99955e-07 -4.9238e-15)
(1.42709e-05 -6.03055e-07 1.24177e-15)
(1.45522e-05 -1.51819e-06 -4.71904e-15)
(1.47316e-05 -2.36978e-06 4.14205e-15)
(1.47762e-05 -3.20243e-06 5.8933e-15)
(1.4785e-05 -3.98452e-06 4.38161e-16)
(1.47372e-05 -4.72941e-06 -2.58206e-15)
(1.47249e-05 -5.46449e-06 -8.33867e-16)
(1.48121e-05 -6.2154e-06 -1.26841e-16)
(1.52717e-05 -7.06355e-06 1.87846e-17)
(1.62284e-05 -8.06985e-06 4.63411e-15)
(2.45414e-06 7.69226e-06 2.80462e-17)
(3.34506e-06 7.44423e-06 -4.88289e-17)
(4.24228e-06 6.94727e-06 -2.62481e-17)
(5.39115e-06 6.61413e-06 -1.45556e-15)
(6.27906e-06 6.02491e-06 1.96453e-15)
(7.14372e-06 5.2846e-06 1.23368e-15)
(8.14218e-06 4.58257e-06 -1.13355e-15)
(8.91451e-06 3.80338e-06 -7.45349e-16)
(9.67936e-06 2.99464e-06 -3.12273e-17)
(1.05076e-05 2.18925e-06 3.41206e-15)
(1.1116e-05 1.35435e-06 -8.57532e-15)
(1.1721e-05 5.04007e-07 1.69426e-15)
(1.22479e-05 -3.63273e-07 9.22626e-15)
(1.25899e-05 -1.21233e-06 -3.82312e-15)
(1.2878e-05 -2.04556e-06 1.83673e-15)
(1.30148e-05 -2.86692e-06 -2.12754e-15)
(1.31092e-05 -3.62818e-06 -2.33592e-15)
(1.31064e-05 -4.35314e-06 1.04359e-15)
(1.30869e-05 -5.05126e-06 2.17421e-15)
(1.30591e-05 -5.73084e-06 5.13276e-15)
(1.32129e-05 -6.3878e-06 -1.15926e-15)
(1.36915e-05 -7.09426e-06 -1.50035e-15)
(1.45301e-05 -8.11774e-06 -8.75262e-16)
(2.1433e-06 6.60894e-06 -1.85796e-17)
(2.90708e-06 6.37938e-06 4.64586e-17)
(3.67593e-06 5.91794e-06 4.33939e-16)
(4.65296e-06 5.59168e-06 7.4601e-17)
(5.41653e-06 5.04385e-06 -1.24863e-15)
(6.15958e-06 4.3489e-06 -1.44777e-15)
(7.03433e-06 3.69216e-06 -1.28757e-17)
(7.72355e-06 2.97957e-06 -1.1985e-15)
(8.39971e-06 2.20664e-06 6.75717e-16)
(9.15078e-06 1.44835e-06 3.10103e-16)
(9.74177e-06 7.0465e-07 6.37953e-15)
(1.02712e-05 -1.02973e-07 -2.77135e-15)
(1.07622e-05 -9.14448e-07 -2.24403e-16)
(1.1076e-05 -1.70044e-06 5.05745e-15)
(1.13242e-05 -2.50039e-06 -4.28182e-15)
(1.14978e-05 -3.24398e-06 9.31736e-16)
(1.15672e-05 -3.96603e-06 -7.33608e-16)
(1.15987e-05 -4.63962e-06 -5.21569e-15)
(1.15755e-05 -5.28292e-06 -1.23082e-16)
(1.16155e-05 -5.85874e-06 3.22172e-15)
(1.17989e-05 -6.39385e-06 1.08067e-15)
(1.22331e-05 -7.14237e-06 -1.64993e-15)
(1.30028e-05 -8.11352e-06 -1.8775e-15)
(1.52104e-05 -1.02973e-05 -8.55087e-16)
(1.87935e-06 5.44257e-06 2.79883e-17)
(2.51935e-06 5.2592e-06 6.03407e-17)
(3.16482e-06 4.87379e-06 2.09517e-16)
(4.00341e-06 4.59299e-06 1.62476e-15)
(4.66085e-06 4.11727e-06 -7.31769e-16)
(5.31408e-06 3.51382e-06 -3.1745e-15)
(6.08316e-06 2.91066e-06 -5.97798e-16)
(6.6769e-06 2.23994e-06 7.48952e-16)
(7.28788e-06 1.52066e-06 7.3067e-16)
(7.94367e-06 8.17302e-07 -2.2965e-15)
(8.42248e-06 1.13536e-07 -3.69738e-16)
(8.9456e-06 -6.08111e-07 2.50492e-15)
(9.40178e-06 -1.35623e-06 -3.38102e-15)
(9.7071e-06 -2.092e-06 -2.7274e-15)
(9.96113e-06 -2.82473e-06 2.04937e-15)
(1.00969e-05 -3.54052e-06 -3.98279e-15)
(1.02055e-05 -4.20039e-06 2.24436e-15)
(1.02325e-05 -4.8275e-06 8.43018e-16)
(1.02717e-05 -5.38968e-06 -5.71345e-15)
(1.03437e-05 -5.89843e-06 -4.97453e-17)
(1.04998e-05 -6.45698e-06 3.59753e-15)
(1.09096e-05 -7.14192e-06 2.04718e-15)
(1.15824e-05 -8.17952e-06 2.3481e-15)
(1.34934e-05 -1.03899e-05 -1.33415e-15)
(1.51946e-06 4.47256e-06 2.41658e-18)
(2.07257e-06 4.31576e-06 5.3464e-18)
(2.6265e-06 3.97664e-06 -2.02202e-16)
(3.36551e-06 3.71731e-06 -5.54544e-16)
(3.94523e-06 3.29858e-06 1.25742e-15)
(4.52625e-06 2.76021e-06 1.05465e-15)
(5.22258e-06 2.22189e-06 1.22672e-16)
(5.76381e-06 1.62326e-06 -2.20965e-15)
(6.32623e-06 9.47674e-07 4.38043e-16)
(6.9607e-06 3.2863e-07 4.58564e-16)
(7.31752e-06 -3.24047e-07 2.90349e-15)
(7.73513e-06 -1.0234e-06 1.29407e-15)
(8.10962e-06 -1.72353e-06 -1.50054e-16)
(8.36814e-06 -2.40024e-06 -3.90409e-15)
(8.5988e-06 -3.09876e-06 -5.18669e-15)
(8.78726e-06 -3.74305e-06 4.3963e-16)
(8.89606e-06 -4.35501e-06 -9.49536e-16)
(8.99476e-06 -4.91883e-06 2.66348e-15)
(9.05643e-06 -5.43934e-06 1.06538e-15)
(9.15314e-06 -5.93614e-06 -2.05749e-15)
(9.36534e-06 -6.46493e-06 -2.81838e-16)
(9.68368e-06 -7.22933e-06 8.74392e-16)
(1.02188e-05 -8.27844e-06 -1.55516e-16)
(1.19614e-05 -1.04065e-05 -1.08919e-15)
(1.90794e-06 5.84991e-06 -2.21312e-17)
(2.5595e-06 5.48239e-06 1.3779e-17)
(3.16646e-06 4.87091e-06 -2.96271e-16)
(3.81043e-06 4.24457e-06 -3.13162e-16)
(4.22949e-06 3.49225e-06 5.9401e-16)
(4.55396e-06 2.67003e-06 2.05382e-16)
(4.8852e-06 1.91279e-06 1.81479e-15)
(5.04699e-06 1.17711e-06 -3.2685e-15)
(5.24353e-06 4.72439e-07 2.46265e-16)
(5.48749e-06 -8.34427e-08 -2.03322e-16)
(5.49081e-06 -7.43574e-07 -1.86846e-15)
(5.92013e-06 -1.32989e-06 4.53898e-15)
(6.56003e-06 -1.97267e-06 2.94864e-15)
(7.02323e-06 -2.62845e-06 3.00136e-15)
(7.44589e-06 -3.31633e-06 -7.75832e-16)
(7.77933e-06 -3.97927e-06 2.14044e-15)
(8.05719e-06 -4.58116e-06 4.191e-15)
(8.22101e-06 -5.13522e-06 -1.91418e-15)
(8.35427e-06 -5.64168e-06 -1.6094e-15)
(8.45033e-06 -6.10821e-06 2.4687e-15)
(8.5129e-06 -6.63807e-06 2.33413e-15)
(8.71257e-06 -7.31238e-06 -2.34983e-15)
(9.26986e-06 -8.31602e-06 -6.92533e-17)
(1.09554e-05 -1.05082e-05 2.46627e-16)
(1.59587e-06 4.81477e-06 1.51387e-17)
(2.12116e-06 4.51439e-06 8.35908e-18)
(2.61162e-06 3.99634e-06 3.01195e-16)
(3.15183e-06 3.47188e-06 -4.04375e-16)
(3.50296e-06 2.8295e-06 -7.48207e-16)
(3.78888e-06 2.11031e-06 -6.99181e-16)
(4.08708e-06 1.42892e-06 -3.37657e-15)
(4.24599e-06 7.51487e-07 1.94248e-16)
(4.42525e-06 6.55647e-08 2.1699e-15)
(4.6113e-06 -5.08445e-07 3.1782e-15)
(4.34452e-06 -1.03019e-06 -1.76899e-15)
(4.57868e-06 -1.46428e-06 1.27544e-15)
(5.24059e-06 -2.03279e-06 3.74767e-15)
(5.65666e-06 -2.6256e-06 2.75218e-16)
(6.0341e-06 -3.2728e-06 -1.19023e-15)
(6.41194e-06 -3.8599e-06 -1.24681e-15)
(6.71699e-06 -4.41775e-06 5.14481e-15)
(6.97169e-06 -4.93799e-06 -1.21186e-15)
(7.15668e-06 -5.43612e-06 -1.25819e-15)
(7.31939e-06 -5.94627e-06 2.3731e-15)
(7.51017e-06 -6.48341e-06 -8.68675e-16)
(7.76399e-06 -7.17985e-06 1.46756e-15)
(8.4986e-06 -8.38966e-06 1.5284e-15)
(1.00919e-05 -1.04837e-05 -1.15737e-15)
(1.30617e-06 3.94921e-06 -3.21993e-18)
(1.73256e-06 3.69411e-06 -6.05547e-17)
(2.13299e-06 3.25339e-06 3.4465e-17)
(2.57979e-06 2.80003e-06 3.85862e-16)
(2.87383e-06 2.23787e-06 -7.4676e-17)
(3.11963e-06 1.6089e-06 5.86757e-16)
(3.36977e-06 9.86801e-07 1.37047e-16)
(3.50503e-06 3.5077e-07 -1.31881e-15)
(3.65731e-06 -2.95579e-07 2.50492e-16)
(3.76502e-06 -8.56221e-07 -2.23713e-15)
(3.34244e-06 -1.23596e-06 2.10752e-15)
(3.47921e-06 -1.49648e-06 1.65888e-15)
(4.16413e-06 -2.0094e-06 -8.19288e-16)
(4.54469e-06 -2.57964e-06 -2.51507e-15)
(4.88455e-06 -3.17975e-06 1.9162e-15)
(5.23756e-06 -3.7401e-06 -2.15181e-15)
(5.59313e-06 -4.25276e-06 -6.75771e-15)
(5.86469e-06 -4.75678e-06 -3.7664e-15)
(6.11682e-06 -5.25491e-06 1.0927e-15)
(6.3443e-06 -5.75547e-06 1.69265e-15)
(6.5476e-06 -6.33466e-06 -1.55905e-15)
(6.87173e-06 -7.04273e-06 -7.9667e-16)
(7.80667e-06 -8.40667e-06 -8.74101e-17)
(9.22208e-06 -1.0401e-05 2.34921e-15)
(1.05536e-06 3.22864e-06 1.5094e-18)
(1.39729e-06 3.01048e-06 3.95423e-18)
(1.71875e-06 2.62979e-06 -1.71298e-16)
(2.08762e-06 2.23298e-06 2.99839e-16)
(2.32729e-06 1.73892e-06 -5.73732e-16)
(2.53234e-06 1.17896e-06 3.57569e-16)
(2.73172e-06 6.06916e-07 1.54323e-15)
(2.84591e-06 2.7345e-08 1.2014e-15)
(2.94195e-06 -5.96106e-07 -1.84899e-16)
(2.97645e-06 -1.13261e-06 -5.18377e-16)
(2.52616e-06 -1.33513e-06 -2.27531e-15)
(2.58737e-06 -1.46438e-06 -1.98405e-15)
(3.28691e-06 -1.9283e-06 -1.8061e-15)
(3.63384e-06 -2.47587e-06 1.23458e-15)
(3.91863e-06 -3.06442e-06 1.61351e-15)
(4.27341e-06 -3.58114e-06 2.35328e-15)
(4.61442e-06 -4.07853e-06 -1.11029e-15)
(4.92979e-06 -4.56451e-06 -9.08752e-16)
(5.1878e-06 -5.05967e-06 -1.14983e-15)
(5.4312e-06 -5.5888e-06 -3.92915e-16)
(5.72085e-06 -6.15202e-06 -1.6206e-16)
(6.18667e-06 -6.95375e-06 1.50976e-15)
(7.09023e-06 -8.36569e-06 -1.07363e-15)
(8.35953e-06 -1.02756e-05 -3.82498e-16)
(8.37403e-07 2.60469e-06 5.26996e-18)
(1.10773e-06 2.41466e-06 7.10014e-18)
(1.36184e-06 2.09137e-06 1.17475e-16)
(1.65694e-06 1.7482e-06 -3.34617e-16)
(1.84869e-06 1.31513e-06 -1.27618e-16)
(2.01501e-06 8.26603e-07 -1.51511e-16)
(2.16225e-06 3.01657e-07 -8.95703e-16)
(2.25111e-06 -2.30663e-07 9.33082e-16)
(2.29997e-06 -8.17646e-07 7.18195e-16)
(2.27911e-06 -1.30305e-06 2.14228e-15)
(1.85534e-06 -1.37177e-06 2.51721e-15)
(1.89173e-06 -1.38102e-06 -1.5317e-15)
(2.57576e-06 -1.80519e-06 -1.15282e-15)
(2.89259e-06 -2.34444e-06 2.31892e-15)
(3.14006e-06 -2.90629e-06 -1.77825e-15)
(3.44776e-06 -3.41674e-06 -1.60504e-15)
(3.80182e-06 -3.88839e-06 2.45252e-15)
(4.09763e-06 -4.3721e-06 1.67832e-15)
(4.38048e-06 -4.87353e-06 2.57964e-15)
(4.65939e-06 -5.37906e-06 1.87499e-16)
(4.95299e-06 -5.95034e-06 8.64961e-16)
(5.57685e-06 -6.92617e-06 3.95585e-16)
(6.4139e-06 -8.26872e-06 -1.73317e-15)
(7.51047e-06 -1.00857e-05 3.58342e-16)
(6.47274e-07 2.07895e-06 1.87496e-17)
(8.57148e-07 1.92233e-06 -1.75327e-17)
(1.05308e-06 1.6427e-06 7.42857e-17)
(1.28519e-06 1.34139e-06 -4.46382e-16)
(1.43238e-06 9.62723e-07 5.0816e-16)
(1.55807e-06 5.34179e-07 4.91195e-16)
(1.65997e-06 5.63867e-08 -2.79856e-17)
(1.73048e-06 -4.10999e-07 -9.28854e-17)
(1.7179e-06 -9.71e-07 -1.86867e-15)
(1.65871e-06 -1.3952e-06 -1.41663e-15)
(1.33693e-06 -1.32591e-06 1.97656e-15)
(1.3506e-06 -1.26701e-06 1.03381e-15)
(2.00996e-06 -1.66297e-06 -2.0098e-15)
(2.29383e-06 -2.18724e-06 2.21273e-15)
(2.49544e-06 -2.7441e-06 -1.33966e-15)
(2.78691e-06 -3.22741e-06 -1.88343e-15)
(3.09997e-06 -3.69745e-06 3.44181e-15)
(3.40603e-06 -4.17222e-06 -4.60892e-17)
(3.676e-06 -4.65946e-06 -2.787e-15)
(3.95761e-06 -5.16157e-06 -3.49137e-15)
(4.40123e-06 -5.80512e-06 -2.84373e-18)
(5.01874e-06 -6.82802e-06 3.98357e-16)
(5.71633e-06 -8.10625e-06 1.0837e-15)
(6.66918e-06 -9.87204e-06 -6.06956e-16)
(4.73829e-07 1.71241e-06 -6.25269e-18)
(6.30784e-07 1.57032e-06 1.29073e-17)
(7.76265e-07 1.31818e-06 2.52046e-17)
(9.52353e-07 1.03478e-06 4.16091e-16)
(1.06534e-06 6.88436e-07 -6.63889e-16)
(1.15951e-06 3.05826e-07 8.38e-17)
(1.22643e-06 -1.35993e-07 7.71194e-16)
(1.28073e-06 -5.50295e-07 8.72873e-16)
(1.22241e-06 -1.07401e-06 -1.46837e-15)
(1.14294e-06 -1.42838e-06 -1.4442e-15)
(9.15224e-07 -1.24622e-06 1.48339e-15)
(9.4482e-07 -1.13109e-06 1.57882e-15)
(1.55835e-06 -1.50954e-06 -1.72254e-15)
(1.81412e-06 -2.02372e-06 -1.84401e-15)
(1.98769e-06 -2.55615e-06 8.93001e-16)
(2.22761e-06 -3.04243e-06 9.438e-16)
(2.53129e-06 -3.49586e-06 -6.81809e-16)
(2.80365e-06 -3.9651e-06 -7.67438e-16)
(3.08649e-06 -4.43272e-06 7.97418e-16)
(3.46963e-06 -4.97071e-06 2.78651e-16)
(3.91861e-06 -5.73432e-06 8.44785e-16)
(4.44533e-06 -6.72197e-06 2.83958e-16)
(5.05671e-06 -7.97358e-06 1.11999e-15)
(5.88951e-06 -9.73173e-06 -7.39297e-16)
(3.30105e-07 1.28907e-06 6.80818e-18)
(4.41571e-07 1.15725e-06 1.68911e-19)
(5.40191e-07 9.60237e-07 -8.12218e-17)
(6.65287e-07 7.38065e-07 1.14026e-16)
(7.42765e-07 4.55346e-07 1.53466e-16)
(8.05939e-07 1.36261e-07 -5.85635e-17)
(8.48135e-07 -2.50841e-07 1.31289e-15)
(8.93892e-07 -5.90699e-07 -6.54107e-16)
(7.93957e-07 -1.08068e-06 7.65604e-16)
(7.30055e-07 -1.36788e-06 -1.29687e-16)
(6.13395e-07 -1.13069e-06 3.8419e-16)
(6.36158e-07 -9.92972e-07 -2.66098e-16)
(1.20463e-06 -1.35594e-06 -8.6061e-16)
(1.43049e-06 -1.84619e-06 1.76812e-15)
(1.56824e-06 -2.36918e-06 -6.07927e-17)
(1.78924e-06 -2.83309e-06 -1.15303e-15)
(2.04699e-06 -3.29066e-06 1.98544e-16)
(2.35678e-06 -3.77519e-06 1.6903e-15)
(2.68485e-06 -4.2608e-06 -2.00377e-15)
(3.04829e-06 -4.89384e-06 -1.78058e-16)
(3.43966e-06 -5.63063e-06 6.7268e-16)
(3.86759e-06 -6.5684e-06 9.0095e-16)
(4.33562e-06 -7.7642e-06 -9.67168e-16)
(5.025e-06 -9.37716e-06 -5.9236e-16)
(5.71037e-06 -1.08772e-05 2.5187e-16)
(2.22813e-07 9.07776e-07 -1.12658e-17)
(3.00594e-07 8.32923e-07 -1.37797e-17)
(3.66639e-07 6.71326e-07 7.22918e-17)
(4.43005e-07 4.87892e-07 -1.88824e-16)
(4.8254e-07 2.617e-07 -2.05927e-16)
(5.05107e-07 4.15044e-09 7.26869e-16)
(5.13334e-07 -3.19883e-07 -7.8558e-17)
(5.26346e-07 -5.84288e-07 -9.84209e-16)
(3.90559e-07 -1.03233e-06 -1.6687e-16)
(3.32469e-07 -1.24478e-06 1.11339e-15)
(3.89514e-07 -9.49655e-07 -1.91703e-15)
(4.19763e-07 -8.69541e-07 -1.62121e-15)
(9.3055e-07 -1.21196e-06 2.73332e-15)
(1.13717e-06 -1.68108e-06 3.31282e-16)
(1.26247e-06 -2.18907e-06 -1.63297e-15)
(1.44598e-06 -2.6749e-06 -1.78867e-15)
(1.71787e-06 -3.128e-06 1.64076e-15)
(2.02592e-06 -3.62491e-06 1.51807e-15)
(2.34508e-06 -4.20479e-06 -1.63582e-15)
(2.6827e-06 -4.8531e-06 -1.65619e-15)
(3.02562e-06 -5.63942e-06 1.48382e-15)
(3.39579e-06 -6.64417e-06 9.87036e-16)
(3.88581e-06 -7.87242e-06 -1.50342e-15)
(4.58743e-06 -9.56826e-06 -6.4131e-17)
(5.29385e-06 -1.12452e-05 8.59278e-16)
(1.15714e-07 6.39343e-07 6.51004e-18)
(1.45682e-07 5.73287e-07 -3.49431e-18)
(1.75418e-07 4.45178e-07 6.50313e-17)
(2.24843e-07 2.93014e-07 -1.17412e-16)
(2.53098e-07 1.10342e-07 -3.6397e-16)
(2.73545e-07 -1.00219e-07 4.42184e-16)
(2.92764e-07 -3.60153e-07 1.5021e-16)
(3.08318e-07 -5.5702e-07 -1.16129e-15)
(1.7679e-07 -9.78782e-07 5.03455e-16)
(1.26434e-07 -1.08774e-06 1.26367e-16)
(1.73849e-07 -7.86336e-07 -7.66739e-16)
(2.81917e-07 -7.79124e-07 1.07124e-15)
(7.28568e-07 -1.10116e-06 1.65042e-15)
(9.13589e-07 -1.54626e-06 -1.25832e-15)
(1.01959e-06 -2.07438e-06 8.89662e-16)
(1.20488e-06 -2.55213e-06 -1.45618e-15)
(1.44381e-06 -3.00616e-06 -5.80706e-16)
(1.69181e-06 -3.49101e-06 1.01801e-15)
(1.94086e-06 -4.00637e-06 -2.02383e-16)
(2.1794e-06 -4.58751e-06 7.47531e-16)
(2.40983e-06 -5.26299e-06 -5.55829e-16)
(2.68836e-06 -6.05817e-06 1.07928e-17)
(2.99953e-06 -7.01076e-06 8.10931e-16)
(3.44768e-06 -8.33019e-06 -7.95221e-16)
(3.89538e-06 -9.55862e-06 2.00792e-16)
(6.27069e-08 4.81464e-07 2.3104e-17)
(6.03716e-08 4.15568e-07 -1.49361e-17)
(5.84164e-08 2.96364e-07 -1.5744e-17)
(7.46109e-08 1.5168e-07 -8.39216e-17)
(8.80981e-08 -1.24586e-08 -1.07611e-16)
(1.08568e-07 -1.98927e-07 1.4238e-16)
(1.41716e-07 -4.11419e-07 3.87234e-16)
(1.78157e-07 -5.75207e-07 1.02739e-16)
(1.20571e-07 -9.38635e-07 -5.21654e-16)
(8.09836e-08 -9.03707e-07 6.17493e-16)
(9.36132e-08 -6.41667e-07 3.23648e-16)
(1.83633e-07 -6.50107e-07 -2.8978e-16)
(5.5403e-07 -9.55379e-07 -3.47107e-16)
(6.90942e-07 -1.40244e-06 2.18124e-16)
(7.9153e-07 -1.91477e-06 -5.37469e-16)
(9.77204e-07 -2.43422e-06 1.33108e-16)
(1.23574e-06 -2.99098e-06 -8.78894e-16)
(1.51057e-06 -3.60849e-06 1.18129e-15)
(1.77849e-06 -4.31364e-06 3.06698e-16)
(2.04429e-06 -5.10712e-06 -9.30215e-16)
(2.35082e-06 -5.99785e-06 1.98423e-16)
(2.72876e-06 -7.06398e-06 3.08331e-16)
(3.23903e-06 -8.38633e-06 6.6216e-16)
(3.9692e-06 -1.02207e-05 -1.54509e-16)
(4.64377e-06 -1.20686e-05 -3.75896e-16)
(1.97594e-08 1.41684e-07 -3.25801e-17)
(1.7542e-09 9.84917e-08 -1.4807e-18)
(-2.3022e-08 1.96337e-08 6.27542e-18)
(-4.02724e-08 -7.00433e-08 -2.28863e-16)
(-5.78822e-08 -1.78326e-07 4.76685e-16)
(-7.00292e-08 -2.98764e-07 -3.1839e-17)
(-6.80628e-08 -4.26657e-07 -5.14584e-16)
(-5.64083e-08 -5.30337e-07 2.28129e-16)
(-6.93469e-08 -7.30198e-07 1.69813e-16)
(2.22577e-08 -3.9149e-07 -8.37586e-17)
(1.03032e-07 -4.10668e-07 1.98185e-17)
(1.52512e-07 -3.98871e-07 -1.65964e-16)
(4.52901e-07 -7.9309e-07 -2.27769e-16)
(5.14198e-07 -1.2508e-06 -3.53261e-16)
(5.22515e-07 -1.6598e-06 6.1248e-16)
(5.88669e-07 -2.01167e-06 -3.00694e-16)
(7.05435e-07 -2.34673e-06 2.89526e-16)
(8.30681e-07 -2.70283e-06 -4.55516e-17)
(9.523e-07 -3.07491e-06 -2.90909e-16)
(1.08273e-06 -3.44726e-06 3.04075e-16)
(1.21623e-06 -3.82694e-06 2.85915e-16)
(1.35157e-06 -4.2636e-06 -1.14693e-16)
(1.46299e-06 -4.75937e-06 1.09625e-16)
(1.59899e-06 -5.4924e-06 -1.60937e-16)
(1.77639e-06 -6.16721e-06 1.70061e-17)
(-1.09965e-08 -1.18023e-07 -7.25705e-18)
(-1.76803e-08 -1.05931e-07 1.68569e-18)
(-2.53181e-08 -8.92239e-08 1.90776e-17)
(-3.46629e-08 -7.35073e-08 -9.07728e-17)
(-4.08171e-08 -5.63215e-08 6.50116e-17)
(-4.55602e-08 -3.97347e-08 1.26473e-16)
(-4.96547e-08 -2.95315e-08 -7.92014e-17)
(-4.57467e-08 -1.68734e-08 -2.96291e-16)
(-4.50766e-08 -2.17956e-08 6.85756e-17)
(1.46221e-08 1.01676e-07 1.35783e-16)
(4.63381e-08 1.64333e-07 -1.17786e-16)
(6.68831e-08 1.04307e-07 -9.15234e-17)
(2.84962e-07 -8.35221e-07 1.5458e-16)
(4.6117e-07 -1.62759e-06 4.88146e-16)
(6.35124e-07 -2.39513e-06 -3.40932e-16)
(8.39273e-07 -3.17549e-06 -2.49313e-16)
(1.07684e-06 -4.018e-06 1.16444e-16)
(1.34081e-06 -4.93441e-06 -6.77441e-16)
(1.64129e-06 -5.9271e-06 -2.21802e-16)
(1.99469e-06 -6.99973e-06 6.28183e-16)
(2.43878e-06 -8.19779e-06 9.55411e-17)
(3.0331e-06 -9.61136e-06 -3.68305e-16)
(3.81303e-06 -1.13144e-05 7.46449e-16)
(4.82431e-06 -1.36314e-05 2.2502e-16)
(5.61981e-06 -1.58928e-05 -1.54638e-16)
)
;

boundaryField
{
    inlet
    {
        type            calculated;
        value           nonuniform List<vector> 
25
(
(0.000410349 -1.18021e-07 -7.25705e-18)
(0.00208789 -1.05934e-07 1.68569e-18)
(0.00352381 -8.92271e-08 1.90776e-17)
(0.0043269 -7.351e-08 -9.07728e-17)
(0.00410419 -5.63244e-08 6.50116e-17)
(0.00298633 -3.97368e-08 1.26473e-16)
(0.00105061 -2.95312e-08 -7.92014e-17)
(-0.0016021 -1.68696e-08 -2.96291e-16)
(-0.00431199 -2.17887e-08 6.85756e-17)
(-0.00100802 1.01682e-07 1.35783e-16)
(4.6342e-08 -0.0118581 -1.17786e-16)
(6.68822e-08 0.00555206 -9.15234e-17)
(2.84955e-07 0.0167607 1.5458e-16)
(4.61146e-07 0.0286903 4.88146e-16)
(6.35089e-07 0.0434987 -3.40932e-16)
(8.39213e-07 0.0601422 -2.49313e-16)
(1.0768e-06 0.0785423 1.16444e-16)
(1.34068e-06 0.0990832 -6.77441e-16)
(1.64115e-06 0.122353 -2.21802e-16)
(1.99436e-06 0.149201 6.28183e-16)
(2.43843e-06 0.180865 9.55411e-17)
(3.03233e-06 0.218159 -3.68305e-16)
(3.81227e-06 0.259403 7.46449e-16)
(4.8233e-06 0.299414 2.2502e-16)
(5.61881e-06 0.328171 -1.54638e-16)
)
;
    }
    outlet
    {
        type            calculated;
        value           nonuniform List<vector> 0();
    }
    walls
    {
        type            calculated;
        value           nonuniform List<vector> 0();
    }
    frontAndBack
    {
        type            empty;
    }
    procBoundary4to0
    {
        type            processor;
        value           nonuniform List<vector> 
72
(
(-4.74662e-05 0.00385211 -2.94534e-15)
(-8.75135e-06 0.00341257 -6.0023e-15)
(1.85486e-05 0.00303359 2.60306e-15)
(3.80752e-05 0.00270433 -1.68905e-15)
(5.28353e-05 0.00241746 -1.88546e-15)
(6.33982e-05 0.00216562 8.91564e-16)
(7.10111e-05 0.00194319 1.09026e-15)
(7.62151e-05 0.00174653 -1.83147e-15)
(7.94234e-05 0.00157101 -2.14559e-17)
(8.10692e-05 0.00141443 -8.35e-16)
(8.14875e-05 0.00127417 1.3597e-16)
(8.09286e-05 0.00114851 -3.26189e-18)
(7.95325e-05 0.00103534 6.75427e-16)
(7.75684e-05 0.000933506 7.43323e-16)
(7.5118e-05 0.000841746 6.51445e-16)
(7.237e-05 0.000758991 -1.48536e-15)
(6.91388e-05 0.000684552 3.09012e-18)
(6.59951e-05 0.000617682 -4.67836e-16)
(6.30885e-05 0.000557175 -1.12859e-15)
(6.02961e-05 0.000502115 8.47405e-17)
(5.7441e-05 0.000452673 5.88723e-17)
(5.38187e-05 0.000407907 8.38912e-16)
(5.38187e-05 0.000407907 8.38912e-16)
(2.48305e-05 0.000352042 2.84951e-16)
(2.37266e-05 0.000316806 3.17411e-15)
(2.25963e-05 0.000285077 -2.40569e-16)
(2.14371e-05 0.000256371 -2.06801e-15)
(2.02915e-05 0.000230507 2.18014e-15)
(1.91449e-05 0.000207101 2.48841e-16)
(1.80188e-05 0.000185965 -3.35451e-17)
(1.69274e-05 0.000166874 -6.30854e-16)
(1.58695e-05 0.000149671 1.13233e-16)
(1.48305e-05 0.000134123 2.69295e-15)
(1.38258e-05 0.000120113 -2.4973e-16)
(1.28669e-05 0.000107471 -5.17238e-16)
(1.19501e-05 9.6088e-05 1.08862e-16)
(1.10674e-05 8.58194e-05 -6.23793e-17)
(1.02312e-05 7.65683e-05 5.03641e-16)
(9.44931e-06 6.8232e-05 -2.30796e-16)
(8.71429e-06 6.07322e-05 1.18081e-16)
(8.01684e-06 5.39693e-05 4.3194e-16)
(7.36225e-06 4.7891e-05 2.3914e-16)
(6.75179e-06 4.2422e-05 2.77592e-16)
(6.17844e-06 3.75221e-05 -3.02366e-16)
(5.63567e-06 3.31309e-05 -6.47369e-16)
(5.12314e-06 2.92114e-05 9.82214e-18)
(4.64065e-06 2.57215e-05 2.36323e-16)
(4.18955e-06 2.2634e-05 4.12752e-16)
(3.75917e-06 1.99021e-05 1.85668e-16)
(3.35568e-06 1.74926e-05 6.96127e-17)
(2.98496e-06 1.53461e-05 -3.70716e-16)
(2.64012e-06 1.34621e-05 -4.41695e-18)
(2.32214e-06 1.18316e-05 2.65378e-16)
(2.04531e-06 1.02227e-05 -1.79485e-16)
(1.80637e-06 8.81908e-06 2.36858e-16)
(1.57241e-06 7.61616e-06 5.44291e-17)
(1.38068e-06 6.56197e-06 -1.0349e-16)
(1.23996e-06 5.41126e-06 4.94075e-17)
(9.72439e-07 4.45939e-06 -2.22893e-16)
(1.21971e-06 5.91665e-06 2.03833e-17)
(1.04216e-06 4.86672e-06 3.9342e-17)
(8.55911e-07 3.996e-06 1.32022e-16)
(6.92936e-07 3.27437e-06 3.0522e-17)
(5.52468e-07 2.63142e-06 2.15117e-17)
(4.23656e-07 2.11266e-06 -5.43168e-17)
(3.09016e-07 1.77132e-06 6.38268e-18)
(2.19004e-07 1.28347e-06 -7.04656e-18)
(1.48418e-07 9.22304e-07 -5.90125e-17)
(9.29674e-08 6.62958e-07 3.53092e-17)
(6.52631e-08 5.21213e-07 -7.04586e-17)
(3.819e-08 1.68456e-07 -1.26534e-16)
(-4.77401e-09 -1.26756e-07 -2.1822e-18)
)
;
    }
    procBoundary4to5
    {
        type            processor;
        value           nonuniform List<vector> 
95
(
(0.000178087 0.0045469 4.02175e-15)
(0.000468732 0.00399761 -1.76399e-16)
(0.000828635 0.0040646 9.02931e-18)
(0.000974907 0.00349415 9.0145e-15)
(0.000974907 0.00349415 9.0145e-15)
(0.00124301 0.00350635 -2.93797e-15)
(0.00128125 0.00290752 -3.58825e-15)
(0.00128125 0.00290752 -3.58825e-15)
(0.00156874 0.00292905 -2.51658e-14)
(0.00142505 0.00232646 -6.97437e-14)
(0.00142505 0.00232646 -6.97437e-14)
(0.00140034 0.00197742 -1.292e-13)
(0.00140034 0.00197742 -1.292e-13)
(0.00141728 0.00170554 6.10055e-15)
(0.00122162 0.0015344 4.15262e-14)
(0.00122162 0.0015344 4.15262e-14)
(0.00115684 0.00128156 1.06479e-14)
(0.00115684 0.00128156 1.06479e-14)
(0.00114969 0.00109186 9.88323e-16)
(0.00099778 0.000986716 -2.24669e-14)
(0.00099778 0.000986716 -2.24669e-14)
(0.000976043 0.00082813 -3.78134e-14)
(0.000849122 0.000751515 -9.84884e-14)
(0.000849122 0.000751515 -9.84884e-14)
(0.000823109 0.00062743 -7.34142e-14)
(0.000718608 0.000571601 9.87668e-14)
(0.000718608 0.000571601 9.87668e-14)
(0.000696325 0.000474982 2.83318e-14)
(0.000634748 0.00043606 9.72117e-15)
(0.000556678 0.00039302 1.09127e-14)
(0.000556678 0.00039302 1.09127e-14)
(0.000529454 0.000315403 -1.01957e-13)
(0.000482987 0.000287037 4.03655e-14)
(0.000424215 0.000257586 2.9464e-14)
(0.000424215 0.000257586 2.9464e-14)
(0.000399057 0.000206719 3.28957e-14)
(0.000364629 0.000188989 2.95076e-14)
(0.000322292 0.000169863 3.80972e-15)
(0.000322292 0.000169863 3.80972e-15)
(0.000299085 0.000132681 1.92541e-16)
(0.000273431 0.000120305 -4.28399e-15)
(0.000242902 0.000107567 9.36998e-14)
(0.000242902 0.000107567 9.36998e-14)
(0.000222213 8.26827e-05 3.00604e-14)
(0.000204793 7.46877e-05 -4.55922e-14)
(0.000189062 6.66124e-05 2.96873e-14)
(0.000172846 5.88073e-05 -4.38866e-15)
(0.000154531 5.15937e-05 -3.23152e-14)
(0.000154531 5.15937e-05 -3.23152e-14)
(0.000139639 3.69713e-05 -1.47484e-15)
(0.000128669 3.16216e-05 1.98657e-14)
(0.000118052 2.63849e-05 -1.87382e-14)
(0.000107677 2.21834e-05 -6.93061e-15)
(9.64835e-05 1.90126e-05 -1.12702e-14)
(9.64835e-05 1.90126e-05 -1.12702e-14)
(8.75853e-05 1.24523e-05 6.31001e-16)
(7.9881e-05 1.07877e-05 1.58232e-14)
(7.30836e-05 9.16473e-06 -1.23362e-15)
(6.65724e-05 7.57067e-06 -1.12599e-15)
(6.05018e-05 5.98239e-06 -1.62687e-16)
(6.05018e-05 5.98239e-06 -1.62687e-16)
(5.738e-05 2.44944e-06 -3.46392e-15)
(5.24899e-05 1.38074e-06 7.14803e-15)
(4.8155e-05 2.59318e-07 1.94065e-15)
(4.39928e-05 -8.87843e-07 -1.21854e-15)
(4.02368e-05 -2.03675e-06 2.50969e-15)
(3.65576e-05 -3.15524e-06 -1.91172e-15)
(3.33785e-05 -4.28054e-06 -8.31545e-15)
(3.33785e-05 -4.28054e-06 -8.31545e-15)
(3.48494e-05 -7.80917e-06 1.43806e-15)
(3.1577e-05 -8.43628e-06 -1.20077e-15)
(2.86999e-05 -9.04427e-06 1.74104e-16)
(2.59354e-05 -9.50513e-06 -4.8415e-15)
(2.34774e-05 -9.88309e-06 -4.01573e-15)
(2.11248e-05 -1.01318e-05 4.09063e-15)
(1.90401e-05 -1.02657e-05 6.55777e-17)
(1.70624e-05 -1.02402e-05 4.14199e-16)
(1.70624e-05 -1.02402e-05 4.14199e-16)
(1.76265e-05 -1.2462e-05 -2.56177e-15)
(1.53917e-05 -1.24282e-05 -1.00266e-15)
(1.36712e-05 -1.23914e-05 -1.18599e-15)
(1.26615e-05 -1.25368e-05 -8.36554e-17)
(1.16187e-05 -1.23923e-05 -1.71876e-15)
(1.05906e-05 -1.22419e-05 -1.2748e-16)
(9.54642e-06 -1.20434e-05 7.19074e-16)
(8.57982e-06 -1.18344e-05 1.01613e-15)
(7.56622e-06 -1.15709e-05 3.20313e-16)
(6.72394e-06 -1.14294e-05 -7.48295e-16)
(6.72394e-06 -1.14294e-05 -7.48295e-16)
(6.48029e-06 -1.18358e-05 4.35681e-20)
(5.64588e-06 -1.22438e-05 1.2364e-16)
(4.17901e-06 -1.01961e-05 -1.23448e-16)
(4.9643e-06 -1.31696e-05 1.27028e-16)
(2.01294e-06 -6.50383e-06 -6.72253e-17)
(5.93921e-06 -1.73264e-05 -2.60454e-16)
)
;
    }
}


// ************************************************************************* //
