/*--------------------------------*- C++ -*----------------------------------*\
| =========                 |                                                 |
| \\      /  F ield         | OpenFOAM: The Open Source CFD Toolbox           |
|  \\    /   O peration     | Version:  2506                                  |
|   \\  /    A nd           | Website:  www.openfoam.com                      |
|    \\/     M anipulation  |                                                 |
\*---------------------------------------------------------------------------*/
FoamFile
{
    version     2.0;
    format      ascii;
    arch        "LSB;label=32;scalar=64";
    class       volVectorField;
    location    "500";
    object      momentError;
}
// * * * * * * * * * * * * * * * * * * * * * * * * * * * * * * * * * * * * * //

dimensions      [0 1 -2 0 0 0 0];

internalField   nonuniform List<vector> 
1340
(
(7.64894e-06 -9.81505e-05 1.78892e-16)
(2.52669e-06 -0.000108162 -1.65406e-15)
(-6.66203e-06 -0.000115778 -1.5231e-15)
(6.7661e-06 -9.13307e-05 -2.4814e-15)
(8.06559e-07 -9.95367e-05 6.67455e-16)
(-8.02943e-06 -0.000106 -1.48845e-15)
(-1.84038e-05 -0.000104732 5.51855e-15)
(-2.88999e-05 -0.000104526 6.91985e-15)
(4.677e-06 -8.38806e-05 9.9965e-16)
(-1.66552e-06 -9.13766e-05 4.23553e-15)
(-1.04589e-05 -9.69838e-05 2.89052e-15)
(-1.99562e-05 -9.57885e-05 9.5865e-17)
(-2.93108e-05 -9.64844e-05 -1.098e-15)
(-3.89857e-05 -9.60466e-05 -5.33414e-16)
(-4.595e-05 -9.18268e-05 4.56362e-14)
(2.35507e-06 -7.79481e-05 -1.44123e-15)
(-3.65916e-06 -8.36669e-05 3.39092e-15)
(-1.23247e-05 -8.83397e-05 5.967e-16)
(-2.1233e-05 -8.74836e-05 -4.24932e-15)
(-3.00921e-05 -8.82032e-05 1.43371e-14)
(-3.91594e-05 -8.8131e-05 -1.98943e-14)
(-4.67141e-05 -8.54494e-05 2.04621e-15)
(-5.08088e-05 -7.97827e-05 -6.63952e-15)
(3.45499e-07 -7.18871e-05 -3.25435e-15)
(-5.54255e-06 -7.68761e-05 -1.74033e-15)
(-1.35384e-05 -8.06938e-05 -3.88655e-16)
(-2.19432e-05 -7.99898e-05 -3.99186e-15)
(-3.03043e-05 -8.07039e-05 -8.10459e-16)
(-3.90635e-05 -8.08332e-05 1.51753e-14)
(-4.60085e-05 -7.81518e-05 -5.00756e-14)
(-5.14659e-05 -7.29707e-05 2.10025e-14)
(-5.18186e-05 -6.67734e-05 8.43937e-14)
(-8.9715e-07 -6.63192e-05 3.46389e-15)
(-6.70718e-06 -7.05822e-05 -3.22906e-15)
(-1.43009e-05 -7.38589e-05 1.34764e-15)
(-2.2077e-05 -7.32903e-05 2.11869e-15)
(-3.00599e-05 -7.40168e-05 -1.91782e-14)
(-3.84061e-05 -7.42268e-05 1.6275e-14)
(-4.51516e-05 -7.17634e-05 4.08658e-14)
(-4.98461e-05 -6.77817e-05 -2.99585e-14)
(-5.25513e-05 -6.22688e-05 -4.44598e-15)
(-1.78351e-06 -6.10232e-05 2.16539e-15)
(-7.42767e-06 -6.48348e-05 -1.18253e-15)
(-1.45577e-05 -6.76462e-05 -3.29421e-15)
(-2.19221e-05 -6.72612e-05 9.00905e-17)
(-2.94353e-05 -6.79652e-05 -1.73324e-15)
(-3.73498e-05 -6.83314e-05 -4.02443e-14)
(-4.39058e-05 -6.63712e-05 2.88283e-14)
(-4.8483e-05 -6.29037e-05 9.22025e-15)
(-5.13105e-05 -5.86755e-05 -7.9032e-14)
(-5.27873e-05 -5.47402e-05 -7.44458e-15)
(-2.33135e-06 -5.60224e-05 -1.74297e-16)
(-7.81543e-06 -5.95254e-05 7.63599e-16)
(-1.45454e-05 -6.19978e-05 1.44622e-16)
(-2.13965e-05 -6.17485e-05 -2.91568e-15)
(-2.859e-05 -6.25655e-05 1.82171e-14)
(-3.61462e-05 -6.30213e-05 1.92681e-14)
(-4.23808e-05 -6.13776e-05 -4.41294e-14)
(-4.71008e-05 -5.86374e-05 1.99907e-14)
(-5.01853e-05 -5.48905e-05 4.86786e-14)
(-5.21548e-05 -5.14785e-05 -4.44751e-15)
(-5.36606e-05 -4.93071e-05 -3.35548e-14)
(-2.66853e-06 -5.13786e-05 -5.40123e-16)
(-7.93223e-06 -5.46032e-05 -1.97421e-15)
(-1.42557e-05 -5.68373e-05 4.59012e-17)
(-2.07234e-05 -5.67909e-05 -5.94998e-16)
(-2.753e-05 -5.75457e-05 -1.24407e-14)
(-3.47207e-05 -5.81792e-05 3.30504e-14)
(-4.08916e-05 -5.69472e-05 3.43231e-14)
(-4.5593e-05 -5.4384e-05 6.43838e-15)
(-4.89514e-05 -5.12819e-05 9.94067e-15)
(-5.1394e-05 -4.8358e-05 -1.46259e-14)
(-5.38283e-05 -4.61908e-05 -1.34927e-14)
(-2.83675e-06 -4.70601e-05 -5.3326e-16)
(-7.8855e-06 -5.00882e-05 -6.71742e-16)
(-1.38176e-05 -5.21327e-05 -1.89728e-15)
(-1.98606e-05 -5.21488e-05 -8.62435e-16)
(-2.63993e-05 -5.30368e-05 -3.00118e-15)
(-3.33031e-05 -5.36934e-05 -1.89163e-14)
(-3.91771e-05 -5.26054e-05 -2.82779e-15)
(-4.4093e-05 -5.06205e-05 -3.49523e-14)
(-4.7691e-05 -4.78167e-05 7.17325e-15)
(-5.03532e-05 -4.4898e-05 1.19148e-14)
(-5.32131e-05 -4.2898e-05 1.52634e-14)
(-5.53612e-05 -4.02634e-05 -1.17275e-14)
(-2.91798e-06 -4.31525e-05 2.34064e-15)
(-7.71208e-06 -4.59269e-05 1.21245e-15)
(-1.32527e-05 -4.78138e-05 1.85993e-15)
(-1.90018e-05 -4.79671e-05 -1.34083e-15)
(-2.51591e-05 -4.87406e-05 -6.77815e-17)
(-3.17605e-05 -4.95201e-05 -7.68543e-15)
(-3.75979e-05 -4.8762e-05 2.15501e-14)
(-4.2418e-05 -4.68603e-05 8.58343e-15)
(-4.62178e-05 -4.43723e-05 -2.86665e-14)
(-4.93527e-05 -4.16757e-05 1.26949e-14)
(-5.23304e-05 -3.91759e-05 -2.54094e-14)
(-5.50798e-05 -3.63646e-05 3.94098e-14)
(-2.92247e-06 -3.95083e-05 2.32467e-15)
(-7.48236e-06 -4.21565e-05 -5.73345e-17)
(-1.26783e-05 -4.38503e-05 -5.58616e-16)
(-1.80196e-05 -4.40175e-05 2.12341e-15)
(-2.39282e-05 -4.49246e-05 -1.62622e-15)
(-3.02402e-05 -4.56716e-05 -3.50965e-15)
(-3.57995e-05 -4.49487e-05 1.22895e-14)
(-4.07573e-05 -4.34876e-05 2.42212e-14)
(-4.48023e-05 -4.10063e-05 -2.28311e-14)
(-4.78898e-05 -3.80733e-05 3.38066e-14)
(-5.12638e-05 -3.54257e-05 -2.071e-14)
(-5.42075e-05 -3.21682e-05 -1.10904e-14)
(-5.61809e-05 -2.8278e-05 6.06884e-14)
(-2.89675e-06 -3.62383e-05 -5.69123e-16)
(-7.2131e-06 -3.86341e-05 2.7714e-15)
(-1.20731e-05 -4.02279e-05 -1.39227e-16)
(-1.70971e-05 -4.05151e-05 -8.43504e-16)
(-2.26322e-05 -4.12578e-05 -1.01423e-15)
(-2.86317e-05 -4.20884e-05 9.09472e-15)
(-3.41534e-05 -4.16189e-05 5.98033e-15)
(-3.89395e-05 -3.99842e-05 1.66353e-14)
(-4.30488e-05 -3.7646e-05 2.14892e-14)
(-4.651e-05 -3.47704e-05 -2.66443e-14)
(-4.97544e-05 -3.15256e-05 4.3963e-14)
(-5.27869e-05 -2.79348e-05 -4.22426e-14)
(-5.54944e-05 -2.41492e-05 2.25214e-14)
(-2.87405e-06 -3.31521e-05 -2.12926e-15)
(-6.94013e-06 -3.54539e-05 2.3756e-15)
(-1.1465e-05 -3.69159e-05 1.11258e-15)
(-1.6135e-05 -3.71683e-05 -2.18347e-15)
(-2.14149e-05 -3.8016e-05 -1.12737e-14)
(-2.71099e-05 -3.87689e-05 1.21001e-14)
(-3.22976e-05 -3.81986e-05 -2.27656e-14)
(-3.71748e-05 -3.68666e-05 -3.11705e-14)
(-4.12976e-05 -3.44736e-05 5.01679e-15)
(-4.45731e-05 -3.11895e-05 4.93858e-15)
(-4.79575e-05 -2.79366e-05 -1.01736e-17)
(-5.11171e-05 -2.4107e-05 3.80845e-14)
(-5.39773e-05 -2.06287e-05 -8.79086e-14)
(-5.59147e-05 -1.6868e-05 6.75326e-16)
(-2.77885e-06 -3.03222e-05 1.99338e-16)
(-6.6262e-06 -3.24746e-05 -1.12803e-15)
(-1.08372e-05 -3.38646e-05 9.3993e-16)
(-1.52585e-05 -3.41862e-05 -5.00327e-15)
(-2.01503e-05 -3.48493e-05 1.16267e-15)
(-2.55428e-05 -3.56319e-05 -9.50207e-15)
(-3.06267e-05 -3.52539e-05 9.69291e-15)
(-3.51947e-05 -3.36922e-05 -1.62521e-14)
(-3.92274e-05 -3.13112e-05 -1.75316e-14)
(-4.26974e-05 -2.81692e-05 -3.26529e-14)
(-4.58044e-05 -2.44414e-05 -6.84004e-14)
(-4.89203e-05 -2.07694e-05 -3.4715e-15)
(-5.1946e-05 -1.71266e-05 -1.16523e-14)
(-5.40164e-05 -1.33317e-05 -5.71264e-14)
(-2.68629e-06 -2.76499e-05 1.99537e-16)
(-6.28801e-06 -2.97315e-05 -7.06188e-17)
(-1.02284e-05 -3.09972e-05 9.64912e-16)
(-1.43124e-05 -3.12733e-05 -2.9536e-15)
(-1.89619e-05 -3.20454e-05 3.05176e-15)
(-2.40267e-05 -3.27248e-05 -1.87941e-14)
(-2.87412e-05 -3.22062e-05 -3.90748e-15)
(-3.32805e-05 -3.0906e-05 6.24154e-15)
(-3.72034e-05 -2.84506e-05 1.7496e-14)
(-4.02635e-05 -2.49922e-05 1.2322e-14)
(-4.3471e-05 -2.15457e-05 -1.79372e-14)
(-4.64301e-05 -1.79284e-05 5.54733e-16)
(-4.9495e-05 -1.45312e-05 7.62274e-14)
(-5.22524e-05 -1.1336e-05 1.02877e-13)
(-2.58326e-06 -2.52005e-05 -2.17188e-15)
(-5.94737e-06 -2.7119e-05 -1.08879e-15)
(-9.62449e-06 -2.83214e-05 -6.36673e-16)
(-1.34387e-05 -2.86838e-05 6.07385e-15)
(-1.77384e-05 -2.92642e-05 -1.5538e-15)
(-2.2485e-05 -2.99706e-05 5.56975e-15)
(-2.70634e-05 -2.96185e-05 -1.85506e-16)
(-3.12048e-05 -2.80548e-05 1.45332e-15)
(-3.4906e-05 -2.56523e-05 1.49728e-14)
(-3.80695e-05 -2.25224e-05 -8.34349e-15)
(-4.08348e-05 -1.89728e-05 2.13532e-14)
(-4.37191e-05 -1.57375e-05 2.96629e-14)
(-4.67179e-05 -1.29391e-05 -1.39418e-15)
(-4.97468e-05 -1.03611e-05 -1.05726e-14)
(-5.24163e-05 -9.33933e-06 -4.60961e-14)
(-2.63357e-06 -2.30206e-05 1.62625e-15)
(-5.62713e-06 -2.47251e-05 -7.13054e-16)
(-9.01632e-06 -2.58536e-05 2.4127e-16)
(-1.25535e-05 -2.61502e-05 2.71541e-15)
(-1.66243e-05 -2.6833e-05 -1.57423e-15)
(-2.10537e-05 -2.74296e-05 9.22857e-15)
(-2.52236e-05 -2.6914e-05 4.8025e-15)
(-2.92804e-05 -2.56335e-05 1.49892e-14)
(-3.27294e-05 -2.32707e-05 9.03624e-15)
(-3.54316e-05 -2.00321e-05 2.04173e-14)
(-3.82823e-05 -1.70467e-05 -2.97449e-14)
(-4.10105e-05 -1.42501e-05 -3.75942e-14)
(-4.40125e-05 -1.19412e-05 -1.30037e-14)
(-4.74341e-05 -1.0495e-05 2.45145e-14)
(-5.02852e-05 -9.35894e-06 3.76284e-14)
(-2.45282e-06 -2.09452e-05 1.01611e-15)
(-5.30933e-06 -2.27393e-05 1.22339e-15)
(-8.41109e-06 -2.36237e-05 -1.69775e-16)
(-1.17651e-05 -2.39499e-05 -5.31546e-16)
(-1.54996e-05 -2.44484e-05 3.27573e-15)
(-1.9643e-05 -2.50506e-05 -1.02035e-14)
(-2.36377e-05 -2.47084e-05 -1.83028e-14)
(-2.72418e-05 -2.32232e-05 1.46748e-14)
(-3.04294e-05 -2.10025e-05 -4.01063e-15)
(-3.31625e-05 -1.82847e-05 -2.80362e-14)
(-3.56386e-05 -1.54146e-05 5.77799e-15)
(-3.83481e-05 -1.30933e-05 -1.21576e-15)
(-4.15104e-05 -1.13999e-05 -3.6015e-14)
(-4.4991e-05 -1.02397e-05 -4.75601e-14)
(-4.86148e-05 -9.35663e-06 -1.08496e-14)
(-1.94658e-06 -1.8816e-05 -8.94419e-16)
(-4.79932e-06 -2.07406e-05 2.28906e-16)
(-7.81642e-06 -2.16508e-05 -1.5113e-15)
(-1.09442e-05 -2.1838e-05 -2.04122e-15)
(-1.44864e-05 -2.24272e-05 1.70687e-15)
(-1.83176e-05 -2.29214e-05 7.54878e-15)
(-2.19205e-05 -2.24385e-05 3.37424e-15)
(-2.54133e-05 -2.12535e-05 -1.15316e-14)
(-2.83435e-05 -1.91667e-05 3.91998e-14)
(-3.06391e-05 -1.64521e-05 -5.41856e-15)
(-3.32249e-05 -1.41847e-05 -5.14912e-16)
(-3.5878e-05 -1.22417e-05 4.0061e-14)
(-3.90379e-05 -1.08474e-05 -8.27316e-16)
(-4.2959e-05 -9.98022e-06 -3.05227e-15)
(-4.64942e-05 -8.89456e-06 3.09191e-15)
(-4.92129e-05 -6.93867e-06 -6.82017e-15)
(-1.73583e-06 -1.70473e-05 -3.08395e-16)
(-4.31e-06 -1.88019e-05 -8.19961e-16)
(-7.23675e-06 -1.97206e-05 -2.43741e-16)
(-1.01924e-05 -2.00261e-05 2.50452e-15)
(-1.34548e-05 -2.04432e-05 -2.04509e-15)
(-1.70155e-05 -2.09513e-05 1.80345e-15)
(-2.046e-05 -2.06291e-05 9.20601e-15)
(-2.35266e-05 -1.9289e-05 -2.74559e-14)
(-2.62331e-05 -1.73789e-05 -1.82157e-14)
(-2.85826e-05 -1.51981e-05 2.23176e-15)
(-3.08421e-05 -1.3031e-05 6.96151e-15)
(-3.35068e-05 -1.14187e-05 4.72726e-15)
(-3.67383e-05 -1.02984e-05 5.38694e-14)
(-4.05166e-05 -9.37043e-06 4.28068e-14)
(-4.44356e-05 -8.12331e-06 -3.90285e-14)
(-4.66525e-05 -5.301e-06 7.62369e-15)
(-1.58984e-06 -1.59847e-05 -7.69224e-16)
(-4.03746e-06 -1.7065e-05 -1.91023e-16)
(-6.69663e-06 -1.80432e-05 -1.25393e-15)
(-9.4544e-06 -1.82562e-05 5.10699e-15)
(-1.25409e-05 -1.87707e-05 -3.39587e-15)
(-1.58315e-05 -1.91834e-05 -3.50656e-15)
(-1.89197e-05 -1.87258e-05 -1.93294e-14)
(-2.18994e-05 -1.7689e-05 3.50824e-16)
(-2.43792e-05 -1.59442e-05 2.0129e-14)
(-2.63641e-05 -1.37654e-05 1.52517e-14)
(-2.87383e-05 -1.20776e-05 -1.58966e-14)
(-3.13122e-05 -1.06855e-05 -5.42753e-14)
(-3.44719e-05 -9.65002e-06 -3.39496e-14)
(-3.83328e-05 -8.74678e-06 4.13647e-14)
(-4.17606e-05 -7.00041e-06 2.02651e-14)
(-4.42902e-05 -4.17606e-06 -1.042e-14)
(1.3102e-07 -1.34775e-05 -4.54467e-17)
(-1.52728e-06 -1.48446e-05 5.68968e-16)
(-3.74601e-06 -1.56564e-05 2.70283e-16)
(-6.23027e-06 -1.64614e-05 -2.0471e-16)
(-8.8122e-06 -1.67582e-05 7.55505e-16)
(-1.16305e-05 -1.71232e-05 8.49553e-18)
(-1.4703e-05 -1.75402e-05 9.92314e-17)
(-1.76435e-05 -1.72515e-05 9.8988e-15)
(-2.02495e-05 -1.6088e-05 -5.2198e-15)
(-2.25438e-05 -1.45106e-05 9.37987e-15)
(-2.45965e-05 -1.27868e-05 2.16611e-14)
(-2.66747e-05 -1.11165e-05 -2.19912e-15)
(-2.92197e-05 -9.91471e-06 6.55863e-15)
(-3.22993e-05 -8.98392e-06 2.69656e-15)
(-3.58067e-05 -7.8797e-06 -2.33386e-14)
(-3.93827e-05 -6.27518e-06 -3.57401e-14)
(-4.16867e-05 -3.51832e-06 1.78322e-14)
(-4.2719e-05 -6.2435e-07 3.35286e-14)
(8.59841e-08 -1.25515e-05 8.91151e-17)
(-1.51984e-06 -1.35341e-05 5.22656e-16)
(-3.56555e-06 -1.43456e-05 -2.38418e-16)
(-5.81516e-06 -1.50416e-05 2.36692e-15)
(-8.17888e-06 -1.53027e-05 -5.36332e-16)
(-1.08365e-05 -1.57537e-05 6.3019e-15)
(-1.36654e-05 -1.6095e-05 2.67615e-15)
(-1.62987e-05 -1.56964e-05 1.22598e-14)
(-1.88407e-05 -1.48136e-05 -8.15547e-16)
(-2.09581e-05 -1.33709e-05 -1.70266e-14)
(-2.26915e-05 -1.1604e-05 -2.62447e-16)
(-2.48562e-05 -1.03037e-05 -3.29452e-16)
(-2.72695e-05 -9.20424e-06 -1.88143e-14)
(-3.0185e-05 -8.26813e-06 9.16106e-15)
(-3.36501e-05 -7.25214e-06 6.62897e-15)
(-3.66376e-05 -5.47244e-06 2.9942e-14)
(-3.92636e-05 -3.21954e-06 5.83e-16)
(-4.04053e-05 -4.38945e-07 -4.10317e-14)
(-1.74125e-07 -1.1617e-05 6.26259e-16)
(-1.58901e-06 -1.24729e-05 -7.95686e-16)
(-3.4016e-06 -1.31034e-05 -9.43927e-17)
(-5.45736e-06 -1.37817e-05 2.79308e-16)
(-7.62885e-06 -1.40844e-05 -8.1901e-16)
(-1.0054e-05 -1.43973e-05 -6.16497e-15)
(-1.26776e-05 -1.47556e-05 -3.89162e-15)
(-1.52026e-05 -1.45036e-05 2.01691e-14)
(-1.74203e-05 -1.35049e-05 1.03478e-14)
(-1.93938e-05 -1.21886e-05 -2.52388e-15)
(-2.11982e-05 -1.08062e-05 -2.30847e-14)
(-2.30715e-05 -9.46258e-06 9.20413e-15)
(-2.54078e-05 -8.47236e-06 1.95859e-14)
(-2.81776e-05 -7.6058e-06 -1.57177e-15)
(-3.12608e-05 -6.47021e-06 8.93531e-15)
(-3.44586e-05 -4.97928e-06 -5.54881e-14)
(-3.67292e-05 -2.77964e-06 -3.19206e-14)
(-3.82295e-05 -1.13245e-07 3.9808e-14)
(-3.08281e-07 -1.07306e-05 8.97479e-17)
(-1.6112e-06 -1.14432e-05 8.10041e-18)
(-3.26772e-06 -1.20486e-05 3.51077e-16)
(-5.11742e-06 -1.26388e-05 2.85938e-16)
(-7.10294e-06 -1.28846e-05 1.52519e-15)
(-9.38405e-06 -1.32716e-05 -1.41679e-16)
(-1.17986e-05 -1.35611e-05 -3.49875e-15)
(-1.40544e-05 -1.32026e-05 1.08102e-14)
(-1.6236e-05 -1.24542e-05 1.16345e-14)
(-1.80555e-05 -1.12569e-05 -1.09138e-14)
(-1.95728e-05 -9.80383e-06 -1.30405e-15)
(-2.15105e-05 -8.74689e-06 -9.60281e-15)
(-2.36757e-05 -7.81583e-06 1.98285e-14)
(-2.62526e-05 -6.93361e-06 -1.71391e-14)
(-2.92489e-05 -5.95621e-06 -9.77269e-15)
(-3.19065e-05 -4.34006e-06 1.32638e-15)
(-3.44586e-05 -2.3691e-06 -1.54977e-14)
(-3.59905e-05 3.00979e-07 -1.41374e-14)
(-3.66146e-05 3.00222e-06 -1.9269e-14)
(-4.03418e-07 -9.88294e-06 -2.6879e-17)
(-1.61364e-06 -1.0545e-05 7.68274e-18)
(-3.11157e-06 -1.10286e-05 5.06014e-17)
(-4.80813e-06 -1.16029e-05 1.76063e-15)
(-6.6535e-06 -1.18629e-05 -2.26589e-15)
(-8.71691e-06 -1.2132e-05 1.12697e-14)
(-1.09726e-05 -1.24282e-05 -1.208e-14)
(-1.31272e-05 -1.22171e-05 -7.33214e-15)
(-1.50305e-05 -1.13661e-05 -1.6026e-14)
(-1.67284e-05 -1.02743e-05 7.5787e-15)
(-1.83099e-05 -9.13853e-06 2.75485e-15)
(-1.99701e-05 -8.01282e-06 -8.68725e-15)
(-2.20359e-05 -7.15984e-06 -1.82414e-14)
(-2.44555e-05 -6.357e-06 -1.17141e-15)
(-2.70865e-05 -5.29419e-06 -2.61037e-14)
(-2.98657e-05 -3.93706e-06 -1.07232e-14)
(-3.19139e-05 -1.83942e-06 2.19657e-14)
(-3.36714e-05 4.92249e-07 6.97477e-14)
(-3.44949e-05 3.07509e-06 3.00629e-14)
(-4.7725e-07 -9.09319e-06 2.85447e-16)
(-1.59261e-06 -9.6567e-06 1.31585e-16)
(-2.97296e-06 -1.0148e-05 -2.06659e-16)
(-4.52047e-06 -1.06331e-05 -4.1773e-16)
(-6.20019e-06 -1.08452e-05 1.59994e-15)
(-8.14244e-06 -1.11819e-05 2.63373e-15)
(-1.02161e-05 -1.14234e-05 -1.22224e-14)
(-1.21439e-05 -1.11241e-05 -1.06744e-14)
(-1.40215e-05 -1.04972e-05 -3.34737e-15)
(-1.55981e-05 -9.49699e-06 4.84558e-15)
(-1.69207e-05 -8.27416e-06 1.28393e-14)
(-1.86283e-05 -7.38981e-06 -7.31089e-15)
(-2.05239e-05 -6.57409e-06 4.86207e-15)
(-2.2746e-05 -5.76762e-06 1.88429e-14)
(-2.52967e-05 -4.83325e-06 -5.98863e-15)
(-2.75231e-05 -3.32473e-06 -3.32035e-14)
(-2.98369e-05 -1.52866e-06 4.78616e-15)
(-3.13493e-05 5.9728e-07 -6.9513e-15)
(-3.21044e-05 3.46529e-06 -3.19509e-15)
(-5.39065e-07 -8.34405e-06 -4.59412e-17)
(-1.56807e-06 -8.88616e-06 7.05296e-17)
(-2.82493e-06 -9.27733e-06 1.05099e-16)
(-4.25855e-06 -9.75309e-06 -1.59418e-15)
(-5.80143e-06 -9.98786e-06 2.26884e-15)
(-7.5682e-06 -1.02095e-05 -1.53329e-15)
(-9.49311e-06 -1.0468e-05 4.82862e-15)
(-1.1353e-05 -1.02926e-05 1.12332e-14)
(-1.29894e-05 -9.56758e-06 -5.66811e-15)
(-1.44708e-05 -8.64465e-06 -1.41353e-15)
(-1.58575e-05 -7.69772e-06 -2.01309e-14)
(-1.73045e-05 -6.73557e-06 8.20086e-15)
(-1.91047e-05 -5.98031e-06 1.05722e-14)
(-2.11684e-05 -5.238e-06 3.48145e-14)
(-2.33711e-05 -4.22226e-06 4.50042e-15)
(-2.56897e-05 -2.99386e-06 5.76843e-15)
(-2.75242e-05 -1.24365e-06 1.6441e-14)
(-2.90873e-05 9.67469e-07 -2.14846e-15)
(-2.97255e-05 3.69195e-06 -3.41385e-14)
(-5.7389e-07 -7.65962e-06 -8.23067e-17)
(-1.52407e-06 -8.12912e-06 -1.08992e-16)
(-2.69556e-06 -8.52853e-06 -1.24404e-16)
(-3.99815e-06 -8.93719e-06 1.71055e-15)
(-5.4159e-06 -9.11782e-06 -6.78726e-16)
(-7.07931e-06 -9.39643e-06 -4.69958e-15)
(-8.85019e-06 -9.60308e-06 -3.7548e-15)
(-1.05106e-05 -9.33946e-06 1.34379e-15)
(-1.21386e-05 -8.80989e-06 9.59605e-15)
(-1.35114e-05 -7.96821e-06 9.11526e-15)
(-1.46695e-05 -6.93209e-06 1.28253e-14)
(-1.61609e-05 -6.17132e-06 -1.79572e-14)
(-1.77929e-05 -5.44878e-06 3.81161e-15)
(-1.96788e-05 -4.69475e-06 1.1813e-14)
(-2.18122e-05 -3.85435e-06 5.90817e-15)
(-2.36554e-05 -2.55651e-06 -4.5111e-15)
(-2.55332e-05 -1.00435e-06 2.35938e-14)
(-2.67838e-05 1.07226e-06 -6.90582e-15)
(-2.74853e-05 3.54693e-06 -1.85737e-15)
(-5.88412e-07 -7.03583e-06 9.40412e-17)
(-1.47671e-06 -7.4807e-06 -4.03811e-16)
(-2.5512e-06 -7.79632e-06 -2.35759e-16)
(-3.76087e-06 -8.19269e-06 2.14333e-16)
(-5.08545e-06 -8.37852e-06 -2.25408e-15)
(-6.58797e-06 -8.55889e-06 5.70303e-15)
(-8.24664e-06 -8.76729e-06 -2.24944e-15)
(-9.83975e-06 -8.6202e-06 -2.24602e-14)
(-1.12568e-05 -8.00067e-06 1.07731e-14)
(-1.25459e-05 -7.22231e-06 5.07743e-15)
(-1.37618e-05 -6.42078e-06 -8.72149e-15)
(-1.50219e-05 -5.58204e-06 -1.8586e-15)
(-1.65677e-05 -4.90851e-06 -2.49087e-14)
(-1.83231e-05 -4.23959e-06 -2.11779e-14)
(-2.01603e-05 -3.35084e-06 -3.03925e-14)
(-2.20744e-05 -2.30127e-06 -2.11666e-14)
(-2.35308e-05 -7.73007e-07 -6.42495e-15)
(-2.47634e-05 1.02888e-06 3.31254e-15)
(-2.53059e-05 3.37932e-06 -1.96697e-15)
(-2.56959e-05 5.48568e-06 1.40837e-14)
(-5.9367e-07 -6.47639e-06 3.89725e-16)
(-1.42071e-06 -6.84635e-06 -2.51348e-16)
(-2.42356e-06 -7.17145e-06 7.81902e-16)
(-3.53669e-06 -7.49507e-06 -8.6243e-16)
(-4.74848e-06 -7.63496e-06 -2.28489e-15)
(-6.16573e-06 -7.86421e-06 -1.39032e-15)
(-7.68909e-06 -8.02644e-06 3.9407e-15)
(-9.11325e-06 -7.8005e-06 -4.73369e-15)
(-1.05228e-05 -7.34854e-06 -1.37206e-14)
(-1.17236e-05 -6.631e-06 2.1114e-14)
(-1.27354e-05 -5.73528e-06 -3.5911e-15)
(-1.40357e-05 -5.07506e-06 -1.18976e-14)
(-1.54409e-05 -4.42677e-06 1.0645e-14)
(-1.70416e-05 -3.75419e-06 1.9048e-14)
(-1.88563e-05 -3.00323e-06 9.77056e-15)
(-2.03791e-05 -1.88169e-06 3.018e-15)
(-2.19308e-05 -6.08161e-07 3.78385e-14)
(-2.27705e-05 1.09923e-06 1.33655e-14)
(-2.34968e-05 2.91626e-06 -1.53881e-14)
(-2.4002e-05 4.51223e-06 1.08723e-14)
(-5.96364e-07 -5.95551e-06 5.57308e-16)
(-1.36692e-06 -6.30744e-06 -3.09529e-17)
(-2.2903e-06 -6.55287e-06 1.44479e-16)
(-3.33293e-06 -6.86509e-06 -1.19958e-15)
(-4.44898e-06 -7.01706e-06 5.16103e-15)
(-5.73902e-06 -7.14902e-06 -5.31329e-15)
(-7.15396e-06 -7.3178e-06 -2.98726e-15)
(-8.53283e-06 -7.18416e-06 1.58756e-14)
(-9.75756e-06 -6.64279e-06 -1.2209e-14)
(-1.08886e-05 -5.96871e-06 -4.06959e-15)
(-1.19562e-05 -5.28147e-06 1.29796e-14)
(-1.30471e-05 -4.54192e-06 4.36451e-15)
(-1.43819e-05 -3.93139e-06 -1.3703e-15)
(-1.58764e-05 -3.31658e-06 3.26912e-15)
(-1.74385e-05 -2.50643e-06 6.44101e-15)
(-1.90878e-05 -1.60499e-06 1.2491e-14)
(-2.02997e-05 -3.38165e-07 -7.52845e-15)
(-2.13642e-05 1.12562e-06 1.84306e-15)
(-2.18918e-05 2.50522e-06 2.04667e-14)
(-2.22952e-05 4.12059e-06 -3.71894e-15)
(-5.86373e-07 -5.47618e-06 -3.52569e-16)
(-1.30316e-06 -5.77158e-06 1.44064e-16)
(-2.17271e-06 -6.02275e-06 2.61648e-16)
(-3.12634e-06 -6.28028e-06 -1.61018e-16)
(-4.15617e-06 -6.38389e-06 -8.333e-16)
(-5.37413e-06 -6.55694e-06 2.95589e-18)
(-6.67509e-06 -6.67902e-06 -4.14464e-15)
(-7.90228e-06 -6.46551e-06 6.57366e-15)
(-9.1262e-06 -6.07068e-06 1.13381e-14)
(-1.01733e-05 -5.44991e-06 -4.10375e-15)
(-1.1059e-05 -4.6725e-06 -6.81988e-15)
(-1.21912e-05 -4.08055e-06 -8.31654e-15)
(-1.33953e-05 -3.48456e-06 1.0867e-14)
(-1.47617e-05 -2.84839e-06 -5.67263e-15)
(-1.63174e-05 -2.17098e-06 -1.06308e-14)
(-1.76384e-05 -1.18735e-06 2.03194e-15)
(-1.89993e-05 -8.98537e-08 8.3994e-15)
(-1.98993e-05 1.21538e-06 -2.69691e-14)
(-2.06614e-05 2.59148e-06 -2.03455e-14)
(-2.10149e-05 3.96607e-06 1.88877e-15)
(-5.70408e-07 -5.02302e-06 -6.89587e-17)
(-1.24184e-06 -5.30495e-06 1.03288e-16)
(-2.04342e-06 -5.49279e-06 -2.31802e-16)
(-2.93567e-06 -5.7414e-06 1.06163e-15)
(-3.90116e-06 -5.84668e-06 -1.68241e-15)
(-4.99979e-06 -5.93915e-06 -3.74197e-15)
(-6.22007e-06 -6.05733e-06 7.94066e-15)
(-7.3988e-06 -5.93058e-06 -5.2693e-15)
(-8.45755e-06 -5.45521e-06 4.30743e-15)
(-9.44163e-06 -4.8717e-06 6.58217e-15)
(-1.03746e-05 -4.26941e-06 8.73155e-15)
(-1.13196e-05 -3.59947e-06 -7.97031e-15)
(-1.24626e-05 -3.02623e-06 -6.38296e-15)
(-1.37384e-05 -2.44136e-06 4.20546e-15)
(-1.50743e-05 -1.69513e-06 1.73395e-14)
(-1.65135e-05 -8.708e-07 4.64044e-15)
(-1.76431e-05 2.56549e-07 -1.9317e-14)
(-1.86858e-05 1.50217e-06 -6.00416e-16)
(-1.93717e-05 2.84713e-06 1.34984e-14)
(-1.9816e-05 4.31253e-06 1.19318e-14)
(-5.56832e-07 -4.59686e-06 3.97605e-17)
(-1.17955e-06 -4.82966e-06 -2.36872e-17)
(-1.92851e-06 -5.03012e-06 -3.11902e-16)
(-2.7509e-06 -5.22581e-06 -3.35202e-16)
(-3.6361e-06 -5.29514e-06 1.59156e-15)
(-4.67368e-06 -5.42458e-06 -4.38905e-16)
(-5.79239e-06 -5.50412e-06 3.474e-15)
(-6.84179e-06 -5.31007e-06 6.6613e-15)
(-7.89876e-06 -4.96098e-06 -4.7292e-15)
(-8.81034e-06 -4.41699e-06 -9.44175e-15)
(-9.57946e-06 -3.72539e-06 -9.15166e-15)
(-1.05574e-05 -3.18325e-06 6.63315e-16)
(-1.15859e-05 -2.61216e-06 1.19619e-14)
(-1.2744e-05 -2.00219e-06 9.45303e-15)
(-1.40799e-05 -1.33762e-06 -1.68019e-14)
(-1.52172e-05 -4.02806e-07 -1.23446e-14)
(-1.6445e-05 6.24584e-07 -6.15163e-15)
(-1.73422e-05 1.8763e-06 1.88121e-14)
(-1.81611e-05 3.23088e-06 1.55436e-14)
(-1.86223e-05 4.81304e-06 -1.09715e-14)
(-1.86863e-05 6.44901e-06 4.51701e-15)
(-5.5068e-07 -4.18201e-06 -2.61235e-17)
(-1.12404e-06 -4.41153e-06 -1.69431e-17)
(-1.81033e-06 -4.5583e-06 1.36827e-16)
(-2.58131e-06 -4.74993e-06 -9.32208e-17)
(-3.39556e-06 -4.83035e-06 2.61267e-15)
(-4.338e-06 -4.8848e-06 -2.78326e-15)
(-5.37628e-06 -4.96808e-06 1.45105e-15)
(-6.3922e-06 -4.84317e-06 -3.86302e-15)
(-7.30283e-06 -4.41846e-06 4.64113e-17)
(-8.16066e-06 -3.89843e-06 -1.27545e-15)
(-8.97141e-06 -3.36151e-06 -3.87923e-15)
(-9.77715e-06 -2.74152e-06 5.88846e-17)
(-1.07485e-05 -2.18551e-06 5.11241e-15)
(-1.18176e-05 -1.60259e-06 4.88146e-15)
(-1.29427e-05 -8.59871e-07 9.14072e-15)
(-1.41786e-05 -5.766e-08 -8.63887e-15)
(-1.5164e-05 1.01733e-06 -8.74173e-15)
(-1.61308e-05 2.22415e-06 -1.02725e-14)
(-1.6719e-05 3.63342e-06 -7.86863e-15)
(-1.72402e-05 5.15655e-06 1.65324e-15)
(-1.75366e-05 6.69035e-06 -3.5628e-15)
(-5.40847e-07 -3.79268e-06 1.50604e-16)
(-1.06598e-06 -3.98744e-06 6.62497e-17)
(-1.70703e-06 -4.14609e-06 -4.19602e-16)
(-2.40803e-06 -4.30097e-06 -1.81457e-15)
(-3.15872e-06 -4.34637e-06 1.97747e-15)
(-4.04706e-06 -4.43344e-06 -1.12918e-15)
(-4.99728e-06 -4.47985e-06 -8.37642e-15)
(-5.89717e-06 -4.2893e-06 4.92448e-15)
(-6.80801e-06 -3.97412e-06 -2.17036e-15)
(-7.59574e-06 -3.48885e-06 -7.44903e-15)
(-8.25827e-06 -2.86838e-06 9.46041e-15)
(-9.09241e-06 -2.35469e-06 -2.53107e-14)
(-9.949e-06 -1.79712e-06 -4.79975e-16)
(-1.091e-05 -1.18443e-06 1.51382e-15)
(-1.20183e-05 -5.33116e-07 4.17935e-15)
(-1.29643e-05 3.63466e-07 2.13886e-14)
(-1.40087e-05 1.34457e-06 -3.00042e-15)
(-1.47762e-05 2.56258e-06 8.50581e-15)
(-1.5511e-05 3.94032e-06 6.86477e-15)
(-1.59172e-05 5.3628e-06 -6.02195e-15)
(-1.60436e-05 7.05582e-06 1.13516e-14)
(-5.2922e-07 -3.42885e-06 1.25751e-17)
(-1.0133e-06 -3.61857e-06 -1.60907e-17)
(-1.59715e-06 -3.73455e-06 2.72583e-16)
(-2.2491e-06 -3.8859e-06 -1.17759e-15)
(-2.94915e-06 -3.93472e-06 -1.23878e-16)
(-3.74647e-06 -3.96092e-06 5.79488e-15)
(-4.63584e-06 -4.00229e-06 -1.04748e-15)
(-5.49733e-06 -3.87605e-06 -2.28662e-15)
(-6.27668e-06 -3.49255e-06 1.12336e-14)
(-7.01198e-06 -3.02705e-06 -1.0277e-14)
(-7.70623e-06 -2.53585e-06 1.6986e-14)
(-8.38264e-06 -1.95123e-06 5.46191e-15)
(-9.18449e-06 -1.40693e-06 -2.93273e-14)
(-1.00584e-05 -8.32301e-07 5.2167e-15)
(-1.09715e-05 -1.17765e-07 1.27363e-14)
(-1.1988e-05 6.5166e-07 7.01581e-15)
(-1.27859e-05 1.67753e-06 -6.0268e-15)
(-1.35646e-05 2.8464e-06 4.13448e-15)
(-1.40889e-05 4.18367e-06 -2.40287e-15)
(-1.4525e-05 5.71468e-06 -1.03497e-14)
(-1.46929e-05 7.32461e-06 9.07958e-15)
(-5.17718e-07 -3.10169e-06 5.05846e-17)
(-9.61505e-07 -3.25424e-06 -4.79751e-17)
(-1.50104e-06 -3.3821e-06 2.74517e-16)
(-2.09642e-06 -3.49499e-06 1.20057e-15)
(-2.73464e-06 -3.51668e-06 1.92435e-15)
(-3.48405e-06 -3.57118e-06 -1.06516e-15)
(-4.29347e-06 -3.58123e-06 5.71122e-15)
(-5.05413e-06 -3.39863e-06 -5.5911e-17)
(-5.83027e-06 -3.10643e-06 3.94724e-15)
(-6.50226e-06 -2.66371e-06 1.19312e-14)
(-7.06014e-06 -2.0936e-06 -2.77189e-15)
(-7.75594e-06 -1.60502e-06 1.69773e-14)
(-8.45322e-06 -1.06158e-06 -4.00605e-17)
(-9.22512e-06 -4.71005e-07 -1.98495e-14)
(-1.01203e-05 1.64754e-07 -5.46188e-16)
(-1.08627e-05 1.01544e-06 -8.86031e-15)
(-1.16925e-05 1.94945e-06 -1.78084e-14)
(-1.22852e-05 3.0895e-06 -8.87767e-15)
(-1.28155e-05 4.39196e-06 -4.8409e-15)
(-1.31015e-05 5.82103e-06 6.79225e-15)
(-1.32597e-05 7.3376e-06 5.10557e-15)
(-5.08154e-07 -2.80332e-06 6.22443e-17)
(-9.1447e-07 -2.94962e-06 -2.78411e-17)
(-1.40418e-06 -3.03599e-06 -4.01837e-16)
(-1.95872e-06 -3.14467e-06 -3.99638e-17)
(-2.54102e-06 -3.17389e-06 -2.1663e-15)
(-3.21624e-06 -3.17075e-06 -7.29898e-16)
(-3.96276e-06 -3.18089e-06 8.00843e-16)
(-4.69494e-06 -3.04665e-06 -2.67736e-15)
(-5.3529e-06 -2.68975e-06 -5.1744e-15)
(-5.97862e-06 -2.25692e-06 5.07708e-15)
(-6.56028e-06 -1.80128e-06 -7.5431e-15)
(-7.10972e-06 -1.25017e-06 -2.03397e-14)
(-7.75562e-06 -7.24156e-07 1.51998e-14)
(-8.44373e-06 -1.6772e-07 1.21884e-14)
(-9.15772e-06 5.1766e-07 6.70019e-15)
(-9.95882e-06 1.24154e-06 -1.42791e-15)
(-1.05582e-05 2.1857e-06 2.6429e-15)
(-1.11299e-05 3.24998e-06 3.52214e-15)
(-1.14749e-05 4.45391e-06 -6.69504e-15)
(-1.18103e-05 5.7636e-06 -2.83246e-15)
(-1.20157e-05 7.12599e-06 -3.30418e-15)
(-1.18869e-05 8.58558e-06 -6.95459e-15)
(-4.9075e-07 -2.54247e-06 5.81868e-17)
(-8.63876e-07 -2.65619e-06 3.73169e-17)
(-1.31967e-06 -2.7475e-06 1.99153e-16)
(-1.81977e-06 -2.82641e-06 -3.89247e-16)
(-2.35334e-06 -2.82735e-06 -2.03759e-15)
(-2.98561e-06 -2.84745e-06 -3.07589e-15)
(-3.66204e-06 -2.82706e-06 2.1993e-15)
(-4.3031e-06 -2.63805e-06 -1.15927e-15)
(-4.95755e-06 -2.35882e-06 4.97718e-16)
(-5.51991e-06 -1.94699e-06 -5.64072e-15)
(-5.97924e-06 -1.42198e-06 -6.49706e-15)
(-6.54396e-06 -9.54866e-07 -1.4066e-14)
(-7.08913e-06 -4.366e-07 -8.58727e-15)
(-7.68628e-06 1.28588e-07 1.08703e-14)
(-8.37516e-06 7.19101e-07 -1.98963e-15)
(-8.92891e-06 1.49373e-06 9.25986e-15)
(-9.55869e-06 2.3282e-06 4.35009e-15)
(-9.98256e-06 3.32496e-06 -1.32253e-14)
(-1.03563e-05 4.43253e-06 -1.35467e-14)
(-1.05196e-05 5.59354e-06 2.39065e-14)
(-1.07061e-05 6.8283e-06 -2.8548e-17)
(-1.06836e-05 8.21088e-06 -6.67319e-15)
(-4.67719e-07 -2.31083e-06 3.72558e-18)
(-8.14508e-07 -2.41476e-06 2.58314e-17)
(-1.22937e-06 -2.46921e-06 -4.65267e-17)
(-1.69317e-06 -2.54207e-06 7.99439e-16)
(-2.18733e-06 -2.54323e-06 -2.77573e-16)
(-2.74982e-06 -2.51611e-06 2.68364e-15)
(-3.37863e-06 -2.48963e-06 -3.68184e-15)
(-3.98658e-06 -2.34585e-06 3.80853e-15)
(-4.53492e-06 -2.01083e-06 -1.49668e-15)
(-5.05247e-06 -1.60954e-06 1.10687e-14)
(-5.52759e-06 -1.18352e-06 6.09861e-15)
(-5.96179e-06 -6.67048e-07 5.85801e-15)
(-6.46194e-06 -1.70452e-07 -4.00942e-15)
(-6.98324e-06 3.45883e-07 -4.39628e-15)
(-7.51394e-06 9.65852e-07 2.4716e-15)
(-8.11454e-06 1.61007e-06 -7.5354e-15)
(-8.5441e-06 2.43524e-06 6.27801e-16)
(-8.95471e-06 3.35101e-06 1.09178e-14)
(-9.2093e-06 4.36043e-06 -4.89671e-16)
(-9.47284e-06 5.43289e-06 -2.00712e-14)
(-9.52267e-06 6.56582e-06 2.90816e-15)
(-9.32227e-06 7.90796e-06 -8.84062e-16)
(-4.41892e-07 -2.1077e-06 -7.4984e-17)
(-7.63644e-07 -2.1798e-06 9.37872e-17)
(-1.1483e-06 -2.23821e-06 -2.37491e-16)
(-1.57032e-06 -2.27986e-06 1.05912e-15)
(-2.0188e-06 -2.25851e-06 -3.26739e-16)
(-2.54419e-06 -2.25049e-06 2.27293e-15)
(-3.11006e-06 -2.19938e-06 3.93e-15)
(-3.63968e-06 -2.01153e-06 -1.56849e-15)
(-4.18186e-06 -1.74379e-06 -5.11635e-15)
(-4.64301e-06 -1.36008e-06 -3.92254e-15)
(-5.00939e-06 -8.76199e-07 1.33393e-14)
(-5.45478e-06 -4.41327e-07 -4.4131e-15)
(-5.86941e-06 3.88697e-08 4.0418e-15)
(-6.3125e-06 5.49834e-07 -1.12399e-17)
(-6.82533e-06 1.08215e-06 8.65364e-15)
(-7.2114e-06 1.76028e-06 7.76018e-15)
(-7.66659e-06 2.48294e-06 -3.83146e-15)
(-7.95571e-06 3.32719e-06 -1.5687e-15)
(-8.22274e-06 4.24976e-06 6.89178e-16)
(-8.3272e-06 5.2343e-06 7.59843e-15)
(-8.3964e-06 6.32762e-06 -3.42761e-16)
(-8.20736e-06 7.50095e-06 -3.93559e-15)
(-4.1744e-07 -1.91887e-06 3.18807e-17)
(-7.14146e-07 -1.98513e-06 1.07291e-16)
(-1.06438e-06 -2.01009e-06 -6.80609e-16)
(-1.45767e-06 -2.04653e-06 -1.21146e-15)
(-1.86413e-06 -2.02879e-06 2.9672e-16)
(-2.3337e-06 -1.97738e-06 1.3054e-15)
(-2.85166e-06 -1.92607e-06 -2.56424e-15)
(-3.35632e-06 -1.77411e-06 7.17816e-16)
(-3.80507e-06 -1.45918e-06 9.26362e-16)
(-4.22845e-06 -1.08557e-06 -2.95273e-15)
(-4.60781e-06 -6.95142e-07 -4.91307e-15)
(-4.93954e-06 -2.25062e-07 1.29648e-15)
(-5.31811e-06 2.25795e-07 -2.59148e-15)
(-5.69815e-06 6.87852e-07 -4.92271e-15)
(-6.07543e-06 1.23574e-06 -1.32355e-14)
(-6.50568e-06 1.79193e-06 -7.23727e-15)
(-6.78729e-06 2.48901e-06 -2.1633e-15)
(-7.06807e-06 3.25228e-06 4.18608e-15)
(-7.22615e-06 4.07925e-06 3.42263e-15)
(-7.39152e-06 4.98647e-06 -6.0392e-15)
(-7.34026e-06 5.96134e-06 1.34982e-15)
(-7.088e-06 7.0946e-06 4.20762e-15)
(-3.89e-07 -1.74555e-06 3.28065e-17)
(-6.62256e-07 -1.79071e-06 -5.35817e-17)
(-9.88746e-07 -1.8188e-06 4.22963e-16)
(-1.34226e-06 -1.8333e-06 -8.03689e-16)
(-1.71348e-06 -1.79413e-06 2.38582e-16)
(-2.15001e-06 -1.75909e-06 -2.9002e-15)
(-2.61353e-06 -1.68582e-06 -4.64838e-15)
(-3.0488e-06 -1.49482e-06 2.67064e-15)
(-3.49233e-06 -1.24049e-06 8.5964e-15)
(-3.8631e-06 -8.88682e-07 2.93916e-16)
(-4.14984e-06 -4.55412e-07 2.99594e-15)
(-4.49524e-06 -6.2733e-08 -9.51123e-15)
(-4.80049e-06 3.62541e-07 -4.49419e-15)
(-5.12057e-06 8.11565e-07 -1.83778e-16)
(-5.48305e-06 1.26386e-06 1.22159e-14)
(-5.73365e-06 1.83301e-06 2.58175e-15)
(-6.03892e-06 2.42529e-06 -1.55554e-15)
(-6.21423e-06 3.10879e-06 1.07013e-14)
(-6.37419e-06 3.86251e-06 -1.88998e-15)
(-6.39146e-06 4.67543e-06 6.85049e-15)
(-6.36315e-06 5.617e-06 -5.39135e-15)
(-6.18249e-06 6.49636e-06 -7.67231e-15)
(-3.6117e-07 -1.58437e-06 4.80801e-17)
(-6.12924e-07 -1.62727e-06 5.07682e-18)
(-9.09316e-07 -1.63123e-06 2.27998e-16)
(-1.23656e-06 -1.64233e-06 1.56342e-15)
(-1.57792e-06 -1.60328e-06 8.67713e-16)
(-1.96258e-06 -1.53412e-06 -3.255e-15)
(-2.38977e-06 -1.45723e-06 4.95504e-15)
(-2.79734e-06 -1.30115e-06 -4.8166e-15)
(-3.15894e-06 -1.01008e-06 4.80475e-15)
(-3.49594e-06 -6.73019e-07 -2.34264e-15)
(-3.79302e-06 -3.24475e-07 1.10899e-15)
(-4.04414e-06 8.89299e-08 6.5754e-15)
(-4.32503e-06 4.80168e-07 -1.16075e-14)
(-4.59782e-06 8.70084e-07 2.06321e-15)
(-4.85528e-06 1.32473e-06 -3.89045e-15)
(-5.14664e-06 1.77483e-06 -2.76447e-15)
(-5.3114e-06 2.33513e-06 -1.22609e-15)
(-5.4718e-06 2.94175e-06 -9.85363e-15)
(-5.53738e-06 3.60551e-06 6.10354e-15)
(-5.57695e-06 4.3457e-06 2.8431e-15)
(-5.50556e-06 5.09343e-06 7.32951e-16)
(-5.32746e-06 5.88169e-06 -8.30284e-16)
(-3.34812e-07 -1.43741e-06 5.31623e-17)
(-5.64527e-07 -1.46367e-06 1.2305e-16)
(-8.37481e-07 -1.47507e-06 -5.24579e-16)
(-1.13367e-06 -1.46722e-06 -6.02216e-16)
(-1.44218e-06 -1.41348e-06 2.38877e-15)
(-1.79875e-06 -1.35885e-06 1.54782e-15)
(-2.17778e-06 -1.26542e-06 -3.07418e-16)
(-2.52652e-06 -1.0797e-06 2.64497e-15)
(-2.88141e-06 -8.41886e-07 -9.05553e-15)
(-3.1733e-06 -5.25439e-07 1.48307e-14)
(-3.3922e-06 -1.45047e-07 1.36149e-16)
(-3.65708e-06 1.94291e-07 7.98317e-15)
(-3.88393e-06 5.54867e-07 5.07285e-15)
(-4.11366e-06 9.25509e-07 -8.56222e-15)
(-4.3719e-06 1.2955e-06 1.48432e-14)
(-4.5227e-06 1.75325e-06 8.99824e-15)
(-4.71251e-06 2.22235e-06 -5.38915e-15)
(-4.79097e-06 2.75846e-06 1.52102e-15)
(-4.84301e-06 3.34302e-06 2.87706e-15)
(-4.80616e-06 3.95466e-06 1.1678e-16)
(-4.76432e-06 4.60331e-06 4.42694e-16)
(-4.7012e-06 5.2642e-06 4.08882e-15)
(-4.55153e-06 5.89125e-06 -2.43187e-16)
(-3.15071e-07 -1.30155e-06 -2.79725e-17)
(-5.22847e-07 -1.3303e-06 -4.72589e-18)
(-7.68735e-07 -1.32366e-06 -2.56207e-17)
(-1.0426e-06 -1.31616e-06 -3.81408e-16)
(-1.3196e-06 -1.26708e-06 -2.0734e-16)
(-1.63522e-06 -1.18353e-06 1.46821e-15)
(-1.97855e-06 -1.09209e-06 1.00489e-16)
(-2.30638e-06 -9.34566e-07 1.12209e-15)
(-2.5907e-06 -6.6693e-07 -9.98248e-16)
(-2.85544e-06 -3.64019e-07 -6.83252e-15)
(-3.08392e-06 -6.06166e-08 5.17312e-15)
(-3.27108e-06 2.918e-07 -3.49537e-16)
(-3.48252e-06 6.19075e-07 8.94995e-15)
(-3.6821e-06 9.40191e-07 3.25632e-15)
(-3.86074e-06 1.31218e-06 -8.94423e-15)
(-4.0612e-06 1.67248e-06 7.02834e-15)
(-4.14358e-06 2.11295e-06 1.16054e-14)
(-4.21988e-06 2.57898e-06 -2.07526e-15)
(-4.22088e-06 3.07264e-06 -6.42769e-15)
(-4.21068e-06 3.59929e-06 4.84152e-15)
(-4.10516e-06 4.13149e-06 1.97993e-15)
(-4.03329e-06 4.67522e-06 -5.83827e-15)
(-3.9488e-06 5.27879e-06 -1.49422e-15)
(-2.94804e-07 -1.17426e-06 -2.57067e-18)
(-4.80915e-07 -1.19363e-06 -4.52303e-17)
(-7.07136e-07 -1.19578e-06 -4.65403e-16)
(-9.51657e-07 -1.17968e-06 1.69665e-15)
(-1.20325e-06 -1.12012e-06 2.61406e-16)
(-1.49467e-06 -1.05195e-06 -3.60902e-15)
(-1.79788e-06 -9.48559e-07 4.64949e-15)
(-2.07558e-06 -7.66721e-07 -3.52011e-15)
(-2.35505e-06 -5.46562e-07 -1.14749e-15)
(-2.57981e-06 -2.65041e-07 -1.13672e-15)
(-2.74437e-06 6.25033e-08 -6.03886e-15)
(-2.94654e-06 3.51317e-07 -3.9329e-15)
(-3.11459e-06 6.5199e-07 -3.43928e-15)
(-3.28435e-06 9.5921e-07 1.59134e-15)
(-3.47244e-06 1.25988e-06 1.63548e-15)
(-3.56575e-06 1.627e-06 -1.36841e-14)
(-3.68608e-06 1.9914e-06 5.51368e-15)
(-3.7073e-06 2.39682e-06 9.27404e-16)
(-3.70758e-06 2.82929e-06 -1.03016e-14)
(-3.65045e-06 3.26897e-06 2.47601e-15)
(-3.61764e-06 3.73213e-06 4.75811e-15)
(-3.49986e-06 4.1931e-06 -1.77923e-15)
(-3.34084e-06 4.74543e-06 -3.56569e-16)
(-2.7745e-07 -1.06605e-06 -5.48244e-17)
(-4.46233e-07 -1.088e-06 5.37127e-17)
(-6.49019e-07 -1.07666e-06 4.08039e-16)
(-8.7301e-07 -1.06207e-06 -5.64985e-16)
(-1.10201e-06 -1.00609e-06 6.9003e-16)
(-1.35588e-06 -9.18251e-07 -2.06599e-15)
(-1.63324e-06 -8.17238e-07 -5.90443e-16)
(-1.89008e-06 -6.64572e-07 -5.28355e-16)
(-2.11089e-06 -4.23137e-07 -1.46845e-15)
(-2.31324e-06 -1.56714e-07 -4.21368e-15)
(-2.48651e-06 1.0545e-07 -1.04789e-15)
(-2.62586e-06 4.04296e-07 -2.2709e-15)
(-2.78442e-06 6.78242e-07 5.27953e-15)
(-2.93213e-06 9.43265e-07 -1.88975e-16)
(-3.06042e-06 1.24696e-06 -2.25399e-15)
(-3.20577e-06 1.53359e-06 -3.93536e-16)
(-3.24888e-06 1.87837e-06 -9.67209e-15)
(-3.2828e-06 2.2333e-06 1.02785e-14)
(-3.25273e-06 2.60004e-06 -4.05982e-15)
(-3.21633e-06 2.98138e-06 -8.54213e-15)
(-3.11231e-06 3.37541e-06 1.5374e-15)
(-3.01078e-06 3.80197e-06 3.2477e-15)
(-2.88159e-06 4.24253e-06 4.90896e-15)
(-2.61563e-07 -9.7417e-07 4.80171e-17)
(-4.13907e-07 -9.83832e-07 -7.48251e-17)
(-5.98613e-07 -9.78854e-07 3.32038e-16)
(-7.9875e-07 -9.54381e-07 -8.27954e-16)
(-1.00328e-06 -8.91504e-07 -7.19421e-16)
(-1.23633e-06 -8.17636e-07 9.53415e-16)
(-1.47926e-06 -7.10391e-07 -1.98983e-16)
(-1.6954e-06 -5.42233e-07 -1.62217e-16)
(-1.91196e-06 -3.4332e-07 5.46675e-15)
(-2.08314e-06 -9.64772e-08 2.90427e-15)
(-2.20489e-06 1.84817e-07 -8.02143e-15)
(-2.35844e-06 4.29218e-07 -1.31747e-16)
(-2.48361e-06 6.80595e-07 -4.31097e-17)
(-2.60889e-06 9.33566e-07 4.89062e-15)
(-2.75045e-06 1.17977e-06 -8.96248e-16)
(-2.81305e-06 1.47503e-06 -5.43216e-15)
(-2.89964e-06 1.76348e-06 7.36081e-15)
(-2.89918e-06 2.07538e-06 -4.8335e-15)
(-2.87995e-06 2.39905e-06 -1.12634e-15)
(-2.80842e-06 2.72029e-06 -1.2952e-16)
(-2.75096e-06 3.05643e-06 -3.30655e-15)
(-2.61344e-06 3.40359e-06 4.49638e-15)
(-2.42184e-06 3.82175e-06 -1.09515e-15)
(-2.43301e-07 -9.0059e-07 8.46771e-18)
(-3.82049e-07 -9.06561e-07 -3.6819e-17)
(-5.47814e-07 -8.86351e-07 -3.15535e-16)
(-7.32087e-07 -8.61457e-07 -6.02328e-16)
(-9.13408e-07 -8.01979e-07 1.4202e-15)
(-1.11653e-06 -7.10412e-07 -9.18873e-16)
(-1.3343e-06 -6.09028e-07 1.64118e-15)
(-1.53561e-06 -4.65951e-07 5.27023e-16)
(-1.70388e-06 -2.5171e-07 -2.26421e-15)
(-1.85891e-06 -1.85311e-08 4.95364e-15)
(-1.99035e-06 2.05499e-07 6.76364e-15)
(-2.09392e-06 4.56925e-07 -7.63635e-15)
(-2.2131e-06 6.83723e-07 9.39974e-16)
(-2.32183e-06 9.01289e-07 -9.46959e-15)
(-2.41555e-06 1.14886e-06 2.79164e-15)
(-2.52696e-06 1.37975e-06 1.30937e-15)
(-2.55537e-06 1.65207e-06 -7.71781e-15)
(-2.58023e-06 1.92789e-06 3.5174e-17)
(-2.54553e-06 2.20094e-06 -3.08657e-15)
(-2.50294e-06 2.47686e-06 8.31613e-15)
(-2.38857e-06 2.7569e-06 3.37262e-15)
(-2.24988e-06 3.07485e-06 -6.33627e-15)
(-2.08926e-06 3.40471e-06 -1.86271e-15)
(-2.28898e-07 -7.97251e-07 -8.68139e-18)
(-3.52267e-07 -7.95312e-07 2.04114e-17)
(-5.00059e-07 -7.80095e-07 6.98094e-17)
(-6.60623e-07 -7.5298e-07 5.17123e-16)
(-8.21672e-07 -6.90897e-07 5.46079e-16)
(-1.00605e-06 -6.14836e-07 -3.69234e-17)
(-1.19607e-06 -5.12078e-07 8.12983e-17)
(-1.36407e-06 -3.5913e-07 -7.71159e-17)
(-1.53022e-06 -1.84084e-07 8.07385e-16)
(-1.66001e-06 2.84283e-08 -5.15505e-15)
(-1.75186e-06 2.66429e-07 2.37042e-15)
(-1.87034e-06 4.70433e-07 5.9626e-15)
(-1.96358e-06 6.75877e-07 -4.92224e-15)
(-2.05552e-06 8.79801e-07 1.2414e-15)
(-2.15957e-06 1.07477e-06 -4.71771e-15)
(-2.20444e-06 1.30754e-06 4.14093e-15)
(-2.27434e-06 1.53187e-06 5.89173e-15)
(-2.27728e-06 1.77008e-06 4.3806e-16)
(-2.27118e-06 2.01319e-06 -2.58141e-15)
(-2.20949e-06 2.24425e-06 -8.33654e-16)
(-2.13574e-06 2.4883e-06 -1.26803e-16)
(-1.97305e-06 2.76558e-06 1.87796e-17)
(-1.74697e-06 3.13039e-06 4.63298e-15)
(-2.08448e-07 -7.17213e-07 2.80961e-17)
(-3.20735e-07 -7.12384e-07 -4.88058e-17)
(-4.51699e-07 -6.81561e-07 -2.6207e-17)
(-5.95207e-07 -6.50492e-07 -1.45449e-15)
(-7.39222e-07 -5.90016e-07 1.96332e-15)
(-8.94837e-07 -5.02591e-07 1.23314e-15)
(-1.06389e-06 -4.07092e-07 -1.13305e-15)
(-1.21668e-06 -2.82269e-07 -7.45075e-16)
(-1.34406e-06 -1.00086e-07 -3.11851e-17)
(-1.46326e-06 9.86266e-08 3.41091e-15)
(-1.56682e-06 2.87224e-07 -8.57256e-15)
(-1.6467e-06 4.93483e-07 1.69379e-15)
(-1.73815e-06 6.74707e-07 9.22343e-15)
(-1.8181e-06 8.42798e-07 -3.82195e-15)
(-1.88467e-06 1.03304e-06 1.83621e-15)
(-1.96671e-06 1.20481e-06 -2.12697e-15)
(-1.99059e-06 1.4112e-06 -2.33529e-15)
(-2.0197e-06 1.62011e-06 1.04328e-15)
(-2.00653e-06 1.82622e-06 2.17363e-15)
(-1.98486e-06 2.03298e-06 5.13145e-15)
(-1.86172e-06 2.29107e-06 -1.15895e-15)
(-1.6634e-06 2.64063e-06 -1.49996e-15)
(-1.49623e-06 2.9125e-06 -8.75044e-16)
(-1.85513e-07 -6.57107e-07 -1.85901e-17)
(-2.85269e-07 -6.43069e-07 4.63393e-17)
(-4.03943e-07 -6.142e-07 4.33494e-16)
(-5.31714e-07 -5.69445e-07 7.45302e-17)
(-6.55402e-07 -5.01036e-07 -1.24781e-15)
(-7.95958e-07 -4.23312e-07 -1.44718e-15)
(-9.40716e-07 -3.24578e-07 -1.28724e-17)
(-1.06391e-06 -1.90624e-07 -1.19799e-15)
(-1.18738e-06 -3.7695e-08 6.75435e-16)
(-1.28706e-06 1.43259e-07 3.10028e-16)
(-1.36241e-06 3.41986e-07 6.37745e-15)
(-1.46019e-06 5.08203e-07 -2.77048e-15)
(-1.53396e-06 6.68262e-07 -2.24285e-16)
(-1.60437e-06 8.22122e-07 5.05591e-15)
(-1.68257e-06 9.63781e-07 -4.28059e-15)
(-1.71154e-06 1.1338e-06 9.31465e-16)
(-1.76315e-06 1.29797e-06 -7.33417e-16)
(-1.7724e-06 1.47876e-06 -5.21427e-15)
(-1.78429e-06 1.66384e-06 -1.23056e-16)
(-1.7198e-06 1.90194e-06 3.22086e-15)
(-1.57929e-06 2.21803e-06 1.08039e-15)
(-1.41615e-06 2.46296e-06 -1.64952e-15)
(-1.26105e-06 2.72647e-06 -1.87702e-15)
(-1.17734e-06 2.90209e-06 -8.5487e-16)
(-1.78726e-07 -6.91753e-07 2.80392e-17)
(-2.80519e-07 -6.5851e-07 6.02017e-17)
(-3.93876e-07 -6.04625e-07 2.09251e-16)
(-5.07357e-07 -5.43989e-07 1.62356e-15)
(-6.13739e-07 -4.62659e-07 -7.31337e-16)
(-7.23691e-07 -3.60456e-07 -3.17284e-15)
(-8.38858e-07 -2.60496e-07 -5.97544e-16)
(-9.38764e-07 -1.42452e-07 7.48535e-16)
(-1.01859e-06 1.67393e-08 7.30416e-16)
(-1.09461e-06 1.84508e-07 -2.29576e-15)
(-1.17901e-06 3.42077e-07 -3.69579e-16)
(-1.25953e-06 5.20453e-07 2.50413e-15)
(-1.34896e-06 6.71958e-07 -3.37997e-15)
(-1.42115e-06 8.0178e-07 -2.72654e-15)
(-1.47692e-06 9.41854e-07 2.04875e-15)
(-1.5412e-06 1.06445e-06 -3.98164e-15)
(-1.55399e-06 1.21617e-06 2.24373e-15)
(-1.57564e-06 1.37061e-06 8.42778e-16)
(-1.53789e-06 1.56899e-06 -5.71191e-15)
(-1.4535e-06 1.81403e-06 -4.97359e-17)
(-1.35092e-06 2.04531e-06 3.59657e-15)
(-1.20269e-06 2.29493e-06 2.04664e-15)
(-1.09733e-06 2.44012e-06 2.3475e-15)
(-1.06365e-06 2.53493e-06 -1.3338e-15)
(-1.28167e-07 -4.67501e-07 2.42062e-18)
(-2.06235e-07 -4.53795e-07 5.43184e-18)
(-2.97053e-07 -4.29e-07 -2.01927e-16)
(-3.98859e-07 -3.99882e-07 -5.54097e-16)
(-4.98834e-07 -3.44323e-07 1.25668e-15)
(-6.08373e-07 -2.78651e-07 1.05413e-15)
(-7.19149e-07 -1.97983e-07 1.22627e-16)
(-8.09129e-07 -8.5099e-08 -2.20876e-15)
(-8.91962e-07 4.47754e-08 4.3783e-16)
(-9.45489e-07 1.8514e-07 4.58368e-16)
(-9.92141e-07 3.70486e-07 2.90249e-15)
(-1.0829e-06 5.29607e-07 1.29365e-15)
(-1.16886e-06 6.65814e-07 -1.49953e-16)
(-1.24623e-06 7.89642e-07 -3.90291e-15)
(-1.32074e-06 8.98332e-07 -5.18512e-15)
(-1.34882e-06 1.02504e-06 4.39493e-16)
(-1.39202e-06 1.15116e-06 -9.49264e-16)
(-1.37347e-06 1.30124e-06 2.66274e-15)
(-1.34103e-06 1.47978e-06 1.06509e-15)
(-1.26009e-06 1.67965e-06 -2.05694e-15)
(-1.11553e-06 1.89146e-06 -2.8176e-16)
(-1.04706e-06 2.01573e-06 8.7416e-16)
(-1.03614e-06 2.0978e-06 -1.55474e-16)
(-9.7673e-07 2.20308e-06 -1.0889e-15)
(-1.72526e-07 -4.43026e-07 -2.21633e-17)
(-2.52728e-07 -4.19751e-07 1.37007e-17)
(-3.43201e-07 -3.82295e-07 -2.95882e-16)
(-4.397e-07 -3.40897e-07 -3.12967e-16)
(-5.21474e-07 -2.81879e-07 5.9362e-16)
(-5.99581e-07 -2.07437e-07 2.05271e-16)
(-6.77797e-07 -1.321e-07 1.81399e-15)
(-7.33297e-07 -4.43427e-08 -3.26716e-15)
(-7.60676e-07 7.06915e-08 2.46232e-16)
(-7.81829e-07 1.55801e-07 -2.03279e-16)
(-7.72626e-07 3.19977e-07 -1.86783e-15)
(-8.45531e-07 5.146e-07 4.53743e-15)
(-9.67186e-07 6.41901e-07 2.94769e-15)
(-1.06561e-06 7.45884e-07 3.00045e-15)
(-1.14293e-06 8.64442e-07 -7.75578e-16)
(-1.21629e-06 9.6752e-07 2.13979e-15)
(-1.23497e-06 1.09232e-06 4.18977e-15)
(-1.24316e-06 1.22899e-06 -1.91362e-15)
(-1.17886e-06 1.3815e-06 -1.60897e-15)
(-1.08307e-06 1.54708e-06 2.46802e-15)
(-1.0306e-06 1.66436e-06 2.33349e-15)
(-9.80813e-07 1.76393e-06 -2.3492e-15)
(-9.37296e-07 1.87045e-06 -6.92332e-17)
(-9.07587e-07 1.97595e-06 2.46558e-16)
(-1.66943e-07 -4.24218e-07 1.51526e-17)
(-2.49689e-07 -3.95332e-07 8.2214e-18)
(-3.39828e-07 -3.57977e-07 3.00713e-16)
(-4.27631e-07 -3.07702e-07 -4.0402e-16)
(-5.04893e-07 -2.40146e-07 -7.47712e-16)
(-5.74316e-07 -1.67083e-07 -6.98782e-16)
(-6.35265e-07 -9.16886e-08 -3.37496e-15)
(-6.68845e-07 -2.40654e-09 1.94157e-16)
(-6.86289e-07 7.97013e-08 2.16906e-15)
(-7.01457e-07 1.0278e-07 3.17698e-15)
(-5.8541e-07 2.9317e-07 -1.76838e-15)
(-6.15101e-07 4.98998e-07 1.27502e-15)
(-7.43369e-07 5.99213e-07 3.74639e-15)
(-8.55521e-07 6.88382e-07 2.75155e-16)
(-9.63486e-07 7.77099e-07 -1.18987e-15)
(-1.02941e-06 8.86675e-07 -1.24642e-15)
(-1.09381e-06 9.94657e-07 5.14328e-15)
(-1.09212e-06 1.12417e-06 -1.2115e-15)
(-1.06574e-06 1.26245e-06 -1.25784e-15)
(-1.00494e-06 1.3775e-06 2.37244e-15)
(-9.1803e-07 1.4932e-06 -8.68441e-16)
(-8.9559e-07 1.59089e-06 1.46716e-15)
(-9.05372e-07 1.70835e-06 1.52799e-15)
(-8.27959e-07 1.78601e-06 -1.15705e-15)
(-1.44237e-07 -3.70752e-07 -3.22156e-18)
(-2.1835e-07 -3.47099e-07 -6.02406e-17)
(-2.99103e-07 -3.10368e-07 3.44583e-17)
(-3.82326e-07 -2.65337e-07 3.85568e-16)
(-4.50996e-07 -2.05909e-07 -7.46014e-17)
(-5.11899e-07 -1.32534e-07 5.86458e-16)
(-5.6479e-07 -6.41882e-08 1.36953e-16)
(-5.97035e-07 4.12732e-09 -1.31819e-15)
(-6.00944e-07 7.66823e-08 2.50355e-16)
(-6.22513e-07 7.50109e-08 -2.2363e-15)
(-4.75908e-07 2.57124e-07 2.10675e-15)
(-4.47465e-07 4.92696e-07 1.6583e-15)
(-5.67364e-07 5.69488e-07 -8.19004e-16)
(-6.7349e-07 6.26523e-07 -2.51425e-15)
(-7.72948e-07 7.10393e-07 1.9156e-15)
(-8.73603e-07 7.86263e-07 -2.15113e-15)
(-9.25817e-07 8.90786e-07 -6.75567e-15)
(-9.64592e-07 1.00127e-06 -3.7653e-15)
(-9.38789e-07 1.1191e-06 1.09238e-15)
(-8.82926e-07 1.23658e-06 1.69217e-15)
(-8.60495e-07 1.3161e-06 -1.55861e-15)
(-8.32951e-07 1.41533e-06 -7.96442e-16)
(-8.02618e-07 1.55998e-06 -8.73902e-17)
(-7.43118e-07 1.62667e-06 2.34853e-15)
(-1.27902e-07 -3.24203e-07 1.47056e-18)
(-1.95111e-07 -3.02159e-07 4.02915e-18)
(-2.68383e-07 -2.69731e-07 -1.71003e-16)
(-3.38983e-07 -2.26694e-07 2.99596e-16)
(-3.99281e-07 -1.70145e-07 -5.73395e-16)
(-4.51418e-07 -1.08618e-07 3.57312e-16)
(-4.94116e-07 -4.83644e-08 1.54247e-15)
(-5.16704e-07 1.52121e-08 1.20082e-15)
(-5.26658e-07 6.0274e-08 -1.84815e-16)
(-5.56247e-07 3.18672e-08 -5.18215e-16)
(-3.71557e-07 2.40426e-07 -2.27443e-15)
(-3.2309e-07 4.80175e-07 -1.98337e-15)
(-4.25169e-07 5.41112e-07 -1.80549e-15)
(-5.2043e-07 5.84605e-07 1.23414e-15)
(-6.27543e-07 6.40019e-07 1.61302e-15)
(-7.06753e-07 7.17384e-07 2.35256e-15)
(-7.92388e-07 7.97652e-07 -1.10993e-15)
(-8.1969e-07 8.98419e-07 -9.08483e-16)
(-8.31655e-07 1.00246e-06 -1.14949e-15)
(-8.15707e-07 1.08212e-06 -3.92809e-16)
(-7.59901e-07 1.18154e-06 -1.62023e-16)
(-7.35522e-07 1.30014e-06 1.50933e-15)
(-7.24854e-07 1.42146e-06 -1.07331e-15)
(-6.57397e-07 1.47563e-06 -3.82381e-16)
(-1.11958e-07 -2.73389e-07 5.29023e-18)
(-1.70561e-07 -2.53196e-07 6.89962e-18)
(-2.33552e-07 -2.23876e-07 1.17271e-16)
(-2.96113e-07 -1.88479e-07 -3.34355e-16)
(-3.46177e-07 -1.41874e-07 -1.27585e-16)
(-3.88477e-07 -8.59281e-08 -1.51387e-16)
(-4.25196e-07 -3.58501e-08 -8.95282e-16)
(-4.49423e-07 5.60751e-09 9.32672e-16)
(-4.53877e-07 4.3169e-08 7.17856e-16)
(-4.9116e-07 7.50538e-09 2.14143e-15)
(-3.05859e-07 2.06185e-07 2.51624e-15)
(-2.22103e-07 4.6662e-07 -1.53112e-15)
(-3.13867e-07 5.19661e-07 -1.1524e-15)
(-3.95084e-07 5.43046e-07 2.31814e-15)
(-4.84385e-07 5.98461e-07 -1.77766e-15)
(-5.84213e-07 6.46012e-07 -1.60453e-15)
(-6.49114e-07 7.22536e-07 2.45174e-15)
(-7.11881e-07 8.02655e-07 1.67781e-15)
(-7.25907e-07 8.83999e-07 2.57888e-15)
(-7.06279e-07 9.82239e-07 1.8745e-16)
(-6.92358e-07 1.08409e-06 8.64706e-16)
(-6.64353e-07 1.21858e-06 3.95464e-16)
(-6.09013e-07 1.31004e-06 -1.73266e-15)
(-5.8039e-07 1.3753e-06 3.58239e-16)
(-9.89191e-08 -2.44772e-07 1.87729e-17)
(-1.51434e-07 -2.259e-07 -1.75068e-17)
(-2.06786e-07 -1.96762e-07 7.4163e-17)
(-2.56738e-07 -1.61117e-07 -4.45959e-16)
(-2.97219e-07 -1.17628e-07 5.0783e-16)
(-3.31368e-07 -7.15843e-08 4.90915e-16)
(-3.59677e-07 -2.94434e-08 -2.79353e-17)
(-3.79875e-07 7.34516e-09 -9.28205e-17)
(-3.95184e-07 2.73491e-08 -1.86785e-15)
(-4.41188e-07 -2.11408e-08 -1.41607e-15)
(-2.40221e-07 1.91224e-07 1.97579e-15)
(-1.49051e-07 4.49554e-07 1.03342e-15)
(-2.23595e-07 4.98593e-07 -2.00902e-15)
(-2.92755e-07 5.14748e-07 2.21196e-15)
(-3.8141e-07 5.48035e-07 -1.33922e-15)
(-4.54428e-07 5.97633e-07 -1.8828e-15)
(-5.42861e-07 6.48249e-07 3.44071e-15)
(-5.90662e-07 7.16e-07 -4.60598e-17)
(-6.25876e-07 7.98481e-07 -2.78614e-15)
(-6.25276e-07 8.96855e-07 -3.49032e-15)
(-5.80437e-07 1.04638e-06 -2.84886e-18)
(-5.46106e-07 1.1649e-06 3.98234e-16)
(-5.29283e-07 1.23292e-06 1.08338e-15)
(-5.19444e-07 1.26434e-06 -6.0677e-16)
(-8.55922e-08 -2.2538e-07 -6.25748e-18)
(-1.31533e-07 -2.02138e-07 1.2926e-17)
(-1.77828e-07 -1.73374e-07 2.517e-17)
(-2.20797e-07 -1.40378e-07 4.15682e-16)
(-2.5065e-07 -1.00873e-07 -6.63384e-16)
(-2.75619e-07 -5.69274e-08 8.37478e-17)
(-2.98508e-07 -2.05481e-08 7.7079e-16)
(-3.22307e-07 2.79096e-09 8.72478e-16)
(-3.38686e-07 1.98113e-08 -1.46769e-15)
(-3.90376e-07 -2.77004e-08 -1.4436e-15)
(-1.99573e-07 1.68292e-07 1.48277e-15)
(-8.61486e-08 4.36782e-07 1.57822e-15)
(-1.53703e-07 4.83158e-07 -1.72186e-15)
(-2.10901e-07 4.83495e-07 -1.84334e-15)
(-2.81555e-07 5.18412e-07 8.92681e-16)
(-3.68701e-07 5.38633e-07 9.43494e-16)
(-4.33006e-07 5.85202e-07 -6.81588e-16)
(-4.98695e-07 6.38892e-07 -7.67182e-16)
(-5.15517e-07 7.29941e-07 7.97164e-16)
(-4.90254e-07 8.8636e-07 2.78564e-16)
(-4.73501e-07 1.0041e-06 8.44516e-16)
(-4.60613e-07 1.08745e-06 2.8388e-16)
(-4.6334e-07 1.13058e-06 1.11965e-15)
(-4.90405e-07 1.12832e-06 -7.3907e-16)
(-7.38194e-08 -2.31011e-07 6.83904e-18)
(-1.15679e-07 -2.04834e-07 1.3716e-19)
(-1.55429e-07 -1.71392e-07 -8.10949e-17)
(-1.86906e-07 -1.34029e-07 1.13918e-16)
(-2.09411e-07 -9.22852e-08 1.53312e-16)
(-2.25037e-07 -4.88698e-08 -5.85159e-17)
(-2.39851e-07 -1.01282e-08 1.31217e-15)
(-2.56736e-07 1.80697e-08 -6.53769e-16)
(-2.8608e-07 2.58666e-08 7.65261e-16)
(-3.38962e-07 -1.64743e-08 -1.29622e-16)
(-1.49124e-07 1.70451e-07 3.84042e-16)
(-3.94369e-08 4.24131e-07 -2.66018e-16)
(-9.51571e-08 4.67532e-07 -8.60276e-16)
(-1.45428e-07 4.62802e-07 1.76744e-15)
(-2.17097e-07 4.76729e-07 -6.07539e-17)
(-2.78821e-07 4.99204e-07 -1.15264e-15)
(-3.58144e-07 5.23171e-07 1.98482e-16)
(-3.92254e-07 5.96633e-07 1.68975e-15)
(-3.84886e-07 7.27324e-07 -2.00312e-15)
(-3.76257e-07 8.38602e-07 -1.78005e-16)
(-3.62822e-07 9.30445e-07 6.72466e-16)
(-3.79153e-07 9.84308e-07 9.00669e-16)
(-4.41891e-07 9.83839e-07 -9.66862e-16)
(-4.80255e-07 9.93366e-07 -5.92177e-16)
(-4.53879e-07 9.54192e-07 2.5179e-16)
(-5.87626e-08 -1.79266e-07 -1.12593e-17)
(-9.0317e-08 -1.54487e-07 -1.3771e-17)
(-1.19234e-07 -1.30085e-07 7.21833e-17)
(-1.44649e-07 -1.03765e-07 -1.8859e-16)
(-1.59797e-07 -6.84804e-08 -2.05744e-16)
(-1.69712e-07 -2.77666e-08 7.26398e-16)
(-1.78434e-07 7.9201e-09 -7.84788e-17)
(-1.94712e-07 3.24211e-08 -9.83722e-16)
(-2.28237e-07 3.97498e-08 -1.66765e-16)
(-2.90867e-07 -2.8539e-09 1.1129e-15)
(-1.10664e-07 1.73764e-07 -1.9162e-15)
(7.26409e-09 4.24675e-07 -1.62051e-15)
(-4.65602e-08 4.63934e-07 2.73219e-15)
(-9.26511e-08 4.47287e-07 3.31199e-16)
(-1.52702e-07 4.61214e-07 -1.63235e-15)
(-2.30225e-07 4.55405e-07 -1.78804e-15)
(-2.68977e-07 5.02352e-07 1.6402e-15)
(-2.79443e-07 6.01909e-07 1.51756e-15)
(-2.74889e-07 6.91074e-07 -1.63528e-15)
(-2.65518e-07 7.80796e-07 -1.65565e-15)
(-2.88069e-07 8.32839e-07 1.48334e-15)
(-3.58351e-07 8.41122e-07 9.86709e-16)
(-3.98009e-07 8.62994e-07 -1.50293e-15)
(-4.34957e-07 8.88201e-07 -6.41078e-17)
(-4.33567e-07 8.74208e-07 8.58996e-16)
(-4.8776e-08 -1.72787e-07 6.51748e-18)
(-7.70047e-08 -1.58933e-07 -3.53602e-18)
(-1.00335e-07 -1.26699e-07 6.49429e-17)
(-1.17477e-07 -9.10724e-08 -1.17288e-16)
(-1.25256e-07 -5.14943e-08 -3.63723e-16)
(-1.25654e-07 -8.60992e-09 4.41903e-16)
(-1.19431e-07 3.26882e-08 1.50121e-16)
(-1.22151e-07 6.89588e-08 -1.16064e-15)
(-1.59669e-07 7.32078e-08 5.0319e-16)
(-2.44708e-07 2.45719e-08 1.26305e-16)
(-7.37987e-08 1.85557e-07 -7.66407e-16)
(5.4135e-08 4.5338e-07 1.07079e-15)
(-1.86973e-09 4.70739e-07 1.64972e-15)
(-4.87282e-08 4.5311e-07 -1.25777e-15)
(-1.17632e-07 4.39317e-07 8.8932e-16)
(-1.59035e-07 4.58053e-07 -1.45565e-15)
(-1.8434e-07 5.17062e-07 -5.80492e-16)
(-1.88901e-07 5.81801e-07 1.01764e-15)
(-1.82799e-07 6.55466e-07 -2.02317e-16)
(-1.99121e-07 6.97728e-07 7.47279e-16)
(-2.53634e-07 7.07481e-07 -5.55642e-16)
(-2.98431e-07 7.32548e-07 1.07901e-17)
(-3.52942e-07 7.72872e-07 8.10661e-16)
(-3.85689e-07 8.08741e-07 -7.94957e-16)
(-3.68492e-07 8.29064e-07 2.00728e-16)
(-3.51088e-08 -1.60801e-07 2.31496e-17)
(-6.25824e-08 -1.44045e-07 -1.49363e-17)
(-8.48808e-08 -1.18259e-07 -1.57361e-17)
(-9.83948e-08 -8.41737e-08 -8.38449e-17)
(-1.02062e-07 -4.40542e-08 -1.0755e-16)
(-9.34757e-08 -5.73137e-10 1.42249e-16)
(-7.92611e-08 4.58593e-08 3.87008e-16)
(-6.60718e-08 8.96705e-08 1.02682e-16)
(-7.98538e-08 1.08012e-07 -5.21377e-16)
(-2.08169e-07 4.42745e-08 6.17186e-16)
(-4.29477e-08 2.23679e-07 3.23507e-16)
(1.05363e-07 5.02589e-07 -2.89648e-16)
(3.53233e-08 5.14195e-07 -3.46938e-16)
(-1.9247e-08 4.59809e-07 2.18012e-16)
(-6.76493e-08 4.56153e-07 -5.37245e-16)
(-1.05214e-07 4.68937e-07 1.33041e-16)
(-1.18737e-07 5.05115e-07 -8.78568e-16)
(-1.18739e-07 5.57268e-07 1.18086e-15)
(-1.31706e-07 5.89994e-07 3.06587e-16)
(-1.70974e-07 6.02556e-07 -9.2988e-16)
(-2.08066e-07 6.27928e-07 1.98347e-16)
(-2.52229e-07 6.75215e-07 3.08229e-16)
(-2.73978e-07 7.25695e-07 6.6192e-16)
(-2.84553e-07 8.02386e-07 -1.54456e-16)
(-2.79887e-07 8.26732e-07 -3.75758e-16)
(-4.11116e-08 -2.85141e-07 -3.26109e-17)
(-7.06462e-08 -2.47651e-07 -1.43999e-18)
(-9.55751e-08 -2.01029e-07 6.25117e-18)
(-1.06837e-07 -1.392e-07 -2.28672e-16)
(-1.01613e-07 -7.58222e-08 4.76314e-16)
(-7.95252e-08 -5.71544e-09 -3.18027e-17)
(-4.28905e-08 7.0208e-08 -5.14302e-16)
(7.80233e-09 1.43911e-07 2.28e-16)
(5.50225e-08 2.11648e-07 1.69718e-16)
(3.17623e-08 2.43296e-07 -8.37104e-17)
(1.65115e-08 3.15484e-07 1.98058e-17)
(1.498e-07 6.15035e-07 -1.65884e-16)
(6.02865e-08 5.58987e-07 -2.27677e-16)
(-4.48554e-10 4.66823e-07 -3.53111e-16)
(-4.33634e-08 4.51121e-07 6.12208e-16)
(-6.49175e-08 4.59525e-07 -3.00578e-16)
(-7.10499e-08 4.97475e-07 2.89413e-16)
(-7.94852e-08 5.28988e-07 -4.55335e-17)
(-1.01262e-07 5.54414e-07 -2.9081e-16)
(-1.22281e-07 5.87346e-07 3.03971e-16)
(-1.46297e-07 6.42118e-07 2.85816e-16)
(-1.63312e-07 6.98635e-07 -1.14652e-16)
(-1.73841e-07 7.80211e-07 1.0959e-16)
(-1.72232e-07 8.42074e-07 -1.60883e-16)
(-1.62058e-07 8.73756e-07 1.70009e-17)
(-2.32421e-09 -5.3747e-08 -7.2702e-18)
(-8.68237e-09 -6.09029e-08 1.68075e-18)
(-1.48304e-08 -5.77932e-08 1.90674e-17)
(-2.4418e-08 -5.65964e-08 -9.06936e-17)
(-2.73071e-08 -4.30211e-08 6.49719e-17)
(-2.5731e-08 -2.42933e-08 1.26378e-16)
(-1.90225e-08 1.23362e-09 -7.91386e-17)
(1.79381e-10 3.17266e-08 -2.96136e-16)
(2.9417e-08 6.50907e-08 6.8537e-17)
(5.98635e-08 5.22223e-08 1.35715e-16)
(1.98536e-07 6.257e-07 -1.17728e-16)
(1.74657e-07 8.12773e-07 -9.1478e-17)
(3.47387e-08 5.01473e-07 1.54501e-16)
(-5.09445e-09 4.28192e-07 4.8792e-16)
(-2.18743e-08 4.21307e-07 -3.40772e-16)
(-2.84393e-08 4.3391e-07 -2.49191e-16)
(-3.14409e-08 4.54646e-07 1.16387e-16)
(-3.79189e-08 4.76392e-07 -6.77152e-16)
(-4.57963e-08 5.06447e-07 -2.2171e-16)
(-5.54279e-08 5.51348e-07 6.27919e-16)
(-6.60036e-08 6.04351e-07 9.54972e-17)
(-7.20913e-08 6.71255e-07 -3.68148e-16)
(-6.79693e-08 7.34556e-07 7.46135e-16)
(-6.41928e-08 7.88194e-07 2.24925e-16)
(-6.78497e-08 7.89639e-07 -1.54574e-16)
)
;

boundaryField
{
    inlet
    {
        type            calculated;
        value           nonuniform List<vector> 
25
(
(0.000410198 -5.37524e-08 -7.2702e-18)
(0.00208748 -6.09101e-08 1.68075e-18)
(0.00352328 -5.77999e-08 1.90674e-17)
(0.00432641 -5.66015e-08 -9.06936e-17)
(0.00410397 -4.30261e-08 6.49719e-17)
(0.00298658 -2.42964e-08 1.26378e-16)
(0.00105149 1.2343e-09 -7.91386e-17)
(-0.00160038 3.17325e-08 -2.96136e-16)
(-0.00430951 6.51004e-08 6.8537e-17)
(-0.00100781 5.22304e-08 1.35715e-16)
(1.98541e-07 -0.0118522 -1.17728e-16)
(1.74656e-07 0.00554904 -9.1478e-17)
(3.47301e-08 0.0167522 1.54501e-16)
(-5.12406e-09 0.0286763 4.8792e-16)
(-2.19164e-08 0.0434783 -3.40772e-16)
(-2.85085e-08 0.060115 -2.49191e-16)
(-3.14985e-08 0.0785078 1.16387e-16)
(-3.80694e-08 0.0990408 -6.77152e-16)
(-4.5969e-08 0.122301 -2.2171e-16)
(-5.5772e-08 0.149139 6.27919e-16)
(-6.64162e-08 0.18079 9.54972e-17)
(-7.2916e-08 0.21807 -3.68148e-16)
(-6.87944e-08 0.259297 7.46135e-16)
(-6.52419e-08 0.299292 2.24925e-16)
(-6.87374e-08 0.328038 -1.54574e-16)
)
;
    }
    outlet
    {
        type            calculated;
        value           nonuniform List<vector> 0();
    }
    walls
    {
        type            calculated;
        value           nonuniform List<vector> 0();
    }
    frontAndBack
    {
        type            empty;
    }
    procBoundary4to0
    {
        type            processor;
        value           nonuniform List<vector> 
72
(
(1.33205e-05 -8.93143e-05 -2.94633e-15)
(1.18479e-05 -8.29375e-05 -6.00336e-15)
(9.40003e-06 -7.74157e-05 2.60356e-15)
(6.97298e-06 -7.23176e-05 -1.68984e-15)
(5.43561e-06 -6.70933e-05 -1.88598e-15)
(4.12327e-06 -6.2042e-05 8.91987e-16)
(3.24257e-06 -5.70937e-05 1.09052e-15)
(2.56502e-06 -5.24466e-05 -1.83211e-15)
(2.04349e-06 -4.80545e-05 -2.13501e-17)
(1.62869e-06 -4.40361e-05 -8.35024e-16)
(1.31783e-06 -4.03017e-05 1.35946e-16)
(1.05425e-06 -3.69257e-05 -2.92851e-18)
(8.16998e-07 -3.37818e-05 6.75386e-16)
(6.67836e-07 -3.08978e-05 7.43476e-16)
(5.02842e-07 -2.81475e-05 6.51533e-16)
(3.57099e-07 -2.56647e-05 -1.48565e-15)
(1.40915e-07 -2.33076e-05 3.20203e-18)
(2.04471e-07 -2.11459e-05 -4.67903e-16)
(2.70761e-07 -1.89523e-05 -1.12892e-15)
(1.54438e-07 -1.71848e-05 8.4754e-17)
(2.4756e-07 -1.56896e-05 5.88364e-17)
(8.02066e-08 -1.45437e-05 8.39049e-16)
(8.02066e-08 -1.45437e-05 8.39049e-16)
(1.38085e-06 -1.25023e-05 2.84935e-16)
(1.18172e-06 -1.17413e-05 3.1751e-15)
(1.00579e-06 -1.08848e-05 -2.40766e-16)
(8.08618e-07 -1.00747e-05 -2.06842e-15)
(6.31688e-07 -9.26764e-06 2.18062e-15)
(4.89501e-07 -8.53294e-06 2.48925e-16)
(3.77966e-07 -7.81992e-06 -3.3494e-17)
(2.76926e-07 -7.19015e-06 -6.31192e-16)
(1.93724e-07 -6.60173e-06 1.13265e-16)
(1.36171e-07 -6.08963e-06 2.6939e-15)
(9.49556e-08 -5.59851e-06 -2.49823e-16)
(5.22891e-08 -5.15818e-06 -5.17471e-16)
(1.18184e-08 -4.72572e-06 1.08898e-16)
(-2.07818e-08 -4.32852e-06 -6.24281e-17)
(-4.89908e-08 -3.93205e-06 5.03779e-16)
(-8.14454e-08 -3.57174e-06 -2.30843e-16)
(-1.11949e-07 -3.22829e-06 1.18108e-16)
(-1.32913e-07 -2.92972e-06 4.32089e-16)
(-1.45272e-07 -2.65321e-06 2.39255e-16)
(-1.55673e-07 -2.41922e-06 2.77735e-16)
(-1.60499e-07 -2.20548e-06 -3.02466e-16)
(-1.57666e-07 -2.02241e-06 -6.47682e-16)
(-1.49279e-07 -1.84513e-06 9.82376e-18)
(-1.44776e-07 -1.68515e-06 2.36414e-16)
(-1.41388e-07 -1.53145e-06 4.12943e-16)
(-1.35697e-07 -1.3915e-06 1.85777e-16)
(-1.32181e-07 -1.26074e-06 6.96504e-17)
(-1.31077e-07 -1.13651e-06 -3.70938e-16)
(-1.30943e-07 -1.03613e-06 -4.40165e-18)
(-1.29235e-07 -9.52565e-07 2.65524e-16)
(-1.16445e-07 -8.84936e-07 -1.79622e-16)
(-1.19166e-07 -7.82405e-07 2.37019e-16)
(-1.06045e-07 -7.14956e-07 5.44721e-17)
(-9.28729e-08 -6.66544e-07 -1.03563e-16)
(-8.56999e-08 -7.11087e-07 4.9427e-17)
(-6.40287e-08 -4.69758e-07 -2.23036e-16)
(-1.01332e-07 -4.52635e-07 2.04094e-17)
(-9.27991e-08 -4.391e-07 3.93841e-17)
(-7.31299e-08 -3.80471e-07 1.32112e-16)
(-6.39334e-08 -3.39057e-07 3.05297e-17)
(-5.32419e-08 -2.81901e-07 2.15059e-17)
(-4.57626e-08 -2.65913e-07 -5.43325e-17)
(-3.70073e-08 -2.45126e-07 6.38892e-18)
(-2.9292e-08 -2.56238e-07 -7.05478e-18)
(-1.91078e-08 -1.8453e-07 -5.90513e-17)
(-1.21098e-08 -1.9319e-07 3.5331e-17)
(-1.28741e-08 -1.75032e-07 -7.04867e-17)
(-3.80363e-09 -3.06807e-07 -1.26604e-16)
(3.59299e-09 -4.04068e-08 -2.18148e-18)
)
;
    }
    procBoundary4to5
    {
        type            processor;
        value           nonuniform List<vector> 
95
(
(9.47464e-06 -0.000108301 4.02436e-15)
(4.92234e-06 -0.000118421 -1.76074e-16)
(-5.78254e-06 -0.000123514 2.2914e-19)
(-1.77713e-05 -0.000113193 9.00197e-15)
(-1.77713e-05 -0.000113193 9.00197e-15)
(-2.87975e-05 -0.000111002 -2.93907e-15)
(-3.81081e-05 -0.000102459 -3.58102e-15)
(-3.81081e-05 -0.000102459 -3.58102e-15)
(-4.4875e-05 -9.50916e-05 -2.51516e-14)
(-4.68199e-05 -8.41736e-05 -6.97186e-14)
(-4.68199e-05 -8.41736e-05 -6.97186e-14)
(-4.66956e-05 -6.91681e-05 -1.29144e-13)
(-4.66956e-05 -6.91681e-05 -1.29144e-13)
(-4.63263e-05 -5.85881e-05 6.09834e-15)
(-5.04321e-05 -5.65045e-05 4.15143e-14)
(-5.04321e-05 -5.65045e-05 4.15143e-14)
(-5.09611e-05 -5.11197e-05 1.06423e-14)
(-5.09611e-05 -5.11197e-05 1.06423e-14)
(-5.14867e-05 -4.54996e-05 9.87964e-16)
(-5.38087e-05 -4.341e-05 -2.24608e-14)
(-5.38087e-05 -4.341e-05 -2.24608e-14)
(-5.34126e-05 -3.57492e-05 -3.78054e-14)
(-5.51994e-05 -3.24695e-05 -9.84661e-14)
(-5.51994e-05 -3.24695e-05 -9.84661e-14)
(-5.4094e-05 -2.3981e-05 -7.33939e-14)
(-5.53195e-05 -2.07197e-05 9.87427e-14)
(-5.53195e-05 -2.07197e-05 9.87427e-14)
(-5.35098e-05 -1.27202e-05 2.83248e-14)
(-5.3923e-05 -1.02138e-05 9.71772e-15)
(-5.27607e-05 -8.94465e-06 1.09081e-14)
(-5.27607e-05 -8.94465e-06 1.09081e-14)
(-5.31622e-05 -8.9253e-06 -1.01935e-13)
(-5.20463e-05 -8.56892e-06 4.03569e-14)
(-5.05799e-05 -8.03996e-06 2.94577e-14)
(-5.05799e-05 -8.03996e-06 2.94577e-14)
(-4.87975e-05 -2.85195e-06 3.28882e-14)
(-4.66311e-05 -1.46262e-06 2.95012e-14)
(-4.41929e-05 -6.06668e-07 3.80921e-15)
(-4.41929e-05 -6.06668e-07 3.80921e-15)
(-4.20037e-05 1.96473e-06 1.92493e-16)
(-4.01661e-05 2.29896e-06 -4.28242e-15)
(-3.81817e-05 2.77626e-06 9.36816e-14)
(-3.81817e-05 2.77626e-06 9.36816e-14)
(-3.61616e-05 5.67515e-06 3.00543e-14)
(-3.40301e-05 6.01997e-06 -4.55833e-14)
(-3.1618e-05 6.46085e-06 2.96816e-14)
(-2.96552e-05 6.44343e-06 -4.38782e-15)
(-2.73884e-05 6.32164e-06 -3.2309e-14)
(-2.73884e-05 6.32164e-06 -3.2309e-14)
(-2.64649e-05 7.21081e-06 -1.47458e-15)
(-2.41315e-05 6.40219e-06 1.98618e-14)
(-2.24354e-05 5.72015e-06 -1.87346e-14)
(-2.09369e-05 5.54205e-06 -6.92924e-15)
(-1.95226e-05 5.97981e-06 -1.12679e-14)
(-1.95226e-05 5.97981e-06 -1.12679e-14)
(-1.84556e-05 7.86457e-06 6.30878e-16)
(-1.72011e-05 8.40591e-06 1.58201e-14)
(-1.56762e-05 8.82878e-06 -1.23339e-15)
(-1.44233e-05 8.98164e-06 -1.12575e-15)
(-1.28655e-05 8.8978e-06 -1.62645e-16)
(-1.28655e-05 8.8978e-06 -1.62645e-16)
(-1.1375e-05 9.99186e-06 -3.46322e-15)
(-1.0172e-05 9.73982e-06 7.14654e-15)
(-8.80287e-06 9.34487e-06 1.94026e-15)
(-7.72076e-06 8.79159e-06 -1.21829e-15)
(-6.65192e-06 8.1295e-06 2.50914e-15)
(-5.90666e-06 7.40626e-06 -1.91131e-15)
(-5.02562e-06 6.59122e-06 -8.31363e-15)
(-5.02562e-06 6.59122e-06 -8.31363e-15)
(-4.28579e-06 6.42228e-06 1.43774e-15)
(-3.79744e-06 5.85285e-06 -1.20051e-15)
(-3.17624e-06 5.2367e-06 1.74057e-16)
(-2.72484e-06 4.70295e-06 -4.84035e-15)
(-2.23841e-06 4.1946e-06 -4.01476e-15)
(-1.9046e-06 3.76844e-06 4.08963e-15)
(-1.55189e-06 3.4092e-06 6.55598e-17)
(-1.3328e-06 3.17967e-06 4.14088e-16)
(-1.3328e-06 3.17967e-06 4.14088e-16)
(-1.01431e-06 2.75386e-06 -2.56111e-15)
(-9.00507e-07 2.42473e-06 -1.0024e-15)
(-8.39444e-07 2.09399e-06 -1.18568e-15)
(-7.41833e-07 1.891e-06 -8.36306e-17)
(-6.95035e-07 1.75143e-06 -1.71827e-15)
(-6.11728e-07 1.60748e-06 -1.27444e-16)
(-5.66893e-07 1.47234e-06 7.18868e-16)
(-4.89104e-07 1.34753e-06 1.01583e-15)
(-4.87298e-07 1.22385e-06 3.20218e-16)
(-4.3674e-07 1.08036e-06 -7.48068e-16)
(-4.3674e-07 1.08036e-06 -7.48068e-16)
(-3.35547e-07 8.98277e-07 4.3836e-20)
(-3.75301e-07 8.72041e-07 1.236e-16)
(-2.89177e-07 8.37399e-07 -1.23407e-16)
(-2.37131e-07 8.56817e-07 1.26982e-16)
(-1.0594e-07 8.87158e-07 -6.72034e-17)
(-3.281e-08 8.13209e-07 -2.60342e-16)
)
;
    }
}


// ************************************************************************* //
