/*--------------------------------*- C++ -*----------------------------------*\
| =========                 |                                                 |
| \\      /  F ield         | OpenFOAM: The Open Source CFD Toolbox           |
|  \\    /   O peration     | Version:  2506                                  |
|   \\  /    A nd           | Website:  www.openfoam.com                      |
|    \\/     M anipulation  |                                                 |
\*---------------------------------------------------------------------------*/
FoamFile
{
    version     2.0;
    format      ascii;
    arch        "LSB;label=32;scalar=64";
    class       volScalarField;
    location    "129.99968020949075";
    object      p;
}
// * * * * * * * * * * * * * * * * * * * * * * * * * * * * * * * * * * * * * //

dimensions      [0 2 -2 0 0 0 0];

internalField   nonuniform List<scalar> 
9700
(
0.00117793
0.0011822
0.00268078
0.00117796
0.00269871
0.00485107
0.00118393
0.0027109
0.00487481
0.00681428
0.00117817
0.00274996
0.00489321
0.00684558
0.00881835
0.00117762
0.002785
0.00494512
0.00687524
0.00885668
0.0107725
0.00116424
0.00284381
0.00499207
0.0069454
0.00889693
0.0108184
0.012699
0.00114681
0.00290471
0.0050651
0.00701586
0.00898424
0.0108701
0.0127525
0.0145832
0.00111217
0.00298538
0.00513599
0.00711774
0.00907672
0.0109762
0.012816
0.0146443
0.0164241
0.00106288
0.0030743
0.00522089
0.00722224
0.00920538
0.0110935
0.0129413
0.0147197
0.0164924
0.0182156
0.000993581
0.00318391
0.00530032
0.0073436
0.00934085
0.0112534
0.0130847
0.0148645
0.0165793
0.0182905
0.0199534
0.000893567
0.00331796
0.00537715
0.0074605
0.00949531
0.011427
0.0132778
0.0150346
0.0167432
0.0183882
0.0200341
0.0216346
0.000749634
0.00347607
0.00542991
0.00757034
0.00964574
0.0116255
0.0134932
0.0152628
0.0169399
0.0185698
0.0201413
0.0217197
0.023257
0.000479817
0.00365046
0.00544402
0.0076461
0.00978446
0.0118264
0.0137422
0.0155235
0.0172032
0.0187916
0.0203384
0.0218349
0.0233452
0.0248187
0.000129143
0.00384936
0.00537947
0.00765862
0.00987847
0.01202
0.0140043
0.0158289
0.0175102
0.0190885
0.0205827
0.0220446
0.0234663
0.0249083
0.0263186
-0.000626187
0.00430421
0.00520815
0.0075472
0.00988809
0.0121724
0.01427
0.0161624
0.0178748
0.0194405
0.0209096
0.0223072
0.0236848
0.0250329
0.0264082
0.027758
-0.00203487
0.00435811
0.00492515
0.00723593
0.0097389
0.01224
0.0145086
0.0165169
0.0182852
0.0198634
0.0213024
0.0226589
0.0239609
0.0252561
0.0265337
0.0278459
0.0291379
-0.00355431
0.00322631
0.00387642
0.00654636
0.00933149
0.0121444
0.0146777
0.0168684
0.0187385
0.020351
0.0217788
0.0230858
0.0243305
0.02554
0.0267574
0.02797
0.0292229
0.0304603
-0.00549251
0.00105408
0.00119837
0.00492705
0.00845628
0.0117781
0.0147038
0.0171811
0.0192196
0.0209054
0.0223384
0.0236072
0.0247824
0.0259196
0.0270429
0.02819
0.0293432
0.0305412
0.0317289
-0.00767349
-0.00321398
-0.00361754
0.00141544
0.00652992
0.0109228
0.0144818
0.0173937
0.0197031
0.0215218
0.022988
0.024228
0.0253371
0.0263859
0.0274241
0.028471
0.0295555
0.0306559
0.0318049
0.0329467
-0.00882465
-0.00893769
-0.010757
-0.00557491
0.00240116
0.0090402
0.0138066
0.0174148
0.0201452
0.0221865
0.0237332
0.0249592
0.0260037
0.0269598
0.0278933
0.0288453
0.0298266
0.0308574
0.0319125
0.0330175
0.0341172
-0.00950475
-0.0147191
-0.0199235
-0.0156831
-0.00554478
0.00495236
0.0121798
0.0170694
0.0204765
0.0228755
0.024572
0.0258161
0.0267964
0.0276535
0.028471
0.0293058
0.0301862
0.0311136
0.0321008
0.033117
0.0341827
0.0352445
-0.00978549
-0.0203146
-0.0305084
-0.0274886
-0.0177375
-0.00259128
0.00847979
0.0159402
0.0205642
0.0235435
0.0254993
0.026806
0.0277386
0.0284829
0.0291711
0.0298718
0.030627
0.031452
0.0323387
0.0332908
0.0342741
0.0353051
0.0363322
-0.00937799
-0.0252514
-0.0403701
-0.0419455
-0.0323665
-0.0139179
0.00137606
0.013113
0.0201055
0.0240991
0.0264934
0.0279416
0.0288443
0.0294774
0.0300098
0.0305571
0.0311667
0.0318639
0.0326509
0.0335084
0.0344331
0.0353885
0.0363885
0.0373829
-0.00855052
-0.0280773
-0.048497
-0.0559861
-0.0498201
-0.0317439
-0.00973455
0.00718823
0.0184455
0.0243443
0.0274984
0.0292207
0.030141
0.0306545
0.0310198
0.0313768
0.031817
0.0323648
0.033027
0.0337916
0.0346299
0.0355337
0.0364651
0.037436
0.0383986
-0.00750459
-0.028533
-0.0530976
-0.0679023
-0.0672987
-0.0513171
-0.0267072
-0.00348475
0.0144507
0.0238503
0.028397
0.0306173
0.0316399
0.0320534
0.032219
0.032364
0.032591
0.0329628
0.0334795
0.0341277
0.0348835
0.0357109
0.0365982
0.037507
0.0384495
0.0393812
-0.00667933
-0.0261335
-0.0537972
-0.0751254
-0.0827073
-0.071267
-0.0464772
-0.0175648
0.00679298
0.0218086
0.0289352
0.0320685
0.0333411
0.0336913
0.0336545
0.0335346
0.0335187
0.0336675
0.0340116
0.0345261
0.0351787
0.0359366
0.0367585
0.0376308
0.0385167
0.0394311
0.040331
-0.00591518
-0.022858
-0.0501194
-0.0767087
-0.0924509
-0.0893126
-0.0672225
-0.035538
-0.00478215
0.0171232
0.0286288
0.0334301
0.035211
0.0355923
0.0353425
0.0349383
0.0346119
0.0345031
0.0346287
0.0349839
0.0355216
0.0361934
0.0369602
0.0377779
0.0386343
0.0394963
0.0403811
0.0412477
-0.005185
-0.0187591
-0.0451186
-0.0721971
-0.0958622
-0.10106
-0.0863228
-0.0552937
-0.0199631
0.00911454
0.0266681
0.0344575
0.0371619
0.0377322
0.0373274
0.036586
0.0359168
0.0354749
0.0353458
0.0355019
0.035903
0.0364839
0.0371839
0.0379611
0.0387727
0.039611
0.0404459
0.0412987
0.0421306
-0.00450992
-0.0143614
-0.0384123
-0.0654022
-0.091049
-0.107405
-0.0997908
-0.073933
-0.0373176
-0.00232031
0.022292
0.0346503
0.039068
0.0400537
0.0395797
0.0385324
0.037437
0.0366199
0.0361603
0.036083
0.036318
0.036793
0.0374295
0.0381599
0.0389443
0.0397456
0.0405608
0.0413646
0.0421832
0.042979
-0.00439354
-0.00985808
-0.0304366
-0.0558323
-0.0831347
-0.102968
-0.108103
-0.0882484
-0.054295
-0.0162552
0.0149076
0.0333475
0.0406542
0.0424628
0.0420692
0.040736
0.0392243
0.0379322
0.037094
0.0367155
0.036757
0.0371101
0.0376767
0.0383716
0.0391276
0.0399125
0.0406961
0.0414823
0.0422513
0.0430333
0.0437913
-0.00405998
-0.00577298
-0.0216349
-0.0443856
-0.071672
-0.0950309
-0.105309
-0.0979496
-0.0685124
-0.0308586
0.00482639
0.0296535
0.0414849
0.0447548
0.0446933
0.0431929
0.041225
0.0394469
0.0381284
0.0374008
0.0371972
0.0374126
0.0379095
0.0385727
0.0393191
0.0400907
0.0408652
0.0416222
0.0423736
0.0431042
0.0438473
0.0445663
-0.00311359
-0.00126796
-0.0124329
-0.0315812
-0.0577678
-0.0832437
-0.0989633
-0.0976758
-0.0791917
-0.0446836
-0.00706288
0.0233012
0.0405394
0.046717
0.0471888
0.0457625
0.043444
0.0411003
0.0392691
0.0381034
0.0376164
0.0376672
0.0380936
0.0387429
0.0394937
0.0402765
0.0410479
0.0417989
0.0425207
0.043232
0.043921
0.0446234
0.0453035
-0.00160638
0.00377481
-0.00297639
-0.0180197
-0.0421114
-0.068421
-0.0884412
-0.0940929
-0.0815579
-0.0560049
-0.0199866
0.0142779
0.0372135
0.0474098
0.0495234
0.0481161
0.0456843
0.0428739
0.040438
0.0387867
0.0379569
0.0378247
0.038186
0.0388389
0.0396286
0.0404455
0.0412417
0.0419942
0.0427091
0.0433877
0.0440542
0.0446996
0.0453612
0.0460025
0.000128725
0.00887694
0.0065796
-0.00420257
-0.0255063
-0.0514337
-0.0744426
-0.0861778
-0.0809396
-0.0612409
-0.0319372
0.00273108
0.0307459
0.0459032
0.0508144
0.0502345
0.0476313
0.0445326
0.0415633
0.0393464
0.0381276
0.0378035
0.0381086
0.0388068
0.0396775
0.0405747
0.0414249
0.0422075
0.0429226
0.0435897
0.0442185
0.0448371
0.0454389
0.0460598
0.0466635
0.00282535
0.0137362
0.0160707
0.00934344
-0.00874074
-0.033294
-0.0579379
-0.0747113
-0.0766301
-0.0636474
-0.0412877
-0.00844856
0.0201667
0.0412604
0.0497649
0.0512443
0.0490475
0.0457867
0.0423856
0.0396327
0.0379878
0.0374479
0.0377682
0.0385363
0.0395822
0.0406194
0.0415763
0.0424213
0.0431632
0.0438241
0.0444338
0.0450086
0.0455789
0.0461378
0.0467194
0.0472876
0.00535087
0.0195375
0.0251514
0.0222649
0.00739801
-0.0149888
-0.0400432
-0.0604813
-0.069208
-0.0631094
-0.0476836
-0.020659
0.00872177
0.0313647
0.0460395
0.0497695
0.0491911
0.0461656
0.042565
0.0393339
0.0372756
0.0365791
0.036922
0.0379887
0.0392347
0.0405204
0.0416573
0.0426181
0.0434188
0.0440958
0.0446888
0.0452351
0.045755
0.046278
0.0467964
0.0473413
0.0478765
0.00760228
0.0258087
0.0350561
0.0338866
0.0226148
0.00249166
-0.0218656
-0.0446891
-0.059021
-0.0599795
-0.0516551
-0.0301099
-0.00666105
0.0194329
0.0362316
0.0462414
0.0468651
0.0450546
0.0415286
0.0379793
0.0355488
0.034773
0.0353502
0.0367421
0.0385058
0.0401723
0.0416116
0.0427685
0.0436769
0.0443984
0.044991
0.0455076
0.045989
0.0464555
0.0469341
0.0474157
0.0479271
0.0484324
0.0104655
0.0304869
0.0427395
0.0462629
0.0359309
0.0188681
-0.00445879
-0.0286295
-0.0471794
-0.0547086
-0.0523981
-0.038546
-0.0187138
0.00163298
0.0235178
0.0353468
0.0420075
0.0415081
0.0387109
0.0349437
0.0321384
0.0313981
0.0324043
0.0345746
0.0370722
0.0394262
0.0413454
0.042824
0.0439193
0.0447245
0.0453394
0.0458357
0.0462735
0.0466919
0.0471091
0.0475482
0.0479976
0.0484792
0.0489575
0.0134641
0.0310412
0.0475171
0.0546601
0.0501401
0.0329342
0.011879
-0.0128303
-0.034648
-0.0479711
-0.0505202
-0.0452742
-0.0309473
-0.0125087
0.004429
0.0221063
0.0313718
0.0351379
0.0333955
0.0297592
0.0264079
0.025547
0.0273062
0.0305699
0.0345676
0.0380051
0.0407122
0.0427102
0.044108
0.0450682
0.0457314
0.0462232
0.0466198
0.0469815
0.0473424
0.0477169
0.0481226
0.0485446
0.0490002
0.0494551
0.0157925
0.0281058
0.047845
0.0598992
0.0595692
0.0479764
0.0255551
0.002572
-0.0212307
-0.0397473
-0.0478036
-0.0506891
-0.0423823
-0.0277881
-0.0109881
0.00275241
0.0170369
0.0240145
0.0252598
0.0220642
0.0181097
0.0164862
0.0187816
0.0236443
0.0300157
0.0355225
0.0394721
0.0422963
0.0441933
0.0454021
0.0461726
0.046671
0.0470352
0.047336
0.0476292
0.0479416
0.0482813
0.04866
0.0490597
0.0494935
0.0499279
0.0185878
0.0237536
0.0447549
0.0592039
0.0657641
0.0583911
0.0405966
0.0149651
-0.00860802
-0.0302166
-0.0450923
-0.0552043
-0.0532718
-0.0429901
-0.0283323
-0.012972
-0.00182939
0.00921842
0.0133888
0.0117214
0.00730714
0.00428494
0.00611518
0.0115398
0.0216836
0.030882
0.0372273
0.0413875
0.0440691
0.0457027
0.0466441
0.0471948
0.0475228
0.0477652
0.047981
0.0482174
0.0484921
0.0488058
0.0491642
0.0495467
0.0499622
0.0503786
0.0179303
0.0212908
0.0397842
0.0539585
0.0648682
0.0642645
0.0518312
0.029166
0.00167668
-0.0218527
-0.0420358
-0.0582538
-0.0627856
-0.0580875
-0.0463558
-0.0312991
-0.0167358
-0.0083087
-0.00158097
-0.00113287
-0.00584282
-0.0103649
-0.0104137
-0.00445219
0.0071111
0.0222912
0.0328302
0.0395998
0.0435947
0.0458881
0.0471474
0.0477807
0.0481063
0.0482732
0.0484088
0.0485558
0.0487497
0.0489984
0.049295
0.0496397
0.0500092
0.0504093
0.0508098
0.0149879
0.0177499
0.0342738
0.0476575
0.0587121
0.0639806
0.0578152
0.0408009
0.0140412
-0.0145018
-0.0384179
-0.0596085
-0.0707327
-0.0721
-0.0645207
-0.0504876
-0.0351705
-0.0215983
-0.0169662
-0.0161639
-0.0200369
-0.0269336
-0.029369
-0.0241968
-0.0117096
0.00879765
0.0244613
0.035841
0.0424362
0.0458702
0.047618
0.0484526
0.0487729
0.0488887
0.0489162
0.0489665
0.0490644
0.0492316
0.0494664
0.0497545
0.050091
0.0504506
0.0508377
0.0512238
0.0106431
0.0145891
0.0286743
0.0406912
0.0524386
0.0592942
0.0588872
0.0479939
0.0256546
-0.00490391
-0.0343424
-0.059613
-0.0770572
-0.0844948
-0.0817688
-0.0701491
-0.0539824
-0.0385419
-0.028215
-0.0289279
-0.0352865
-0.0429408
-0.0497582
-0.0469565
-0.0340993
-0.0106895
0.0113154
0.0283431
0.0397147
0.0453664
0.0480137
0.0491514
0.0495654
0.0495972
0.0495342
0.0494529
0.0494438
0.0495141
0.0496708
0.0499032
0.0501901
0.0505224
0.0508744
0.0512498
0.0516216
0.00704836
0.0115277
0.0234735
0.0342336
0.0454327
0.0537143
0.05667
0.0508723
0.0339594
0.00623855
-0.0278923
-0.0579022
-0.0815043
-0.0948822
-0.0973159
-0.0889991
-0.0733546
-0.0561027
-0.0423603
-0.0378577
-0.0452187
-0.0589181
-0.0680516
-0.0712331
-0.05945
-0.0371065
-0.00814782
0.0153946
0.0339393
0.0437404
0.0480877
0.0498777
0.0504173
0.0504566
0.0502458
0.0500445
0.0498906
0.0498504
0.049915
0.0500765
0.0503163
0.0506072
0.0509381
0.0512833
0.0516469
0.0520037
0.00509232
0.00924662
0.0192413
0.0286289
0.0388489
0.0473644
0.0523261
0.0506718
0.0389668
0.0155573
-0.0173211
-0.0542846
-0.0825512
-0.102708
-0.110273
-0.105993
-0.0920018
-0.0735946
-0.0575657
-0.0485089
-0.0518105
-0.0661411
-0.0852341
-0.0918758
-0.0875661
-0.0637511
-0.0341551
-0.00335901
0.0235702
0.0397688
0.0474159
0.0503984
0.051376
0.0513827
0.0511168
0.0507229
0.0504293
0.0502415
0.0501993
0.050279
0.0504585
0.0507129
0.0510112
0.0513415
0.0516789
0.0520296
0.05237
0.00388557
0.00765216
0.0160393
0.0239744
0.0330472
0.0411453
0.0471372
0.0482675
0.0412923
0.0230204
-0.00688258
-0.0439056
-0.0816298
-0.105664
-0.119903
-0.119787
-0.108499
-0.0901981
-0.0719419
-0.0596945
-0.0582394
-0.0709714
-0.0900865
-0.110419
-0.109509
-0.0957861
-0.0620688
-0.0255207
0.0078791
0.032054
0.0450592
0.0504409
0.0521811
0.0524801
0.0520462
0.0515522
0.0510419
0.0507051
0.050523
0.0505063
0.0506192
0.0508268
0.0511002
0.0514066
0.0517348
0.0520619
0.0523977
0.0527193
0.00314865
0.00634748
0.0133477
0.0202193
0.0280747
0.0355619
0.0417326
0.0446954
0.0414661
0.0284292
0.00344111
-0.032046
-0.0710878
-0.106338
-0.125045
-0.1295
-0.121347
-0.104408
-0.0848737
-0.0697062
-0.0637795
-0.073941
-0.0933806
-0.113964
-0.130393
-0.117083
-0.091675
-0.0520352
-0.0121123
0.0198022
0.0398239
0.0492945
0.0526698
0.0533976
0.0531839
0.052427
0.0517816
0.0512236
0.0508944
0.0507552
0.0507888
0.0509487
0.0511906
0.051484
0.0517962
0.0521188
0.0524321
0.05275
0.0530496
0.00262786
0.0053586
0.0113039
0.0172132
0.0240184
0.0306958
0.0367047
0.0405698
0.0401249
0.0318887
0.0124959
-0.0184635
-0.0574026
-0.0953104
-0.125971
-0.13578
-0.129636
-0.114693
-0.0951801
-0.0776232
-0.0678561
-0.0759826
-0.0924229
-0.116187
-0.134538
-0.1417
-0.114556
-0.0789844
-0.0359679
0.00306199
0.0308132
0.0460425
0.0522503
0.0541744
0.0540676
0.0534999
0.0525532
0.0518327
0.0512963
0.0510242
0.0509613
0.0510646
0.0512802
0.051558
0.0518682
0.0521812
0.0524933
0.0527881
0.0530841
0.0533585
0.00225606
0.00464875
0.00976109
0.0148434
0.0207335
0.026663
0.0322338
0.0364664
0.0378279
0.0334882
0.0199201
-0.00527924
-0.0403339
-0.0796493
-0.11207
-0.1366
-0.133319
-0.120362
-0.10152
-0.0830259
-0.0714537
-0.0764516
-0.0896048
-0.112144
-0.135962
-0.146906
-0.140633
-0.10211
-0.0600906
-0.0173265
0.0176087
0.0397631
0.0502759
0.0540889
0.0551254
0.054296
0.0534726
0.0524549
0.0517449
0.0512943
0.0511246
0.0511651
0.0513509
0.0516247
0.0519344
0.0522545
0.0525614
0.0528565
0.0531272
0.0533973
0.0536434
0.00198705
0.00415981
0.00859794
0.013007
0.0181273
0.0233683
0.0284646
0.032694
0.0350539
0.0336493
0.0251462
0.00668125
-0.0228954
-0.0590276
-0.0951729
-0.118246
-0.132979
-0.120345
-0.10364
-0.0855047
-0.0743604
-0.0738235
-0.0850152
-0.105532
-0.130001
-0.148051
-0.146339
-0.127786
-0.0827257
-0.0389205
0.000706059
0.0296684
0.0459231
0.0526902
0.055118
0.0554067
0.0541867
0.0531514
0.0521742
0.0515616
0.0512567
0.0512279
0.0513898
0.0516628
0.0519897
0.0523224
0.0526429
0.0529346
0.0532053
0.0534465
0.0536867
0.053901
0.00179274
0.003812
0.00772402
0.0115979
0.0160853
0.0207265
0.0253466
0.0294287
0.0322659
0.0326571
0.0283932
0.0160633
-0.00628875
-0.0378151
-0.0713782
-0.100873
-0.114458
-0.117919
-0.10108
-0.0844931
-0.0741926
-0.0689204
-0.0779564
-0.0965599
-0.121097
-0.14189
-0.148849
-0.13405
-0.106896
-0.061264
-0.0188063
0.015841
0.0381778
0.0494208
0.0537405
0.055343
0.0549382
0.0536658
0.0526
0.0517648
0.0513327
0.0512261
0.0513656
0.0516566
0.0520114
0.0523792
0.0527218
0.0530303
0.0532967
0.0535357
0.0537424
0.0539486
0.0541285
0.0016469
0.0035595
0.00706664
0.0105239
0.0144959
0.0186304
0.0228155
0.0266769
0.0297122
0.031135
0.0296021
0.0227238
0.00706894
-0.0175337
-0.0472237
-0.0755499
-0.0958354
-0.100596
-0.0961002
-0.0795813
-0.0693146
-0.0625595
-0.0685501
-0.0851129
-0.108798
-0.132197
-0.144592
-0.139272
-0.114879
-0.0828456
-0.0403748
-0.00186496
0.0266872
0.0430816
0.0508868
0.0539296
0.0547738
0.0540449
0.0528181
0.051878
0.0512899
0.0511137
0.0512456
0.0515674
0.0519814
0.0524024
0.0527932
0.0531289
0.0534115
0.0536428
0.0538434
0.0540109
0.05418
0.0543233
0.00154299
0.00336813
0.00657401
0.00970389
0.0132647
0.0169786
0.0207824
0.0244004
0.0274823
0.0294718
0.0295794
0.0263281
0.0170832
-0.00150924
-0.0241891
-0.0495609
-0.0709747
-0.0815707
-0.0792321
-0.0718764
-0.0605922
-0.0530824
-0.0574047
-0.0716572
-0.0938124
-0.1181
-0.13567
-0.137808
-0.121831
-0.0937618
-0.0601143
-0.0228724
0.0104786
0.032958
0.0451461
0.051039
0.0534299
0.0536428
0.0527905
0.0517267
0.0510606
0.0508219
0.0509636
0.0513567
0.0518565
0.0523729
0.0528363
0.0532267
0.0535365
0.0537799
0.0539672
0.0541235
0.0542483
0.054378
0.0544832
0.00145964
0.00323107
0.00619825
0.00907972
0.0123115
0.0156828
0.0191583
0.0225409
0.025578
0.0278875
0.0289242
0.0279159
0.0232396
0.0120898
-0.00528684
-0.0247859
-0.0448579
-0.0582284
-0.0606836
-0.055915
-0.0476397
-0.0418278
-0.0444613
-0.056885
-0.0768616
-0.101005
-0.121736
-0.130861
-0.123314
-0.102344
-0.0765912
-0.0408586
-0.0105525
0.0179469
0.0354331
0.0454055
0.0503293
0.0521487
0.0520018
0.0511901
0.05048
0.050239
0.05044
0.0509414
0.0515937
0.0522464
0.0528326
0.0533065
0.0536704
0.053936
0.054128
0.0542637
0.0543714
0.0544515
0.0545401
0.0546065
0.00140947
0.00311945
0.00592167
0.00859929
0.0115765
0.0146669
0.0178667
0.0210294
0.0239803
0.0264421
0.0280537
0.028308
0.0264594
0.0209602
0.0101972
-0.00274259
-0.0205687
-0.033774
-0.0396914
-0.037326
-0.032158
-0.0255321
-0.0311288
-0.0410169
-0.0592632
-0.081952
-0.104394
-0.118756
-0.119692
-0.106798
-0.088495
-0.0616461
-0.0278656
-0.00357545
0.0213387
0.0354796
0.044549
0.0487848
0.0500737
0.0498414
0.0493449
0.0491909
0.0495179
0.0502273
0.0510984
0.0519785
0.052741
0.0533517
0.0538001
0.054112
0.0543168
0.0544475
0.0545266
0.0545832
0.0546177
0.0546649
0.0546925
0.00136031
0.00305297
0.00570369
0.00824016
0.0110058
0.0138739
0.0168401
0.0198077
0.0226476
0.0251707
0.0271127
0.0281516
0.0278665
0.0256229
0.0204202
0.011629
0.000227819
-0.0117546
-0.018152
-0.0187573
-0.0146772
-0.0114594
-0.0106909
-0.025947
-0.0410759
-0.062421
-0.0851589
-0.10292
-0.110958
-0.106728
-0.0962595
-0.0747701
-0.0535529
-0.0216733
-0.000546372
0.0218267
0.0344534
0.0427468
0.046261
0.047219
0.0472508
0.0473796
0.0479969
0.0490152
0.0502623
0.0514696
0.0525174
0.0533283
0.0539129
0.0543001
0.0545373
0.0546681
0.054731
0.0547509
0.0547559
0.0547453
0.0547513
0.0547409
0.00134746
0.00298502
0.00556159
0.00795858
0.0105739
0.0132519
0.0160286
0.01882
0.0215463
0.0240638
0.0261994
0.027715
0.0283567
0.0278595
0.0258345
0.0216199
0.0146255
0.00597518
0.00084814
-0.000842881
0.00149305
0.00491798
0.003512
-0.00246726
-0.0248167
-0.0428615
-0.0654476
-0.0850921
-0.0982748
-0.101944
-0.0975081
-0.0857215
-0.0682626
-0.0515094
-0.0201955
-0.000407023
0.0204667
0.0325693
0.0397384
0.0426134
0.0436275
0.0443698
0.0454651
0.0470618
0.0488541
0.0506025
0.0520667
0.0531961
0.0539841
0.0544924
0.0547869
0.0549315
0.05498
0.0549721
0.0549328
0.0548874
0.0548332
0.0547987
0.0547519
0.00132436
0.00296967
0.00543632
0.0077686
0.0102354
0.0127756
0.0153843
0.0180276
0.0206362
0.0231188
0.025342
0.0271568
0.0283748
0.0288427
0.0284852
0.0270939
0.0240984
0.0197248
0.0158741
0.0143397
0.015655
0.0187026
0.0194863
0.0125913
-0.000122607
-0.0265785
-0.0461117
-0.0664003
-0.0830547
-0.0935261
-0.0942816
-0.0920981
-0.0822419
-0.067946
-0.0521499
-0.022686
-0.00136547
0.0182736
0.0292767
0.0351451
0.0377651
0.0394288
0.0414303
0.043831
0.0465825
0.0491321
0.0512712
0.0528723
0.0539808
0.0546748
0.0550626
0.0552399
0.0552811
0.055244
0.055166
0.0550699
0.0549766
0.0548811
0.0548077
0.0547245
0.0029341
0.0053911
0.00760885
0.0100017
0.0124009
0.0148853
0.0173893
0.0198921
0.0223134
0.0245707
0.0265473
0.0281317
0.0292043
0.029729
0.0297673
0.0292117
0.0278873
0.0264018
0.0257011
0.0268928
0.0293931
0.0312522
0.0284435
0.0164183
-0.00172409
-0.0303947
-0.0480193
-0.066155
-0.0821079
-0.0892955
-0.095535
-0.0933003
-0.0849201
-0.0703003
-0.0541768
-0.0258629
-0.0028427
0.0146282
0.0238588
0.0286775
0.031768
0.0349013
0.0387307
0.0427948
0.0467338
0.0498914
0.0522484
0.0538396
0.0548241
0.0553609
0.055595
0.0556408
0.055575
0.055454
0.0553099
0.0551612
0.0550237
0.0548895
0.0547803
0.0546609
0.00533286
0.00754273
0.00981058
0.0121378
0.01449
0.0168887
0.0192821
0.0216387
0.0238841
0.0259487
0.0277426
0.0291999
0.0302788
0.0310414
0.0316285
0.0320736
0.0324783
0.0331259
0.0346195
0.0370878
0.0392208
0.0386877
0.0323462
0.0159809
-0.00565709
-0.0330895
-0.049439
-0.0684164
-0.0830014
-0.0961169
-0.101753
-0.0994048
-0.0901192
-0.0731553
-0.056991
-0.027008
-0.00583318
0.008299
0.0157515
0.0202651
0.0250178
0.0304334
0.0367101
0.0426829
0.0475758
0.051105
0.0534686
0.0548998
0.0556693
0.0560025
0.056064
0.0559746
0.0558054
0.0556066
0.0554029
0.0552071
0.0550297
0.0548595
0.0547162
0.0545618
0.00747098
0.00972455
0.0119256
0.0142085
0.0164882
0.0187965
0.0210732
0.02329
0.0253815
0.0272971
0.0289794
0.030412
0.0316229
0.0327388
0.0339609
0.0353937
0.0371009
0.0391936
0.0417614
0.0442297
0.0450242
0.0416958
0.0324454
0.0133688
-0.0105104
-0.0363581
-0.0551322
-0.0748469
-0.0932479
-0.106592
-0.111622
-0.107925
-0.0953516
-0.0750158
-0.056302
-0.0295294
-0.0120037
-0.00161904
0.00468631
0.0104466
0.0181054
0.0267358
0.0360225
0.043623
0.0490872
0.0526852
0.0548316
0.0559698
0.056459
0.056564
0.0564498
0.0562312
0.0559679
0.055701
0.0554457
0.0552092
0.0549964
0.0547928
0.0546166
0.0544287
0.00964115
0.0118251
0.0139831
0.0161995
0.0184033
0.020615
0.0227779
0.0248693
0.026837
0.0286521
0.0302924
0.0317875
0.0332154
0.0347411
0.0365746
0.0387641
0.0413094
0.0441084
0.0467537
0.048441
0.0475307
0.0416023
0.0296973
0.00888329
-0.0173036
-0.0443001
-0.0658057
-0.0886294
-0.108023
-0.120563
-0.123977
-0.115755
-0.0978987
-0.0736617
-0.0542962
-0.0356891
-0.0226464
-0.0156146
-0.00887336
-0.000210072
0.011558
0.0250485
0.037027
0.0455905
0.0511732
0.0544871
0.0562142
0.0569668
0.0571439
0.0570187
0.0567392
0.0564054
0.056062
0.0557386
0.0554409
0.0551697
0.0549251
0.0546912
0.0544824
0.0542618
0.0117339
0.0138724
0.0159684
0.0181163
0.0202384
0.0223544
0.0244128
0.0263989
0.0282758
0.0300378
0.0316969
0.0333142
0.0350008
0.0369224
0.0392358
0.0419044
0.0448378
0.0476849
0.049844
0.0503584
0.0477379
0.0396263
0.0251601
0.00202772
-0.0279146
-0.0569243
-0.0829206
-0.107638
-0.12618
-0.136702
-0.134753
-0.119459
-0.0960512
-0.0706023
-0.0570149
-0.0469257
-0.0384703
-0.0333323
-0.0237592
-0.0119706
0.00753696
0.0258415
0.0395661
0.0484425
0.0536102
0.0563224
0.0574944
0.0578214
0.0576881
0.0573498
0.0569262
0.0564972
0.0560904
0.0557232
0.055392
0.0550925
0.0548189
0.0545559
0.0543148
0.0540613
0.0137764
0.0158522
0.0178859
0.01996
0.0220002
0.0240262
0.0259934
0.0278964
0.0297149
0.031466
0.0331861
0.034955
0.0368958
0.0391325
0.0417561
0.0446353
0.0475747
0.0500708
0.0515579
0.0507083
0.046329
0.036005
0.0183885
-0.00846404
-0.0434613
-0.0752093
-0.105445
-0.129523
-0.145421
-0.150184
-0.140369
-0.118151
-0.0912966
-0.0710643
-0.0651402
-0.0645623
-0.0592011
-0.053192
-0.0384815
-0.0185337
0.00785414
0.0287264
0.0434082
0.0518219
0.0560971
0.0580093
0.0585729
0.0584852
0.0580706
0.0575505
0.0570116
0.0565108
0.0560585
0.0556603
0.0553038
0.0549804
0.05468
0.0543882
0.0541146
0.053827
0.015754
0.0177678
0.0197353
0.0217349
0.0236965
0.0256415
0.0275322
0.0293739
0.0311636
0.0329331
0.0347357
0.0366553
0.0388017
0.04124
0.0439983
0.0468519
0.0495333
0.0515961
0.052094
0.0498373
0.0434514
0.0303482
0.00843436
-0.0234759
-0.0645894
-0.09827
-0.130431
-0.150995
-0.160922
-0.156731
-0.137957
-0.112045
-0.0883748
-0.0772065
-0.0799505
-0.0885227
-0.0829643
-0.0722544
-0.0482291
-0.0160786
0.0112639
0.0338038
0.0481061
0.0552547
0.0583542
0.0594082
0.0593868
0.0589325
0.0582848
0.0576233
0.0570021
0.0564542
0.0559741
0.0555562
0.055181
0.0548367
0.0545102
0.0541888
0.0538814
0.0535581
0.0176699
0.0196183
0.0215189
0.0234463
0.0253352
0.0272087
0.0290376
0.0308386
0.0326199
0.0344233
0.0363098
0.0383495
0.0406273
0.0431434
0.0458727
0.0485194
0.0507741
0.052211
0.0514716
0.047706
0.038855
0.0220359
-0.00542457
-0.0432149
-0.0902723
-0.123369
-0.153312
-0.168379
-0.168036
-0.153971
-0.129997
-0.106013
-0.0904379
-0.0910204
-0.101355
-0.116357
-0.105704
-0.0860139
-0.0501195
-0.0130183
0.0178739
0.0404845
0.0528873
0.0583244
0.0601699
0.0604387
0.0599091
0.059158
0.0583366
0.0575788
0.0569094
0.0563381
0.0558461
0.055418
0.0550285
0.0546644
0.0543109
0.0539578
0.0536145
0.053253
0.0195223
0.0214051
0.0232406
0.0250999
0.0269221
0.0287338
0.0305154
0.0322897
0.0340738
0.0359132
0.0378647
0.0399746
0.0422989
0.0447712
0.0473375
0.0496298
0.0513453
0.0517889
0.0498555
0.0441965
0.0321914
0.0105904
-0.0232743
-0.0666749
-0.116994
-0.146318
-0.169526
-0.175389
-0.164682
-0.143919
-0.121137
-0.103278
-0.10067
-0.112819
-0.127237
-0.143095
-0.121287
-0.0907874
-0.04626
-0.00617119
0.0272812
0.0473935
0.0570932
0.0607288
0.0614293
0.0610643
0.0601409
0.0591735
0.0582415
0.0574332
0.0567481
0.0561752
0.0556845
0.0552525
0.0548506
0.0544655
0.0540824
0.0536945
0.0533124
0.0529097
0.0213123
0.0231312
0.0249044
0.0266995
0.0284614
0.0302215
0.0319653
0.0337209
0.0355102
0.0373733
0.039357
0.0414779
0.0437629
0.0460835
0.048378
0.0501833
0.0512329
0.0505839
0.0472399
0.0391831
0.0231874
-0.0039633
-0.0440943
-0.0910365
-0.139707
-0.161476
-0.174741
-0.168905
-0.15217
-0.131802
-0.113667
-0.108995
-0.11959
-0.140012
-0.153807
-0.162904
-0.123573
-0.0841466
-0.035258
0.00728956
0.0370707
0.0534809
0.0602974
0.0623921
0.0621237
0.0612912
0.0601035
0.0590024
0.0580221
0.0572069
0.0565357
0.0559791
0.0554988
0.0550659
0.0546503
0.054241
0.0538243
0.0533975
0.052973
0.0525256
0.023042
0.0247996
0.0265129
0.0282482
0.0299568
0.0316719
0.0333834
0.0351225
0.0369094
0.0387741
0.0407501
0.0428199
0.0449872
0.0470668
0.0489889
0.0502153
0.0504655
0.0486873
0.0435654
0.032578
0.0120135
-0.0206851
-0.0654544
-0.111197
-0.153743
-0.164398
-0.166249
-0.153349
-0.136462
-0.120306
-0.114924
-0.124894
-0.143729
-0.168299
-0.175627
-0.173907
-0.118726
-0.068977
-0.019134
0.0206133
0.0457889
0.0580384
0.0624048
0.0633851
0.0623333
0.061162
0.0598315
0.0586771
0.0577061
0.0569232
0.0562906
0.0557633
0.0552978
0.054863
0.0544296
0.0539906
0.0535349
0.0530643
0.0525934
0.0520974
0.0247141
0.0264123
0.0280684
0.0297491
0.0314086
0.0330825
0.0347639
0.0364815
0.0382513
0.04009
0.0420151
0.0439757
0.0459575
0.0477264
0.0491917
0.0497875
0.0491375
0.0460748
0.0389125
0.024644
-0.000440672
-0.0376729
-0.0834496
-0.121826
-0.155948
-0.154728
-0.147939
-0.134964
-0.12309
-0.117778
-0.12794
-0.145053
-0.170307
-0.191245
-0.185377
-0.166901
-0.10282
-0.049007
-0.00208171
0.0324476
0.0523928
0.0608137
0.0635413
0.0635897
0.0621194
0.0607349
0.0593682
0.0582353
0.0573252
0.0566072
0.0560313
0.0555402
0.0550887
0.0546468
0.0541885
0.0537127
0.0532114
0.0526918
0.0521702
0.0516223
0.0263302
0.027971
0.0295735
0.0312024
0.0328154
0.0344499
0.0360981
0.0377843
0.0395185
0.041301
0.0431333
0.0449353
0.0466747
0.0480843
0.0490375
0.0489642
0.04734
0.0428856
0.0335347
0.016118
-0.0134759
-0.0517769
-0.0936268
-0.121303
-0.145622
-0.13581
-0.127332
-0.120815
-0.117844
-0.125851
-0.14415
-0.169527
-0.194324
-0.202284
-0.181101
-0.149116
-0.0819341
-0.0291865
0.0130692
0.0415455
0.056434
0.0620293
0.063717
0.0630736
0.0615298
0.0600729
0.0587623
0.0577181
0.0569123
0.0562841
0.055775
0.05532
0.0548761
0.0544178
0.053925
0.053404
0.0528501
0.0522764
0.0517001
0.0510975
0.0278916
0.029478
0.0310284
0.0326072
0.0341754
0.0357685
0.0373769
0.0390194
0.0406971
0.0423937
0.0440964
0.0457009
0.0471545
0.0481752
0.0485892
0.0478212
0.0452023
0.03937
0.0279283
0.00701725
-0.0250346
-0.0592428
-0.0932411
-0.110687
-0.125607
-0.114691
-0.11229
-0.112858
-0.118853
-0.138763
-0.16567
-0.193751
-0.209517
-0.199791
-0.163541
-0.123432
-0.0614708
-0.0125021
0.0245752
0.0472561
0.0581662
0.0621995
0.0630755
0.062156
0.0606378
0.0592402
0.0580667
0.0571682
0.0565008
0.0559777
0.0555363
0.0551098
0.0546613
0.0541741
0.0536356
0.05306
0.052447
0.0518136
0.0511795
0.0505199
0.0294004
0.0309336
0.0324328
0.033963
0.0354851
0.0370324
0.038593
0.0401775
0.0417778
0.0433626
0.0449056
0.0462857
0.0474267
0.0480479
0.047922
0.0464731
0.0429286
0.035844
0.0224916
-0.00148104
-0.0292666
-0.0591118
-0.0828327
-0.0926544
-0.101259
-0.0985226
-0.100379
-0.108358
-0.128478
-0.156595
-0.18696
-0.210398
-0.210089
-0.183525
-0.140658
-0.0980812
-0.0443034
-0.000218531
0.0317471
0.0498579
0.0582679
0.0616013
0.0619653
0.060953
0.0595337
0.0583003
0.0573357
0.0566297
0.0561231
0.0557088
0.0553258
0.0549126
0.0544422
0.0539107
0.0533144
0.0526751
0.0519967
0.0513005
0.0506039
0.0498869
0.030857
0.0323375
0.0337867
0.0352675
0.0367407
0.0382371
0.0397404
0.0412527
0.0427569
0.0442098
0.0455711
0.0467124
0.0475338
0.0477637
0.0471331
0.0450759
0.0407677
0.0326698
0.0180255
-0.00254739
-0.0277696
-0.0513155
-0.0652215
-0.0716166
-0.0783954
-0.0844977
-0.0932591
-0.114447
-0.142262
-0.174794
-0.201171
-0.211214
-0.195087
-0.159807
-0.119182
-0.075867
-0.0322487
0.00733334
0.0348813
0.0502696
0.057395
0.0604601
0.0604836
0.059491
0.0582945
0.0573193
0.0566261
0.056146
0.0558081
0.0554929
0.0551484
0.054726
0.0542129
0.0536208
0.0529543
0.0522438
0.0514939
0.0507325
0.0499716
0.0491964
0.0322612
0.0336901
0.0350886
0.0365182
0.0379397
0.0393791
0.0408154
0.0422428
0.0436364
0.0449435
0.0461123
0.0470126
0.0475275
0.0474001
0.046343
0.0438146
0.0390071
0.0306628
0.0167949
-0.000223962
-0.0218236
-0.036802
-0.0446217
-0.0518005
-0.0589993
-0.0769289
-0.0962566
-0.124402
-0.156466
-0.186818
-0.202901
-0.198117
-0.172245
-0.136857
-0.104702
-0.0607704
-0.0261832
0.0108869
0.0350955
0.0496005
0.0561699
0.0587466
0.0586655
0.0578567
0.0569972
0.0563676
0.0559959
0.0557584
0.055579
0.0553379
0.055002
0.0545425
0.0539645
0.0532955
0.0525477
0.051759
0.0509348
0.0501063
0.0492806
0.0484472
0.0336138
0.0349905
0.0363374
0.0377141
0.0390801
0.0404563
0.041817
0.0431503
0.0444234
0.0455785
0.0465549
0.0472272
0.0474692
0.0470499
0.0456871
0.0429112
0.0380656
0.0308142
0.0185303
0.00315066
-0.00958854
-0.0190009
-0.0250554
-0.035324
-0.0458411
-0.0780822
-0.10268
-0.13466
-0.165538
-0.187791
-0.192079
-0.17738
-0.150789
-0.124088
-0.0973609
-0.0537802
-0.0250805
0.012021
0.0339269
0.0482401
0.0544306
0.0565702
0.0566012
0.0561353
0.0557285
0.0555205
0.0555021
0.0555019
0.0554494
0.0552427
0.054877
0.0543496
0.053685
0.0529245
0.0520866
0.0512154
0.0503151
0.0494195
0.0485294
0.0476391
0.034914
0.0362379
0.0375326
0.0388545
0.0401612
0.0414687
0.042748
0.043981
0.0451296
0.0461348
0.0469309
0.0474033
0.047428
0.0468135
0.0453146
0.0426227
0.0382036
0.0322543
0.0226682
0.0125995
0.00490908
-0.00139405
-0.00880278
-0.0239616
-0.0403338
-0.0821947
-0.108781
-0.140369
-0.165648
-0.177502
-0.173866
-0.157758
-0.140517
-0.117166
-0.0990171
-0.0540064
-0.0260243
0.0121325
0.0330543
0.0465706
0.052103
0.0540062
0.0543764
0.0544231
0.0545842
0.0548582
0.0551965
0.0553989
0.0554192
0.0551967
0.0547576
0.0541321
0.0533608
0.0524968
0.0515631
0.0506081
0.0496313
0.0486704
0.0477179
0.0467732
0.0361614
0.0374323
0.0386743
0.0399392
0.0411835
0.042419
0.043613
0.0447441
0.0457709
0.046637
0.0472762
0.0475918
0.0474772
0.0467944
0.0453795
0.0431199
0.0400424
0.0354912
0.0295748
0.024027
0.019033
0.0135665
0.00297882
-0.0182039
-0.0401748
-0.0856738
-0.111042
-0.13855
-0.156112
-0.161724
-0.157115
-0.14766
-0.135263
-0.119596
-0.107638
-0.0572157
-0.0278303
0.0112147
0.0322384
0.0442216
0.0491425
0.0511344
0.0520953
0.0528349
0.0536752
0.054461
0.0551158
0.0554521
0.0554744
0.0551777
0.0546229
0.0538716
0.0529774
0.0520022
0.05097
0.0499315
0.0488814
0.0478586
0.0468469
0.0458512
0.0373564
0.0385745
0.0397629
0.0409692
0.0421498
0.0433116
0.0444199
0.0454522
0.0463664
0.0471121
0.0476293
0.0478463
0.0476881
0.0470878
0.0459939
0.0445384
0.0427974
0.0403959
0.0376109
0.0347293
0.0310609
0.0244497
0.0100734
-0.0163645
-0.0435505
-0.0897951
-0.109261
-0.129177
-0.142591
-0.148348
-0.146253
-0.145324
-0.139682
-0.130823
-0.115954
-0.0641946
-0.0254673
0.0111147
0.0306269
0.0408893
0.0455777
0.0480576
0.0498879
0.0515198
0.0531251
0.0543921
0.055271
0.0556441
0.0555863
0.0551556
0.0544476
0.0535487
0.0525214
0.0514318
0.0503029
0.0491839
0.0480646
0.0469847
0.0459183
0.0448763
0.0384999
0.0396649
0.0407998
0.0419476
0.0430639
0.0441525
0.0451784
0.04612
0.0469367
0.0475887
0.0480287
0.0482164
0.0481201
0.0477546
0.0471934
0.0466834
0.0463858
0.0459945
0.0452681
0.043769
0.0397787
0.0308722
0.0134482
-0.0163695
-0.0488421
-0.087023
-0.101326
-0.118412
-0.132659
-0.140508
-0.149389
-0.1539
-0.154645
-0.143878
-0.122272
-0.0678871
-0.0219036
0.0104359
0.027472
0.0364002
0.0414732
0.0448997
0.0479476
0.050679
0.05304
0.054676
0.0556416
0.0559363
0.0557141
0.055096
0.0542053
0.0531451
0.0519809
0.0507787
0.0495575
0.048364
0.0471816
0.0460507
0.0449352
0.0438525
0.0395927
0.0407052
0.0417878
0.0428776
0.0439309
0.0449499
0.0459001
0.0467629
0.0475028
0.0480952
0.0485084
0.0487401
0.0488094
0.0488064
0.0488897
0.0493672
0.0503305
0.0512931
0.0516392
0.0502078
0.0449436
0.0335206
0.0144716
-0.0165201
-0.0478634
-0.0790672
-0.0940466
-0.112724
-0.130087
-0.147683
-0.163111
-0.172671
-0.172928
-0.153448
-0.12137
-0.0610484
-0.0196951
0.00748375
0.0222182
0.030669
0.0368818
0.0418565
0.0465992
0.0505076
0.0534712
0.0552904
0.0561744
0.0562711
0.0558094
0.0549631
0.0538717
0.0526452
0.0513466
0.050038
0.0487321
0.047472
0.0462342
0.0450595
0.0439017
0.042785
0.0406362
0.0416983
0.0427301
0.0437637
0.0447575
0.0457127
0.0465969
0.0473967
0.048085
0.048654
0.0490939
0.0494397
0.0497586
0.0501917
0.0509449
0.0522714
0.0540739
0.055675
0.056106
0.05393
0.0471963
0.0337751
0.0141754
-0.0150802
-0.0439246
-0.0742009
-0.0927938
-0.115693
-0.14
-0.165351
-0.185232
-0.195821
-0.188257
-0.153192
-0.110283
-0.0563595
-0.0208295
0.0010886
0.0145048
0.0237203
0.0319225
0.0394547
0.0461929
0.0511075
0.0543978
0.0561605
0.0567879
0.0565797
0.0558225
0.0547236
0.0534257
0.0520368
0.0506124
0.0492073
0.0478268
0.0465098
0.0452256
0.0440154
0.042823
0.04168
0.0416336
0.0426472
0.0436304
0.0446114
0.045551
0.0464501
0.0472805
0.0480365
0.0487015
0.0492832
0.0497991
0.0503142
0.0509325
0.0518134
0.0531557
0.055057
0.0572376
0.0587955
0.0586499
0.0554717
0.0475985
0.033152
0.0135755
-0.0138455
-0.0448597
-0.0756563
-0.100173
-0.129827
-0.160881
-0.190531
-0.212521
-0.216355
-0.192225
-0.14203
-0.0969246
-0.0561553
-0.0271188
-0.00960592
0.00447355
0.0155666
0.0275393
0.0384122
0.0469184
0.0524664
0.0557224
0.0571683
0.0573842
0.0567922
0.0557078
0.0543496
0.0528517
0.0513123
0.0497754
0.0482869
0.046844
0.0454809
0.0441603
0.0429236
0.0417056
0.0405448
0.0425875
0.0435554
0.0444939
0.045427
0.0463185
0.0471712
0.0479625
0.0486947
0.0493628
0.0499918
0.0506222
0.0513387
0.0522635
0.0535389
0.0553018
0.0574693
0.0596077
0.0607222
0.0597407
0.0556072
0.0470378
0.0324319
0.0126991
-0.0152697
-0.0505411
-0.0848105
-0.117936
-0.154096
-0.189072
-0.221351
-0.236874
-0.225182
-0.181139
-0.125952
-0.0900506
-0.0625994
-0.0398378
-0.0244619
-0.0082939
0.00750687
0.025326
0.0390892
0.0487911
0.0544493
0.0572714
0.0581697
0.0578642
0.0568461
0.055428
0.0538207
0.0521399
0.0504681
0.0488361
0.0472792
0.0457872
0.0443897
0.0430437
0.0417906
0.0405567
0.0393877
0.0435014
0.0444275
0.0453255
0.0462162
0.0470671
0.0478847
0.0486519
0.0493796
0.0500752
0.0507782
0.051545
0.0524669
0.0536639
0.0552249
0.0572046
0.0593501
0.0612027
0.0617149
0.0599017
0.0549641
0.0458988
0.0310653
0.00988113
-0.0209362
-0.0631196
-0.102331
-0.145122
-0.184955
-0.221701
-0.25096
-0.248536
-0.217067
-0.161353
-0.114477
-0.092129
-0.0782246
-0.0591542
-0.0434337
-0.0226949
0.00335777
0.0258105
0.0415877
0.0516475
0.0567909
0.0588281
0.0590216
0.0581417
0.0566914
0.0549567
0.0531253
0.0512872
0.0495054
0.0477976
0.0461887
0.0446619
0.0432423
0.0418824
0.0406236
0.0393847
0.0382179
0.0443796
0.0452682
0.0461303
0.0469847
0.0478038
0.0485973
0.0493546
0.0500953
0.0508374
0.0516294
0.0525353
0.0536397
0.0550381
0.0567485
0.0587501
0.0606471
0.0621348
0.0618778
0.0593991
0.053781
0.0440567
0.0281608
0.00386133
-0.032115
-0.0836452
-0.12716
-0.177663
-0.217256
-0.25213
-0.266138
-0.242314
-0.195573
-0.143946
-0.112703
-0.104034
-0.103831
-0.0837217
-0.0647486
-0.0282037
0.00398508
0.0291103
0.0457507
0.0550834
0.0591515
0.0601807
0.0596035
0.0581491
0.0562944
0.0542803
0.0522602
0.0502954
0.0484288
0.0466656
0.0450214
0.0434742
0.0420453
0.040684
0.0394311
0.038199
0.037046
0.0452264
0.0460819
0.046913
0.047738
0.0485337
0.0493135
0.0500737
0.0508408
0.0516399
0.0525227
0.0535528
0.0547921
0.056302
0.0580236
0.0598915
0.0613899
0.062378
0.061362
0.0582969
0.0519555
0.0410989
0.0230109
-0.00624901
-0.0491701
-0.110854
-0.156068
-0.20926
-0.242516
-0.267917
-0.258037
-0.220543
-0.173049
-0.136347
-0.123228
-0.126163
-0.136431
-0.108876
-0.0745678
-0.0268209
0.00855809
0.0352443
0.0509396
0.0585807
0.0612212
0.0611648
0.0598256
0.0578425
0.0556395
0.0533974
0.0512299
0.0491715
0.0472457
0.0454475
0.0437847
0.0422315
0.0408065
0.0394569
0.0382221
0.0370099
0.0358832
0.0460459
0.0468727
0.0476782
0.0484805
0.0492602
0.0500358
0.0508087
0.0516095
0.0524671
0.0534306
0.0545531
0.0558654
0.0573933
0.0590058
0.0606237
0.0616544
0.0619752
0.060363
0.0566031
0.0493212
0.0366755
0.0150628
-0.020594
-0.0709964
-0.140512
-0.183828
-0.23204
-0.251555
-0.259986
-0.233705
-0.195003
-0.159493
-0.141754
-0.147681
-0.156634
-0.168054
-0.123362
-0.072458
-0.0235454
0.017193
0.0428768
0.0562417
0.0616474
0.0627817
0.0616678
0.0596331
0.0572052
0.0547281
0.0523163
0.050045
0.047926
0.0459658
0.0441519
0.0424864
0.0409419
0.0395344
0.0382102
0.0370073
0.0358289
0.0347423
0.0468419
0.0476449
0.0484295
0.0492147
0.0499855
0.050764
0.0515547
0.0523904
0.0532999
0.0543222
0.0554949
0.0568145
0.0582746
0.0596864
0.0609662
0.0614996
0.0611501
0.0589451
0.0543371
0.0457775
0.0305423
0.00437586
-0.0380746
-0.0947434
-0.165621
-0.203632
-0.239647
-0.245317
-0.233609
-0.206087
-0.176833
-0.158861
-0.161882
-0.184017
-0.189666
-0.190773
-0.121117
-0.0671205
-0.0125821
0.0276669
0.0503865
0.0608476
0.0639312
0.0636778
0.0616158
0.0590115
0.0562469
0.0535754
0.0510533
0.0487205
0.0465715
0.0445997
0.0427879
0.0411351
0.0396138
0.038238
0.0369542
0.0357978
0.0346686
0.0336367
0.0476184
0.0484015
0.0491693
0.0499427
0.0507095
0.0514947
0.0523041
0.0531702
0.0541165
0.0551685
0.0563457
0.0576102
0.0589314
0.0600803
0.0609626
0.061009
0.0600299
0.0571368
0.0515346
0.0412875
0.022827
-0.00817124
-0.0571825
-0.115084
-0.180368
-0.207535
-0.22475
-0.220465
-0.204319
-0.184161
-0.171142
-0.173767
-0.195948
-0.224288
-0.217421
-0.207237
-0.114087
-0.0515728
0.00204898
0.0379064
0.0567602
0.0643279
0.0652794
0.0637937
0.0609917
0.0579824
0.0549951
0.0522064
0.04963
0.0472741
0.045122
0.0431585
0.041365
0.0397395
0.0382563
0.0369274
0.0357002
0.0346061
0.0335429
0.0325794
0.0483783
0.0491447
0.0498991
0.0506645
0.05143
0.0522224
0.0530476
0.0539337
0.0548965
0.0559461
0.0570829
0.0582401
0.0593684
0.0602181
0.0606798
0.060246
0.0586391
0.0550131
0.0482564
0.0359834
0.0141626
-0.0222265
-0.0741426
-0.125167
-0.182589
-0.192998
-0.197939
-0.190724
-0.181338
-0.176651
-0.183156
-0.204962
-0.236822
-0.258864
-0.227607
-0.193431
-0.0950134
-0.0304714
0.016453
0.0467574
0.0615296
0.066672
0.0656179
0.0631284
0.0598422
0.0565891
0.0534874
0.0506529
0.0480706
0.0457243
0.043591
0.0416526
0.039892
0.0383084
0.0368788
0.0356135
0.0344606
0.0334459
0.0324676
0.0315866
0.0491235
0.0498761
0.0506194
0.0513787
0.0521431
0.0529408
0.0537746
0.0546664
0.0556232
0.0566384
0.0576953
0.058706
0.0596046
0.060143
0.060187
0.0592823
0.0570625
0.0526684
0.0446467
0.0302137
0.00490003
-0.0348742
-0.0812942
-0.122908
-0.170686
-0.168009
-0.168598
-0.169222
-0.17357
-0.18473
-0.21047
-0.244874
-0.276815
-0.275863
-0.224651
-0.169298
-0.0723568
-0.0122015
0.0290606
0.05329
0.0646526
0.0675153
0.0649377
0.0617955
0.0582473
0.0548879
0.0517683
0.0489492
0.0464003
0.0440887
0.0419913
0.0400914
0.0383772
0.0368506
0.0354918
0.0343084
0.033249
0.0323327
0.0314574
0.0306812
0.0498555
0.0505962
0.0513292
0.0520823
0.0528444
0.0536423
0.0544746
0.0553564
0.0562841
0.0572365
0.0581825
0.0590205
0.0596709
0.0599
0.0595454
0.0581938
0.055395
0.0502435
0.0409331
0.02457
-0.00320628
-0.0364878
-0.0793023
-0.109678
-0.146017
-0.141801
-0.147666
-0.159795
-0.177076
-0.206639
-0.248948
-0.289876
-0.303932
-0.271377
-0.199452
-0.136024
-0.0515741
0.00259391
0.0385401
0.057283
0.065847
0.0665493
0.0633849
0.0599257
0.0562919
0.0529433
0.0498851
0.0471299
0.0446426
0.042383
0.040333
0.038483
0.0368287
0.0353756
0.0341067
0.0330259
0.0320806
0.031283
0.0305235
0.0298765
0.0505749
0.0513041
0.0520264
0.0527725
0.0535286
0.0543195
0.0551393
0.0559948
0.0568725
0.0577396
0.0585527
0.0592052
0.0596057
0.0595405
0.0588218
0.0570683
0.0537592
0.0479354
0.0375288
0.0205083
-0.00493918
-0.0341283
-0.0686848
-0.0888926
-0.116096
-0.122245
-0.136616
-0.160857
-0.194373
-0.243459
-0.293872
-0.32574
-0.307858
-0.245074
-0.167273
-0.103679
-0.0348524
0.0134893
0.0442835
0.0591476
0.0649717
0.0644369
0.0611725
0.0576282
0.0540647
0.0508215
0.0478842
0.0452271
0.0428178
0.040619
0.0386236
0.0368337
0.0352541
0.0338935
0.0327366
0.0317812
0.0309715
0.0303126
0.0296862
0.0291826
0.0512812
0.0519982
0.0527089
0.0534451
0.0541902
0.0549664
0.0557621
0.0565763
0.0573872
0.0581531
0.0588218
0.0592883
0.0594516
0.059121
0.0580914
0.0560123
0.0523123
0.0460489
0.035355
0.019709
-0.00221039
-0.0293337
-0.049374
-0.0667408
-0.0895494
-0.111441
-0.135831
-0.174628
-0.22684
-0.285636
-0.331381
-0.33519
-0.284218
-0.207386
-0.139752
-0.0789995
-0.0232322
0.0203332
0.0463545
0.0591898
0.0627046
0.0617241
0.0584548
0.0550189
0.0516508
0.048586
0.0458092
0.0432679
0.0409407
0.0388039
0.0368677
0.0351488
0.0336617
0.0324166
0.0313967
0.0305912
0.0299394
0.0294412
0.0289721
0.0286204
0.0519729
0.0526769
0.0533737
0.0540963
0.054825
0.0555785
0.0563393
0.0571002
0.0578321
0.0584884
0.0590111
0.0593015
0.0592545
0.0587035
0.0574388
0.0551505
0.0512707
0.0450565
0.0353101
0.0217824
0.0036466
-0.0149801
-0.0288017
-0.0474492
-0.0703327
-0.11052
-0.146991
-0.201733
-0.264185
-0.319434
-0.342391
-0.311796
-0.243799
-0.174125
-0.12248
-0.0630537
-0.0171815
0.0232886
0.0454341
0.0573841
0.0598144
0.058489
0.0554012
0.0522116
0.049132
0.0462963
0.0436974
0.041272
0.0390189
0.0369395
0.0350666
0.0334333
0.0320617
0.0309595
0.0301044
0.0294744
0.0290044
0.028686
0.0283916
0.0282029
0.0526489
0.0533378
0.054018
0.0547232
0.05543
0.056153
0.0568702
0.0575692
0.0582155
0.0587613
0.0591462
0.0592813
0.0590638
0.0583552
0.0569576
0.0546314
0.0509084
0.0453674
0.0374299
0.0267013
0.0143265
0.00155462
-0.0108485
-0.0330493
-0.0592267
-0.120414
-0.168498
-0.231935
-0.292661
-0.328197
-0.32
-0.269183
-0.206382
-0.153926
-0.116106
-0.0546825
-0.0165712
0.023633
0.0416833
0.0547424
0.0562544
0.0548759
0.0521467
0.0493132
0.0465869
0.0440049
0.0415765
0.0392486
0.0370511
0.0350221
0.0332204
0.0316938
0.0304671
0.0295395
0.0288792
0.028452
0.0281891
0.0280657
0.0279571
0.0279455
0.0533069
0.0539784
0.0546396
0.0553234
0.0560031
0.0566895
0.0573571
0.0579894
0.0585496
0.0589911
0.0592551
0.0592661
0.0589308
0.0581463
0.0567495
0.054613
0.0514341
0.0470934
0.041518
0.0344833
0.0263652
0.0168601
0.0030032
-0.0245291
-0.0566987
-0.136844
-0.19014
-0.252273
-0.297414
-0.307287
-0.277601
-0.228954
-0.184093
-0.146407
-0.121552
-0.0542409
-0.0202571
0.024148
0.0410345
0.0510151
0.0522177
0.0510382
0.0488148
0.0464276
0.0440874
0.0417534
0.0394609
0.0371934
0.0350266
0.0330438
0.0313299
0.0299406
0.0288948
0.0281769
0.0277444
0.027549
0.0275133
0.0275942
0.0276863
0.0278732
0.0539452
0.0545971
0.0552369
0.0558957
0.056544
0.0571897
0.0578044
0.0583699
0.0588488
0.0591992
0.0593672
0.0592951
0.058907
0.058146
0.0569113
0.0552072
0.0528999
0.0501795
0.0472065
0.0433397
0.0378486
0.0294889
0.0123269
-0.0221071
-0.0612681
-0.150859
-0.201617
-0.249654
-0.274133
-0.266
-0.236849
-0.203925
-0.17701
-0.1519
-0.138754
-0.0619899
-0.0256512
0.0202149
0.0385763
0.0465845
0.0478816
0.0471193
0.0455369
0.0436549
0.0416951
0.0395663
0.0373453
0.0350861
0.0329265
0.0309965
0.0293999
0.0281886
0.0273656
0.0268975
0.0267291
0.02679
0.0269909
0.0272872
0.0276041
0.0279713
0.0545622
0.0551927
0.0558089
0.0564398
0.0570543
0.0576572
0.058219
0.0587215
0.0591295
0.0594079
0.0595121
0.0594063
0.0590407
0.0584135
0.0575051
0.0564347
0.0552356
0.0543127
0.053536
0.0517371
0.0474797
0.0383185
0.0173499
-0.0235135
-0.0703414
-0.158073
-0.193435
-0.224
-0.234841
-0.2269
-0.21081
-0.198223
-0.185818
-0.171074
-0.161236
-0.0735283
-0.0249985
0.0179983
0.0348646
0.0416612
0.0433987
0.0432792
0.0424462
0.0410907
0.0394554
0.0374406
0.035199
0.032892
0.030728
0.0288757
0.0274413
0.0264581
0.0259078
0.0257358
0.025863
0.0261904
0.0266355
0.027174
0.0277023
0.0281514
0.055157
0.0557645
0.0563557
0.0569572
0.0575367
0.0580971
0.0586092
0.0590567
0.0594084
0.0596392
0.0597176
0.0596332
0.0593707
0.0589851
0.0585384
0.058239
0.0582335
0.0588827
0.0595279
0.0586284
0.0542909
0.0431024
0.0191869
-0.0252958
-0.0781827
-0.146669
-0.169662
-0.190219
-0.200733
-0.204112
-0.206232
-0.210899
-0.208305
-0.204111
-0.179644
-0.0833332
-0.0220871
0.0155125
0.0300399
0.0364119
0.0389657
0.0396861
0.0396791
0.0388247
0.0373811
0.0353336
0.0329655
0.0305668
0.0284116
0.0266844
0.0254725
0.0247804
0.0245626
0.0247285
0.025163
0.0257615
0.0264812
0.0272718
0.0278871
0.0284341
0.0557289
0.0563126
0.0568784
0.0574501
0.0579951
0.0585157
0.0589843
0.059388
0.0597021
0.0599136
0.0600073
0.0600014
0.0599168
0.0598615
0.0599621
0.0604715
0.0615367
0.0632694
0.0644955
0.0633962
0.0580831
0.0443171
0.0193158
-0.0256526
-0.0763181
-0.124787
-0.144366
-0.164736
-0.18405
-0.20078
-0.220005
-0.236473
-0.251279
-0.234808
-0.178337
-0.0785841
-0.0185685
0.0110775
0.024404
0.0310373
0.0348015
0.0365317
0.0373905
0.0369076
0.0354248
0.0331585
0.0305677
0.0280661
0.0259663
0.0244365
0.0235275
0.0232049
0.0233758
0.0238953
0.0246378
0.0255449
0.0265801
0.0274622
0.0281756
0.0288194
0.0562782
0.0568381
0.0573789
0.0579214
0.0584345
0.0589201
0.0593538
0.0597276
0.0600255
0.0602478
0.060398
0.060523
0.0606756
0.0610057
0.0616714
0.062903
0.0647511
0.0669918
0.0680885
0.0660404
0.0593928
0.0431791
0.0184869
-0.0240933
-0.0666397
-0.106632
-0.128692
-0.155817
-0.185379
-0.215723
-0.252169
-0.287642
-0.297204
-0.240436
-0.154243
-0.0675408
-0.0191916
0.00482903
0.0182243
0.0257724
0.0311516
0.0341126
0.0357181
0.0352932
0.0334645
0.0307912
0.0279215
0.0253555
0.0233966
0.0221677
0.0216653
0.0217891
0.022371
0.0232419
0.0243392
0.0256419
0.0267841
0.0277574
0.0285679
0.0293078
0.0568058
0.0573426
0.0578596
0.0583752
0.0588602
0.0593174
0.0597267
0.0600866
0.0603907
0.0606533
0.0608964
0.0611918
0.0616197
0.0623434
0.0635166
0.0652846
0.0675422
0.0697649
0.070313
0.0670346
0.0591789
0.0415848
0.0173005
-0.0198406
-0.0604008
-0.0990288
-0.12705
-0.163807
-0.204999
-0.258811
-0.31175
-0.345625
-0.316866
-0.216557
-0.124098
-0.0626286
-0.0243354
-0.0029838
0.0117197
0.0207921
0.0284804
0.0327905
0.0346651
0.0338087
0.0313075
0.0280863
0.024954
0.0224227
0.0207374
0.0199485
0.0199587
0.0205624
0.0215516
0.0228339
0.0244352
0.0258614
0.0270943
0.0281574
0.0290645
0.0298973
0.0573133
0.0578284
0.0583238
0.0588158
0.0592777
0.0597144
0.0601112
0.0604735
0.0608055
0.0611342
0.0615012
0.0619888
0.0626978
0.0637751
0.0653324
0.0673994
0.069696
0.071611
0.0713196
0.0669123
0.0581925
0.04081
0.0172249
-0.0170889
-0.0596248
-0.102752
-0.140793
-0.191058
-0.25299
-0.319162
-0.378459
-0.378023
-0.294739
-0.179325
-0.107397
-0.0659385
-0.0329836
-0.0122487
0.00487377
0.0167536
0.0275321
0.0326936
0.0340229
0.0321624
0.0287131
0.0249057
0.0216252
0.0192965
0.0180741
0.0178712
0.0184459
0.0195276
0.0210015
0.0229241
0.0246779
0.0261892
0.0275104
0.0286631
0.0296636
0.0305848
0.0578027
0.0582982
0.0587749
0.0592472
0.0596921
0.0601171
0.0605135
0.060894
0.0612727
0.0616878
0.062194
0.0628778
0.0638403
0.0651909
0.066971
0.0691002
0.0711719
0.0725481
0.0712856
0.0660508
0.0567449
0.0399013
0.0162238
-0.0184064
-0.0668337
-0.117564
-0.173556
-0.240468
-0.31244
-0.387452
-0.420363
-0.364329
-0.247019
-0.148159
-0.106654
-0.0773729
-0.0449777
-0.0235098
-0.00144122
0.0155486
0.0287375
0.0335466
0.0333664
0.029969
0.0254333
0.0211509
0.0179418
0.0160782
0.0155223
0.0159872
0.0171311
0.0187924
0.0210823
0.0231943
0.0250311
0.0266243
0.0280339
0.029272
0.0303615
0.0313665
0.0582763
0.0587551
0.0592163
0.0596736
0.0601078
0.0605301
0.0609376
0.0613495
0.0617894
0.062302
0.0629492
0.063811
0.0649716
0.0664891
0.0683255
0.0703241
0.0719755
0.0725216
0.0704299
0.0646337
0.0547913
0.0379657
0.0129682
-0.0249096
-0.0849104
-0.145183
-0.224851
-0.299044
-0.374635
-0.431334
-0.40852
-0.31124
-0.197697
-0.136439
-0.117538
-0.0987977
-0.0636535
-0.0380566
-0.00356258
0.0186092
0.0318193
0.0347045
0.0320901
0.0268075
0.0212752
0.0168233
0.0140283
0.0129144
0.013153
0.0143066
0.016155
0.018855
0.0213874
0.0235783
0.0254931
0.0271687
0.0286621
0.0299801
0.0311529
0.0322379
0.0587371
0.059202
0.0596511
0.0600984
0.0605285
0.0609562
0.0613847
0.0618379
0.0623469
0.062958
0.0637331
0.0647358
0.0660213
0.0675919
0.0693389
0.0710472
0.0720844
0.0717808
0.0689868
0.0626994
0.0521562
0.0346479
0.00685966
-0.0374759
-0.116752
-0.184525
-0.279307
-0.34919
-0.40917
-0.418832
-0.352296
-0.249112
-0.173638
-0.141909
-0.139498
-0.13628
-0.0962579
-0.0492252
0.00149477
0.0253487
0.0360016
0.0352448
0.0294648
0.0223324
0.016186
0.0120401
0.0100696
0.0099049
0.0109902
0.0130148
0.0161878
0.0192023
0.0218104
0.024073
0.0260665
0.0278192
0.0293906
0.0307818
0.0320319
0.0331931
0.0591874
0.0596414
0.060082
0.0605241
0.060956
0.0613962
0.0618526
0.0623527
0.0629315
0.063632
0.0645091
0.0656025
0.0669328
0.0684502
0.069989
0.0712676
0.0716288
0.0705742
0.0671852
0.0603303
0.0488431
0.0299358
-0.0023325
-0.0586295
-0.159097
-0.225302
-0.315535
-0.370014
-0.394456
-0.360152
-0.286059
-0.211471
-0.171655
-0.164196
-0.177645
-0.192441
-0.120401
-0.0427673
0.0119719
0.0349676
0.0396053
0.0338811
0.024881
0.0163974
0.0103072
0.0070404
0.006206
0.00709918
0.00928125
0.0129992
0.0165864
0.0196726
0.0223466
0.0246822
0.0267478
0.0285712
0.0302125
0.0316693
0.0329915
0.0343916
0.0596298
0.0600758
0.060511
0.0609523
0.0613907
0.0618483
0.0623366
0.0628839
0.0635259
0.0642978
0.0652417
0.0663695
0.0676686
0.0690404
0.0702823
0.0710605
0.0708841
0.0691358
0.0651215
0.0576281
0.0449708
0.0238924
-0.0160921
-0.090758
-0.195614
-0.25137
-0.320512
-0.34814
-0.338485
-0.295569
-0.237823
-0.201679
-0.188524
-0.21044
-0.235635
-0.243479
-0.11546
-0.0284654
0.0292467
0.044615
0.0407708
0.0296155
0.018032
0.00914616
0.00393356
0.00202372
0.00253166
0.004833
0.00919037
0.0134596
0.0171145
0.0202597
0.0230007
0.0254016
0.0275321
0.0294169
0.0311178
0.0326343
0.034206
0.0358798
0.0600664
0.060507
0.0609394
0.0613832
0.0618315
0.0623089
0.0628291
0.063419
0.0641113
0.0649297
0.0659007
0.0670076
0.0682091
0.0693638
0.0702638
0.0705612
0.0698594
0.0675297
0.0628986
0.0547149
0.0406452
0.0160734
-0.0390241
-0.117729
-0.211538
-0.248272
-0.288954
-0.294745
-0.277712
-0.246733
-0.222728
-0.21194
-0.229323
-0.290645
-0.294794
-0.255949
-0.0928941
0.00215106
0.0490626
0.050646
0.0376972
0.0218672
0.00905284
0.00094513
-0.00265846
-0.00284107
-0.000488401
0.00462781
0.00972592
0.0140584
0.0177647
0.0209698
0.0237681
0.0262263
0.0284109
0.030344
0.0320965
0.0338721
0.0357206
0.0374751
0.0604985
0.0609359
0.0613672
0.0618157
0.0622754
0.0627724
0.063321
0.0639441
0.0646691
0.0655058
0.0664639
0.0675003
0.0685521
0.0694488
0.0700002
0.069853
0.0686683
0.0658501
0.0606396
0.0517374
0.0357117
0.00504768
-0.0589057
-0.124939
-0.206957
-0.222928
-0.239968
-0.240149
-0.235419
-0.227388
-0.228761
-0.24416
-0.311552
-0.381587
-0.313681
-0.215669
-0.0454635
0.0425478
0.0631633
0.050291
0.0292625
0.0107452
-0.00159823
-0.00782858
-0.00918196
-0.00689597
-0.000863263
0.0052549
0.0104111
0.0147864
0.0185443
0.0217974
0.024644
0.0271467
0.0293692
0.0313414
0.0333751
0.035426
0.037343
0.0391613
0.0609271
0.0613625
0.0617937
0.0622475
0.0627181
0.0632319
0.0638021
0.0644457
0.065183
0.066009
0.0669178
0.0678446
0.0687128
0.0693406
0.0695524
0.0690192
0.0674144
0.0642018
0.0584771
0.048776
0.0302359
-0.00574858
-0.0584502
-0.115211
-0.183247
-0.183051
-0.192473
-0.204432
-0.213618
-0.231946
-0.257541
-0.323922
-0.417901
-0.420497
-0.267341
-0.124195
0.0253518
0.0728949
0.0681713
0.0416304
0.015493
-0.00316858
-0.0134229
-0.0167048
-0.014683
-0.00751823
-0.000123081
0.00604678
0.0112363
0.0156531
0.0194472
0.0227375
0.0256175
0.0281443
0.0303942
0.0326794
0.0349951
0.0370906
0.0390566
0.0409205
0.0613521
0.0617859
0.0622169
0.0626752
0.0631544
0.0636799
0.0642623
0.0649117
0.06564
0.0664287
0.0672584
0.0680494
0.0687179
0.0690866
0.0689883
0.0681381
0.0661994
0.0627037
0.0565453
0.0461223
0.0262482
-0.00556043
-0.0537678
-0.091462
-0.14314
-0.145763
-0.161609
-0.185077
-0.216627
-0.26192
-0.329481
-0.438505
-0.48069
-0.371677
-0.178339
-0.0179706
0.0793268
0.0900966
0.0607462
0.0245293
-0.00279895
-0.0192586
-0.0256801
-0.0242616
-0.0156615
-0.00663593
0.000802275
0.00699466
0.0122127
0.0166512
0.0204682
0.0237782
0.0266671
0.029205
0.0318105
0.0343904
0.0367293
0.0388474
0.0408427
0.0427355
0.061773
0.0622045
0.062634
0.0630946
0.0635785
0.0641085
0.0646923
0.065332
0.0660317
0.0667609
0.0674901
0.0681326
0.0686016
0.068737
0.0683767
0.0672911
0.0651274
0.0614884
0.0551264
0.0448685
0.0263807
-0.00114277
-0.0394436
-0.0611888
-0.101807
-0.119264
-0.144518
-0.186018
-0.244667
-0.320195
-0.443553
-0.528231
-0.454234
-0.271259
-0.0996867
0.0671928
0.113653
0.090288
0.0393709
0.000326702
-0.0249368
-0.0364512
-0.036208
-0.0257393
-0.0145968
-0.00554092
0.00190711
0.00811119
0.0133319
0.017775
0.0215944
0.0248939
0.0277766
0.0307243
0.0336419
0.0362204
0.0385571
0.0406771
0.0426837
0.0445894
0.062188
0.0626158
0.0630417
0.0635012
0.0639844
0.0645109
0.0650847
0.0657001
0.0663542
0.0670077
0.0676243
0.0681178
0.0684021
0.0683429
0.0677853
0.0665618
0.0643104
0.0607572
0.0547692
0.0459269
0.029878
0.007422
-0.0104274
-0.0335381
-0.0668042
-0.104803
-0.143359
-0.20711
-0.292719
-0.421244
-0.541273
-0.515943
-0.357491
-0.182116
-0.0407431
0.128818
0.118781
0.0663505
0.00768642
-0.0305217
-0.0495662
-0.0514215
-0.0383628
-0.0244352
-0.0132799
-0.00423217
0.00320504
0.00938658
0.0145874
0.0190104
0.0227961
0.0260665
0.0294279
0.0327113
0.0355983
0.0381453
0.0404571
0.0425606
0.0445621
0.046466
0.0625952
0.0630169
0.0634362
0.0638902
0.0643666
0.064881
0.0654339
0.0660124
0.0666081
0.0671763
0.0676776
0.0680321
0.0681592
0.0679556
0.0672801
0.0660353
0.0638872
0.0607828
0.0558963
0.0491863
0.0375499
0.0259571
0.0143677
-0.0100224
-0.0412964
-0.105422
-0.159498
-0.24757
-0.376244
-0.504965
-0.528368
-0.417088
-0.26172
-0.119382
-0.00211097
0.167687
0.0820633
0.0264895
-0.0339421
-0.0661338
-0.0711006
-0.0545209
-0.0367287
-0.0228198
-0.0116999
-0.00269549
0.00468459
0.0108126
0.0159639
0.0203233
0.0240528
0.0278862
0.0316121
0.0348298
0.0376508
0.0401416
0.0424088
0.0444797
0.0464616
0.0483506
0.0629917
0.0634044
0.0638136
0.0642572
0.0647204
0.0652146
0.065737
0.0662687
0.066798
0.0672779
0.0676696
0.0679047
0.0679123
0.0676252
0.066925
0.0658015
0.0640121
0.0617494
0.058577
0.0547883
0.0495024
0.0444842
0.0340103
0.00789088
-0.0243997
-0.123112
-0.192947
-0.311598
-0.438446
-0.494419
-0.435828
-0.31912
-0.20194
-0.0779769
0.0263736
0.140661
0.0275197
-0.0356788
-0.0861977
-0.0976953
-0.075628
-0.0524029
-0.0347105
-0.0208695
-0.00984231
-0.000944873
0.00633454
0.0123729
0.0174228
0.0216911
0.0260877
0.0303186
0.0339345
0.037045
0.0397727
0.0421864
0.0443927
0.0464175
0.048367
0.0502296
0.0633746
0.0637748
0.0641703
0.0645984
0.0650423
0.0655089
0.0659932
0.0664716
0.0669313
0.0673262
0.0676217
0.0677645
0.0676989
0.0673979
0.0667813
0.0659444
0.0647855
0.0636894
0.0627525
0.0623969
0.0621822
0.0602648
0.0483961
0.0187367
-0.018169
-0.151093
-0.236505
-0.346394
-0.418829
-0.410795
-0.341269
-0.262806
-0.169569
-0.0526081
0.0462676
0.0546921
-0.0435274
-0.113693
-0.134271
-0.103341
-0.0728589
-0.0497925
-0.0322547
-0.0185718
-0.00772484
0.00100323
0.0081375
0.0140254
0.0189399
0.0240008
0.0288316
0.0328959
0.0363529
0.0393261
0.0419381
0.0442583
0.0463904
0.0483581
0.0502646
0.0520906
0.0637407
0.064125
0.064503
0.0649107
0.0653299
0.065763
0.066204
0.0666262
0.0670176
0.0673365
0.0675551
0.0676387
0.0675531
0.0673135
0.0668995
0.0665096
0.0661974
0.0665115
0.06792
0.0704247
0.0732873
0.0723101
0.0574363
0.0223383
-0.0226846
-0.17818
-0.247263
-0.316431
-0.344543
-0.322986
-0.293104
-0.245343
-0.162468
-0.0462406
0.0243107
-0.042924
-0.151559
-0.190818
-0.141809
-0.0993972
-0.0693088
-0.0466095
-0.029346
-0.0159493
-0.00537322
0.00313076
0.0100505
0.015745
0.0216037
0.0271355
0.0317253
0.0355657
0.038831
0.0416434
0.0441234
0.0463378
0.0483858
0.0502874
0.0521419
0.0539229
0.0640872
0.0644521
0.064809
0.0651922
0.0655821
0.0659775
0.0663726
0.066739
0.0670678
0.0673239
0.0674896
0.067551
0.0675012
0.0673995
0.0672967
0.0674762
0.0681324
0.0698922
0.0731759
0.0774549
0.0817645
0.0802563
0.0628986
0.0188078
-0.0274716
-0.168069
-0.219581
-0.25627
-0.275281
-0.288318
-0.28923
-0.268278
-0.191315
-0.0485663
-0.0659013
-0.203671
-0.273946
-0.202505
-0.135325
-0.0946177
-0.064974
-0.0428184
-0.026017
-0.0130444
-0.00280571
0.00539932
0.0120493
0.0188676
0.0252299
0.0304217
0.0347038
0.0382853
0.0413344
0.0439702
0.046307
0.0484074
0.050364
0.052193
0.0539882
0.055717
0.0644112
0.0647534
0.0650865
0.0654417
0.0657992
0.0661544
0.0665033
0.0668175
0.0670927
0.0673024
0.0674418
0.0675192
0.0675566
0.0676617
0.0679471
0.0687516
0.0703552
0.073294
0.0776931
0.0826406
0.0872738
0.0833646
0.0645144
0.00397533
-0.0552859
-0.139878
-0.175251
-0.214044
-0.25595
-0.294002
-0.338277
-0.342982
-0.253889
-0.0994647
-0.239022
-0.402199
-0.284181
-0.191809
-0.128394
-0.0887955
-0.0598469
-0.0384658
-0.0223406
-0.00987355
-4.3971e-05
0.00778926
0.0157724
0.0231138
0.0290023
0.033778
0.0377163
0.0410145
0.0438332
0.0462831
0.0484706
0.0504519
0.0523124
0.0540638
0.0557941
0.0574653
0.0647109
0.0650273
0.0653343
0.0656588
0.0659822
0.0662967
0.0666014
0.0668692
0.0671021
0.0672837
0.0674233
0.0675519
0.067721
0.0680774
0.0687808
0.0701745
0.0725441
0.0761866
0.0809379
0.0856041
0.0886885
0.0807986
0.0595474
0.00501694
-0.0562085
-0.117313
-0.159107
-0.212459
-0.272147
-0.351119
-0.45925
-0.473321
-0.270503
-0.218961
-0.496668
-0.390937
-0.266956
-0.178995
-0.120202
-0.0818399
-0.0540049
-0.0336863
-0.0183282
-0.00641648
0.00290454
0.0123055
0.0208035
0.0274894
0.0328195
0.0371439
0.0407158
0.0437194
0.0463014
0.0485622
0.0505981
0.0524583
0.05422
0.0558907
0.057552
0.0591612
0.0649844
0.0652738
0.065552
0.0658442
0.0661329
0.0664079
0.0666721
0.0669012
0.0671043
0.0672757
0.0674395
0.0676468
0.0679758
0.0685929
0.0696823
0.0715352
0.0743502
0.0781626
0.0825238
0.0857861
0.08528
0.0729677
0.0479617
0.000264277
-0.0583382
-0.121304
-0.173549
-0.241903
-0.337244
-0.510806
-0.661747
-0.530563
-0.301237
-0.503701
-0.679861
-0.621279
-0.355435
-0.245056
-0.165141
-0.110331
-0.0738197
-0.0476653
-0.0284874
-0.0138711
-0.00265442
0.00847828
0.0183341
0.0259279
0.0318677
0.0366092
0.0404646
0.0436641
0.0463716
0.0487179
0.050791
0.0526763
0.0544155
0.0560778
0.057666
0.0592555
0.0607995
0.0652294
0.0654915
0.0657401
0.0659991
0.0662538
0.0664916
0.0667203
0.0669191
0.0671045
0.0672813
0.0674873
0.0677884
0.06828
0.0691282
0.0705029
0.0726009
0.0754812
0.0789126
0.0820791
0.0828819
0.0783055
0.0624964
0.0348785
-0.0108149
-0.0716585
-0.144138
-0.213908
-0.321602
-0.524199
-0.783392
-0.78633
-0.530009
-0.512856
-0.747378
-0.938701
-0.817061
-0.544011
-0.327819
-0.223684
-0.149751
-0.0989497
-0.0651268
-0.0407911
-0.0225746
-0.00889906
0.00434242
0.015779
0.0243882
0.0309874
0.0361633
0.0403083
0.0436974
0.0465303
0.0489487
0.0510656
0.0529562
0.0546945
0.0563149
0.0578784
0.0593837
0.0608996
0.0623762
0.0654465
0.0656802
0.0658993
0.0661253
0.0663474
0.0665513
0.06675
0.0669265
0.0671046
0.0672977
0.0675541
0.0679471
0.0685759
0.0695817
0.0710882
0.0731662
0.0757118
0.0781926
0.0795013
0.0772845
0.0690651
0.0499231
0.0197834
-0.0283634
-0.0959152
-0.185335
-0.300433
-0.509088
-0.795051
-0.971521
-0.747977
-0.588202
-0.793223
-1.02427
-1.1344
-0.998417
-0.682413
-0.471058
-0.300455
-0.201356
-0.132918
-0.0868039
-0.0557382
-0.0327102
-0.0157715
2.81928e-05
0.0132681
0.0229861
0.0302717
0.0358828
0.0403043
0.0438698
0.0468095
0.0492913
0.0514336
0.0533314
0.0550473
0.0566442
0.0581495
0.0596161
0.0610389
0.0624804
0.0638884
0.0656356
0.0658403
0.0660305
0.0662246
0.0664161
0.0665899
0.0667639
0.0669247
0.0671021
0.0673157
0.0676188
0.0680822
0.0687928
0.0698471
0.0712956
0.0730679
0.0748855
0.0759251
0.0750141
0.0696432
0.057975
0.0357826
0.00200719
-0.0511666
-0.132685
-0.260664
-0.45933
-0.725295
-0.967747
-0.895836
-0.702722
-0.778501
-1.05713
-1.23747
-1.13944
-1.0404
-0.830829
-0.565134
-0.410449
-0.269777
-0.17708
-0.115387
-0.073863
-0.0443278
-0.0230569
-0.0042091
0.0110282
0.0219
0.0298596
0.0358723
0.0405345
0.044241
0.04726
0.0497778
0.0519304
0.0538137
0.0555057
0.0570566
0.0585193
0.0599141
0.0612866
0.0626281
0.0639953
0.0653341
0.0657972
0.0659727
0.0661351
0.0662987
0.0664621
0.0666093
0.0667627
0.0669118
0.0670904
0.0673201
0.0676523
0.0681452
0.0688576
0.069826
0.0710114
0.0721973
0.072947
0.0722313
0.0689171
0.0605133
0.0455453
0.0200215
-0.0183855
-0.0801581
-0.189058
-0.376826
-0.620895
-0.816701
-0.891926
-0.734778
-0.743895
-0.990274
-1.2265
-1.22477
-1.08353
-1.05477
-0.938041
-0.655834
-0.478274
-0.358143
-0.235538
-0.151025
-0.0968671
-0.0575704
-0.0302057
-0.00786885
0.00942824
0.0214071
0.0299506
0.0362792
0.0411061
0.0448928
0.0479405
0.0504573
0.0525871
0.0544366
0.0560808
0.0575819
0.058979
0.0603154
0.061605
0.0628867
0.0641488
0.0654424
0.0667124
0.0659318
0.0660789
0.0662144
0.0663492
0.0664868
0.0666101
0.0667454
0.0668834
0.0670588
0.0672908
0.0676214
0.0680859
0.0687031
0.0694399
0.0701611
0.0705173
0.0699517
0.0673415
0.0615563
0.050351
0.0320995
0.00299207
-0.0418893
-0.116638
-0.264324
-0.464887
-0.656915
-0.723677
-0.654373
-0.642109
-0.810103
-1.09492
-1.21561
-1.07964
-1.03034
-0.76846
-0.544926
-0.411045
-0.312078
-0.200425
-0.123441
-0.0725571
-0.0364757
-0.0100605
0.00908309
0.0219202
0.030834
0.037304
0.0421637
0.0459284
0.0489291
0.0513852
0.0534497
0.0552291
0.0568038
0.05823
0.0595562
0.0608112
0.0620295
0.0632198
0.0644146
0.0655997
0.0668209
0.0680228
0.0660402
0.0661597
0.0662696
0.0663774
0.066491
0.0665919
0.066709
0.0668323
0.0669937
0.067205
0.0674917
0.0678587
0.0682758
0.0686382
0.068719
0.0680664
0.0660388
0.0615133
0.053319
0.039503
0.0179636
-0.0151905
-0.0688718
-0.155293
-0.32309
-0.458496
-0.546851
-0.508967
-0.500742
-0.611578
-0.84347
-1.04839
-1.04847
-1.09204
-0.631022
-0.490073
-0.360741
-0.259355
-0.15894
-0.0860153
-0.0396321
-0.0094344
0.0109408
0.0240665
0.0329127
0.0392219
0.0438947
0.0474821
0.0503207
0.0526332
0.0545688
0.056233
0.0577007
0.0590294
0.0602595
0.0614269
0.0625515
0.0636604
0.0647573
0.0658692
0.0669802
0.0681307
0.0692656
0.0661232
0.0662164
0.0663019
0.066384
0.0664746
0.066553
0.0666489
0.0667493
0.0668798
0.06704
0.067233
0.0674277
0.0675424
0.067405
0.0667111
0.0649446
0.0614005
0.0550247
0.0445797
0.028331
0.00338151
-0.0340639
-0.0952494
-0.180587
-0.317217
-0.372523
-0.364816
-0.354577
-0.450749
-0.610329
-0.811374
-0.92335
-1.26038
-0.567058
-0.463213
-0.307236
-0.194208
-0.0996043
-0.0350477
-0.00231258
0.0164112
0.0287333
0.036757
0.0423949
0.0465452
0.0497205
0.0522348
0.0542859
0.0560082
0.0574935
0.0588091
0.0600032
0.0611145
0.0621696
0.0631938
0.0641997
0.0652075
0.0662172
0.0672506
0.0682902
0.069372
0.0704414
0.0661821
0.0662499
0.0663122
0.0663693
0.0664368
0.0664907
0.0665595
0.0666248
0.0667024
0.0667754
0.0668219
0.0667712
0.0664939
0.0657613
0.0642085
0.0612892
0.056267
0.0481775
0.0356912
0.0171578
-0.0110056
-0.0509557
-0.111399
-0.179273
-0.267883
-0.279372
-0.219442
-0.317006
-0.440752
-0.604846
-0.737348
-1.39268
-0.531063
-0.422343
-0.242373
-0.11034
-0.0248542
0.0150767
0.028148
0.0371942
0.0431157
0.047305
0.0504207
0.0528529
0.0548137
0.0564458
0.057841
0.059066
0.0601681
0.0611842
0.0621411
0.063062
0.0639622
0.0648584
0.0657566
0.0666717
0.0676
0.0685592
0.0695305
0.0705457
0.0715517
0.0662177
0.0662611
0.0663009
0.0663333
0.0663763
0.0664016
0.0664347
0.0664494
0.0664488
0.0663972
0.0662452
0.0658862
0.0651486
0.0637598
0.0613179
0.0572739
0.050892
0.0412753
0.0269924
0.00653057
-0.0231835
-0.0612021
-0.112188
-0.15925
-0.230839
-0.178265
-0.201808
-0.320251
-0.454663
-0.577757
-1.35592
-0.475439
-0.344106
-0.151968
-0.012705
0.0326393
0.0490769
0.0513699
0.0529984
0.0545402
0.0559063
0.0571256
0.0582287
0.0592305
0.0601528
0.0610119
0.0618249
0.0626057
0.0633676
0.064121
0.0648767
0.0656408
0.0664229
0.067224
0.0680541
0.0689069
0.069796
0.0707022
0.0716534
0.0725978
0.0662309
0.0662506
0.0662685
0.0662755
0.0662917
0.0662826
0.0662694
0.0662159
0.0661108
0.0658996
0.0655042
0.0647891
0.0635482
0.0614827
0.0581759
0.0530987
0.0455331
0.0346113
0.0189747
-0.0022655
-0.0303879
-0.0636107
-0.10546
-0.141394
-0.205734
-0.167269
-0.162482
-0.230264
-0.349859
-0.463794
-1.2066
-0.398963
-0.229837
-0.0422956
0.0764893
0.0778987
0.110429
0.0732432
0.0676381
0.0648398
0.0634347
0.0628315
0.0626699
0.0627752
0.0630379
0.063401
0.06383
0.0643069
0.0648218
0.0653705
0.065951
0.0665642
0.0672095
0.0678906
0.0686044
0.0693568
0.0701395
0.0709627
0.0718068
0.0726966
0.0735816
0.0662225
0.0662193
0.0662153
0.0661957
0.0661816
0.0661312
0.0660598
0.0659205
0.0656867
0.0652854
0.0646137
0.0635137
0.0617568
0.0590354
0.0549412
0.0489719
0.0404386
0.0285691
0.0125388
-0.00766136
-0.0325933
-0.0638471
-0.0974097
-0.113427
-0.137144
-0.150483
-0.176867
-0.178959
-0.277915
-0.383038
-0.990344
-0.299464
-0.0929741
0.0684518
0.165544
0.102421
0.138505
0.17518
0.0884603
0.0789449
0.0735103
0.0702705
0.0683504
0.0672213
0.0665996
0.0663067
0.0662386
0.0663284
0.0665356
0.0668333
0.0672051
0.0676398
0.0681312
0.0686733
0.0692652
0.0699006
0.0705821
0.0712997
0.072061
0.0728463
0.0736771
0.0745051
0.0661935
0.0661677
0.0661419
0.0660939
0.0660454
0.0659464
0.0658053
0.0655638
0.0651813
0.0645674
0.0636015
0.0621103
0.0598571
0.0565422
0.0517798
0.0450955
0.0359047
0.0237846
0.0086321
-0.00985078
-0.0337157
-0.0620539
-0.0602185
-0.0824299
-0.0926874
-0.118212
-0.178298
-0.213531
-0.235766
-0.328896
-0.715686
-0.154681
0.0461096
0.175291
0.242775
0.115078
0.148234
0.177578
0.228487
0.0977421
0.0865278
0.0797637
0.075465
0.0727167
0.0709389
0.0698053
0.0691063
0.068713
0.0685408
0.0685346
0.0686572
0.0688839
0.0691967
0.0695846
0.0700374
0.0705507
0.0711158
0.0717326
0.07239
0.0730932
0.0738227
0.0745971
0.0753703
0.0661448
0.0660969
0.0660491
0.0659709
0.0658839
0.0657292
0.0655081
0.0651517
0.0646066
0.0637695
0.0625081
0.0606441
0.0579468
0.0541347
0.0488514
0.0416994
0.0323801
0.0209014
0.00694767
-0.0111849
-0.0326968
-0.0348232
-0.0421927
-0.0534454
-0.0550299
-0.081057
-0.141428
-0.230019
-0.261815
-0.300858
-0.424707
0.0121166
0.178707
0.26755
0.303531
0.120485
0.148646
0.172689
0.211221
0.268598
0.102981
0.0914765
0.0842001
0.0793773
0.0761526
0.0739656
0.0724874
0.0715014
0.0708697
0.0704991
0.0703272
0.0703106
0.0704192
0.0706311
0.0709314
0.0713072
0.0717514
0.0722534
0.0728113
0.0734129
0.0740615
0.0747381
0.0754587
0.0761794
0.0660777
0.0660084
0.0659387
0.0658286
0.0656996
0.0654836
0.0651751
0.064696
0.0639828
0.0629247
0.0613852
0.0591916
0.0561287
0.0519387
0.0463311
0.039113
0.0303042
0.019678
0.00586589
-0.0101904
-0.0129854
-0.0192891
-0.022704
-0.0273152
-0.0238397
-0.0486502
-0.0919354
-0.182252
-0.289517
-0.295852
-0.137611
0.17345
0.293234
0.340154
0.342176
0.121935
0.145234
0.16446
0.194399
0.23607
0.294909
0.105631
0.0945787
0.087296
0.0823006
0.0788462
0.0764261
0.0747305
0.073551
0.0727501
0.0722333
0.0719352
0.0718094
0.0718232
0.071952
0.0721787
0.0724882
0.0728715
0.0733171
0.0738211
0.0743711
0.0749685
0.0755949
0.0762642
0.0769347
0.065994
0.0659043
0.0658133
0.0656704
0.0654971
0.0652164
0.064817
0.064214
0.0633372
0.0620743
0.0602931
0.0578337
0.0545014
0.050089
0.044462
0.0376519
0.0294909
0.0189622
0.0067563
0.00486073
-0.000529253
-0.00303503
-0.00522167
-0.00475871
0.00324706
-0.0242906
-0.0566665
-0.100767
-0.241856
-0.31713
0.11277
0.311751
0.383696
0.385629
0.356156
0.121271
0.140393
0.155962
0.1792
0.210266
0.253332
0.306548
0.106656
0.0964141
0.0894136
0.0844688
0.0809528
0.0784258
0.0766079
0.0753069
0.0743917
0.0737705
0.0733785
0.0731687
0.0731073
0.0731683
0.0733331
0.0735856
0.0739155
0.0743104
0.0747652
0.0752673
0.0758165
0.0763955
0.0770159
0.0776383
0.0658961
0.0657878
0.0656769
0.0655016
0.0652835
0.0649379
0.0644491
0.0637282
0.0627031
0.0612661
0.0592954
0.0566476
0.0531686
0.0487673
0.0434753
0.0371752
0.0291168
0.0198301
0.0182532
0.0143934
0.0118971
0.0108736
0.0118201
0.0166834
0.0255044
-0.000443601
-0.0323874
-0.063438
-0.142304
-0.317985
0.308816
0.422723
0.439907
0.40031
0.345943
0.119556
0.135286
0.147987
0.166352
0.190135
0.222047
0.262453
0.303761
0.106694
0.097392
0.0908245
0.0860648
0.0825981
0.0800527
0.0781823
0.0768142
0.0758273
0.0751352
0.0746756
0.0744026
0.0742821
0.0742881
0.0744012
0.0746047
0.0748876
0.0752369
0.0756466
0.0761041
0.0766081
0.0771421
0.0777159
0.0782924
0.0657874
0.0656631
0.065535
0.0653291
0.0650685
0.0646615
0.0640905
0.0632659
0.0621185
0.0605502
0.0584523
0.0557133
0.052267
0.048145
0.0432671
0.0370824
0.0300174
0.0286298
0.0256494
0.0238509
0.0228343
0.024433
0.0284834
0.0362069
0.0490078
0.0350111
-0.00874826
-0.061364
-0.108816
-0.389438
0.468723
0.49418
0.45539
0.385139
0.314373
0.117379
0.130401
0.140887
0.155596
0.174229
0.198755
0.22932
0.263584
0.287762
0.106151
0.0977987
0.0917294
0.0872298
0.0838828
0.0813793
0.0795063
0.0781118
0.0770859
0.0763492
0.0758431
0.0755235
0.0753574
0.0753191
0.0753891
0.0755506
0.075792
0.0761002
0.0764684
0.0768844
0.0773459
0.0778372
0.0783666
0.0788992
0.0656725
0.065536
0.0653947
0.0651622
0.0648641
0.0644037
0.0637635
0.0628576
0.0616232
0.0599741
0.0578261
0.0551343
0.0519248
0.0481462
0.043397
0.0380135
0.036835
0.0344738
0.0330904
0.0324531
0.03354
0.0375176
0.0437453
0.05531
0.0863156
0.0850724
0.0153142
-0.0672478
-0.105382
-0.586871
0.57807
0.509639
0.431913
0.343938
0.266804
0.115064
0.125933
0.134684
0.146648
0.16154
0.180767
0.204678
0.232176
0.257533
0.259292
0.105287
0.0978322
0.0922753
0.0880721
0.0848863
0.0824643
0.0806238
0.0792324
0.0781925
0.0774316
0.0768955
0.0765429
0.0763423
0.0762685
0.0763026
0.0764279
0.0766325
0.0769035
0.0772335
0.0776109
0.0780322
0.0784829
0.0789701
0.0794607
0.0655571
0.0654135
0.0652647
0.065012
0.0646846
0.0641833
0.0634931
0.0625353
0.061255
0.0595862
0.0574955
0.055007
0.052087
0.0484463
0.0443491
0.0433575
0.0415108
0.040398
0.0399643
0.0409395
0.0438822
0.0497775
0.0580893
0.0822672
0.136227
0.148254
0.0640256
-0.0525439
-0.0990787
-0.742129
0.598232
0.474838
0.375721
0.283896
0.207815
0.112782
0.121933
0.129315
0.139178
0.151291
0.166689
0.18567
0.207968
0.231238
0.243167
0.221324
0.104263
0.0976282
0.0925691
0.0886737
0.0856714
0.0833554
0.081571
0.0802041
0.0791684
0.0783989
0.077846
0.0774711
0.0772448
0.077143
0.0771472
0.0772412
0.0774131
0.0776502
0.077945
0.078286
0.0786694
0.0790816
0.0795284
0.0799788
0.0654482
0.0653042
0.0651552
0.0648913
0.064546
0.0640209
0.0633052
0.062329
0.0610518
0.0594468
0.0575331
0.0552918
0.0525144
0.0494099
0.04859
0.0471426
0.0462717
0.0459549
0.0467629
0.0491979
0.0537168
0.061397
0.0769949
0.120152
0.16389
0.134846
0.00997568
-0.0787396
-0.717022
0.530439
0.402017
0.296648
0.210547
0.110621
0.118392
0.12468
0.132914
0.142915
0.155456
0.170809
0.188979
0.209158
0.22484
0.224544
0.103182
0.0972793
0.0926883
0.0890967
0.0862869
0.0840908
0.0823778
0.0810501
0.0800321
0.0792656
0.0787058
0.0783173
0.0780724
0.0779485
0.0779278
0.0779946
0.0781372
0.0783435
0.0786054
0.0789123
0.0792599
0.0796352
0.0800435
0.0804555
0.0653542
0.065218
0.065078
0.0648143
0.0644659
0.0639377
0.063224
0.0622688
0.0610596
0.0596106
0.0579104
0.0558127
0.0534808
0.0528219
0.0516921
0.0510167
0.0508075
0.0514735
0.0534274
0.0571303
0.0632025
0.0754924
0.103321
0.144609
0.182014
0.10323
-0.0276481
-0.574588
0.413916
0.303024
0.201744
0.10862
0.115274
0.120678
0.127631
0.135997
0.146365
0.158961
0.173925
0.191112
0.206827
0.21658
0.102103
0.0968483
0.0926886
0.089388
0.0867711
0.0847012
0.0830688
0.08179
0.080799
0.0800442
0.0794852
0.0790896
0.0788318
0.0786906
0.078649
0.0786921
0.0788084
0.0789862
0.0792175
0.0794922
0.0798056
0.0801459
0.0805173
0.0808924
0.0652846
0.065166
0.0650457
0.064796
0.0644618
0.0639535
0.0632735
0.06239
0.0613196
0.060057
0.0584991
0.0567753
0.0562656
0.0553958
0.0548846
0.0547612
0.0553351
0.0569096
0.0599207
0.0648362
0.0741826
0.0937433
0.123054
0.157625
0.186412
0.0654249
-0.380057
0.262049
0.184511
0.106794
0.112534
0.117216
0.123146
0.130227
0.138907
0.149381
0.161825
0.17637
0.190944
0.204039
0.101063
0.0963772
0.0926102
0.0895828
0.0871536
0.0852112
0.0836639
0.0824401
0.0814825
0.0807455
0.0801929
0.0797953
0.079529
0.0793742
0.079315
0.0793372
0.0794296
0.0795811
0.0797837
0.0800279
0.0803088
0.0806155
0.0809516
0.0812912
0.06525
0.0651601
0.0650716
0.0648513
0.0645504
0.064088
0.0634812
0.0627242
0.0618177
0.0606936
0.0594533
0.0590825
0.0584279
0.0580588
0.0580118
0.0585176
0.0598203
0.0622609
0.0662864
0.0733906
0.087571
0.108931
0.136183
0.163784
0.183879
-0.160011
0.0653932
0.10514
0.110127
0.114214
0.119319
0.125371
0.132721
0.14153
0.151979
0.164303
0.177304
0.19087
0.100081
0.0958941
0.0924818
0.0897075
0.0874574
0.0856403
0.0841796
0.0830138
0.0820937
0.0813787
0.0808366
0.0804407
0.0801693
0.080004
0.0799298
0.0799334
0.0800038
0.0801308
0.0803063
0.0805215
0.0807714
0.0810458
0.081348
0.0816534
0.0652616
0.0652127
0.0651688
0.0649946
0.064748
0.0643626
0.0638708
0.0632627
0.0624877
0.0616373
0.0613946
0.0609221
0.0606772
0.0606999
0.0611645
0.0622601
0.0642745
0.0675522
0.0730958
0.0833516
0.0998123
0.120927
0.144026
0.164613
0.177596
0.103651
0.108013
0.111605
0.116032
0.121252
0.127537
0.135022
0.143876
0.154357
0.165773
0.178558
0.0991676
0.0954172
0.0923236
0.0897819
0.0877006
0.0860042
0.0846292
0.0835226
0.0826421
0.0819518
0.081423
0.0810315
0.0807575
0.080584
0.0804969
0.0804836
0.0805338
0.0806377
0.0807875
0.080975
0.0811952
0.0814385
0.0817081
0.0819805
0.0653312
0.0653358
0.0653501
0.0652397
0.0650713
0.0647946
0.0644369
0.0639583
0.0634149
0.0632968
0.0629798
0.0628461
0.0629335
0.0633762
0.0643224
0.0660052
0.0687059
0.0730635
0.0806624
0.0933597
0.110169
0.129021
0.147398
0.162258
0.169945
0.102315
0.106152
0.109328
0.113197
0.117734
0.123156
0.129574
0.137137
0.146099
0.156052
0.167616
0.0983265
0.0949579
0.0921501
0.0898208
0.0878968
0.0863153
0.0850235
0.0839759
0.0831358
0.0824716
0.0819579
0.0815728
0.081298
0.081118
0.0810195
0.0809908
0.0810221
0.0811041
0.0812294
0.0813903
0.0815817
0.0817951
0.0820332
0.0822738
0.0654701
0.0655414
0.0656279
0.0656004
0.0655336
0.0653812
0.0651482
0.0648724
0.06486
0.0646811
0.0646465
0.0647961
0.0652317
0.0660711
0.067502
0.0697506
0.0732262
0.0789517
0.0888949
0.102285
0.11778
0.133698
0.147859
0.158097
0.162092
0.101118
0.104513
0.107336
0.110739
0.114712
0.119424
0.124971
0.131482
0.139188
0.147851
0.158109
0.0975574
0.0945233
0.0919712
0.0898351
0.0880568
0.0865835
0.0853714
0.0843813
0.0835815
0.0829442
0.0824465
0.0820688
0.0817945
0.0816092
0.0815005
0.0814575
0.0814709
0.0815321
0.0816338
0.081769
0.0819327
0.082117
0.0823247
0.0825344
0.0656892
0.0658408
0.0660139
0.0660866
0.0661338
0.0661031
0.0660504
0.066146
0.0660856
0.0661438
0.0663518
0.0667924
0.0675571
0.0687983
0.0706953
0.0735112
0.0779017
0.0857911
0.0965377
0.109255
0.122842
0.135842
0.146372
0.153114
0.15463
0.100047
0.103067
0.105588
0.108601
0.1121
0.116222
0.121053
0.126696
0.133362
0.140907
0.149928
0.0968578
0.0941173
0.0917938
0.0898329
0.0881888
0.0868167
0.0856803
0.0847455
0.0839851
0.0833744
0.0828931
0.0825236
0.0822505
0.0820606
0.0819426
0.0818861
0.0818824
0.0819235
0.0820024
0.0821126
0.0822496
0.0824056
0.0825837
0.0827635
0.0659982
0.066244
0.0665147
0.0666979
0.0668616
0.0669947
0.0671934
0.067245
0.0673859
0.0676528
0.0681059
0.0688217
0.0699206
0.0715462
0.0738657
0.0773002
0.0836287
0.0923377
0.102792
0.114303
0.125861
0.136144
0.143742
0.147896
0.147804
0.0990896
0.101789
0.104051
0.106732
0.109832
0.11346
0.117693
0.122617
0.128414
0.135001
0.142908
0.0962238
0.0937415
0.0916225
0.0898202
0.0882993
0.0870212
0.0859559
0.0850739
0.0843514
0.0837667
0.0833017
0.0829404
0.0826689
0.082475
0.0823481
0.0822787
0.0822586
0.0822801
0.0823369
0.0824228
0.0825335
0.082662
0.0828114
0.0829619
0.0664065
0.0667547
0.0671316
0.0674296
0.0677413
0.068039
0.0681922
0.0684161
0.0687371
0.0692119
0.0698968
0.0708913
0.0723079
0.0742539
0.0769972
0.082133
0.0892527
0.0978908
0.107601
0.117727
0.127279
0.135209
0.140494
0.142791
0.141686
0.0982341
0.100658
0.102696
0.105093
0.107853
0.111065
0.114796
0.119116
0.124185
0.129954
0.136882
0.0956509
0.0933963
0.0914602
0.0898013
0.0883932
0.0872021
0.0862033
0.0853709
0.0846845
0.0841248
0.0836756
0.0833224
0.0830525
0.0828548
0.0827193
0.0826373
0.082601
0.0826035
0.0826386
0.0827006
0.0827858
0.0828873
0.0830085
0.0831304
0.0669232
0.0673737
0.0678663
0.0683045
0.068709
0.0689608
0.0692601
0.0696404
0.070139
0.0708101
0.0717283
0.0729861
0.0746502
0.0768913
0.0811075
0.0869839
0.0941606
0.102356
0.111137
0.119806
0.127521
0.133479
0.136993
0.137979
0.136264
0.09747
0.0996556
0.101498
0.103651
0.10612
0.108978
0.112283
0.116093
0.120548
0.125618
0.131697
0.0951345
0.0930811
0.0913085
0.0897794
0.0884742
0.0873633
0.0864262
0.0856404
0.0849881
0.084452
0.0840178
0.0836722
0.0834037
0.083202
0.083058
0.0829636
0.0829115
0.0828951
0.0829088
0.0829474
0.0830074
0.0830825
0.0831758
0.0832694
0.0675504
0.0681063
0.0687298
0.069218
0.0695706
0.0699486
0.0703826
0.0709155
0.0715812
0.0724482
0.0735852
0.0750377
0.0769114
0.0804152
0.0853134
0.0913159
0.0982464
0.105829
0.113565
0.120829
0.126927
0.131285
0.133463
0.133544
0.131484
0.0967876
0.0987662
0.100437
0.102379
0.104598
0.107152
0.110094
0.113471
0.117404
0.121876
0.127222
0.0946699
0.0927948
0.0911685
0.0897567
0.0885452
0.087508
0.086628
0.0858856
0.085265
0.084751
0.0843307
0.083992
0.0837245
0.0835187
0.0833661
0.0832592
0.0831913
0.0831562
0.0831488
0.0831642
0.0831993
0.0832481
0.0833137
0.0833802
0.0682883
0.0689737
0.0696027
0.0700368
0.0704952
0.0709911
0.0715555
0.0722315
0.0730623
0.0741114
0.0754042
0.0770096
0.0799577
0.0840838
0.089141
0.0950247
0.101561
0.108402
0.115081
0.12105
0.125771
0.128856
0.130043
0.12951
0.12728
0.0961783
0.0979764
0.0994954
0.101255
0.103257
0.105549
0.108179
0.111185
0.114673
0.11863
0.123346
0.0942524
0.0925358
0.0910405
0.0897348
0.0886084
0.0876388
0.0868114
0.086109
0.0855178
0.0850242
0.0846166
0.0842841
0.0840169
0.0838066
0.0836451
0.0835256
0.0834417
0.083388
0.0833596
0.083352
0.0833622
0.0833848
0.0834234
0.083465
0.0691428
0.0698247
0.0703889
0.0709158
0.0714739
0.0720831
0.0727696
0.073585
0.0745676
0.0757439
0.0771509
0.0796664
0.0831791
0.0874752
0.0924948
0.0981341
0.104151
0.110205
0.115864
0.120685
0.12426
0.126348
0.12681
0.125871
0.123585
0.0956343
0.0972739
0.0986604
0.10026
0.10207
0.104136
0.106497
0.109183
0.112288
0.115804
0.119976
0.0938777
0.0923024
0.0909244
0.0897145
0.0886655
0.0877576
0.0869784
0.0863129
0.0857487
0.0852737
0.0848775
0.08455
0.0842826
0.084067
0.0838963
0.0837639
0.083664
0.0835915
0.0835421
0.0835113
0.0834964
0.0834938
0.083507
0.0835222
0.0699816
0.0705952
0.0712329
0.0718477
0.072501
0.0732159
0.0740198
0.0749624
0.0760497
0.0773146
0.0794892
0.0825156
0.0861965
0.0905052
0.095382
0.100663
0.106098
0.111361
0.116082
0.119907
0.122545
0.123863
0.123802
0.122605
0.120333
0.0951489
0.0966484
0.0979171
0.0993749
0.101019
0.102888
0.105013
0.107425
0.110199
0.113333
0.117035
0.0935418
0.0920927
0.0908198
0.0896966
0.0887177
0.0878662
0.087131
0.0864991
0.0859595
0.0855013
0.085115
0.0847915
0.0845228
0.0843016
0.084121
0.0839753
0.0838591
0.0837677
0.0836969
0.0836427
0.0836033
0.0835771
0.0835622
0.0835443
0.0707408
0.0714203
0.0721282
0.0728271
0.0735687
0.0743837
0.0752936
0.076324
0.0774812
0.0793928
0.0820292
0.0852143
0.0889374
0.0931712
0.0978043
0.102659
0.107487
0.111994
0.115872
0.118853
0.120736
0.121465
0.121033
0.119681
0.117469
0.0947154
0.0960911
0.0972549
0.0985881
0.100086
0.101781
0.103702
0.105874
0.108362
0.111164
0.114459
0.093241
0.0919049
0.0907262
0.0896814
0.088766
0.0879657
0.0872705
0.0866692
0.0861518
0.0857085
0.0853305
0.0850099
0.084739
0.0845113
0.0843204
0.0841609
0.084028
0.0839172
0.0838245
0.0837474
0.0836849
0.0836326
0.0835821
0.0715525
0.0722951
0.0730696
0.0738464
0.0746705
0.0755749
0.0765581
0.0776459
0.0793469
0.0816762
0.0844577
0.0877006
0.0913933
0.0954651
0.0997893
0.104181
0.108407
0.112213
0.115351
0.117626
0.118907
0.119191
0.118502
0.117067
0.114942
0.0943289
0.0955935
0.0966642
0.0978872
0.0992548
0.100799
0.10254
0.104502
0.106742
0.109255
0.112196
0.0929722
0.0917373
0.090643
0.089669
0.088811
0.0880572
0.0873983
0.0868245
0.0863269
0.0858965
0.0855255
0.0852063
0.0849323
0.0846972
0.0844953
0.0843215
0.0841713
0.0840404
0.0839262
0.0838272
0.0837393
0.0836534
0.0724118
0.0732145
0.0740503
0.0748991
0.0757957
0.0767631
0.0777929
0.0793393
0.0814182
0.0838767
0.0867227
0.0899633
0.0935511
0.0974005
0.101373
0.105289
0.10894
0.112112
0.114612
0.116304
0.117111
0.117061
0.116198
0.114731
0.112707
0.0939843
0.0951495
0.0961378
0.0972621
0.0985146
0.0999243
0.101507
0.103286
0.105305
0.107569
0.110201
0.092732
0.0915882
0.0905695
0.0896592
0.0888531
0.0881414
0.0875152
0.0869661
0.0864858
0.0860666
0.0857008
0.085382
0.0851037
0.0848603
0.0846466
0.0844577
0.0842894
0.0841386
0.0840037
0.0838805
0.0837596
0.0733145
0.0741727
0.0750637
0.0759756
0.0769233
0.0779306
0.0793469
0.0812358
0.0834276
0.085951
0.0888112
0.0919865
0.0954153
0.0989987
0.102598
0.106046
0.109162
0.111771
0.113728
0.114945
0.115379
0.115084
0.114108
0.112642
0.110727
0.0936769
0.0947529
0.0956676
0.0967041
0.0978543
0.0991449
0.100588
0.102205
0.104032
0.106077
0.108438
0.0925173
0.0914556
0.0905046
0.089652
0.0888928
0.0882189
0.0876221
0.0870949
0.0866297
0.0862195
0.0858577
0.0855378
0.085254
0.0850014
0.0847749
0.08457
0.0843834
0.0842134
0.0840555
0.0839004
0.0742551
0.0751635
0.0761015
0.077059
0.0780381
0.0793736
0.0811007
0.0830859
0.085339
0.0878852
0.0907068
0.0937688
0.0969971
0.100289
0.10351
0.106511
0.109139
0.111256
0.112756
0.113587
0.113733
0.113258
0.112216
0.110774
0.10897
0.0934026
0.0943989
0.0952474
0.0962054
0.0972644
0.0984491
0.0997684
0.101242
0.1029
0.104751
0.106877
0.0923257
0.0913376
0.0904475
0.0896473
0.0889303
0.0882904
0.0877196
0.0872116
0.0867593
0.0863567
0.0859968
0.0856741
0.085384
0.0851211
0.0848807
0.0846594
0.0844551
0.0842634
0.0840749
0.0752283
0.0761798
0.0771504
0.078136
0.0793944
0.0810122
0.0828194
0.0848596
0.0871387
0.0896633
0.0924045
0.095315
0.098315
0.101302
0.104153
0.106737
0.108927
0.110619
0.111738
0.112258
0.112183
0.111581
0.110505
0.109102
0.107407
0.0931582
0.0940836
0.094872
0.0957593
0.0967369
0.0978271
0.0990365
0.100383
0.101889
0.103571
0.10549
0.0921564
0.0912313
0.0903985
0.0896446
0.0889659
0.088356
0.0878083
0.0873168
0.0868753
0.0864784
0.086118
0.0857922
0.0854944
0.0852198
0.0849649
0.0847275
0.084503
0.0842821
0.0762278
0.0772106
0.0781991
0.0794268
0.0809415
0.0826242
0.0844783
0.0865435
0.0888113
0.091278
0.0939043
0.0966359
0.0993913
0.102073
0.104569
0.10677
0.108574
0.109902
0.110706
0.110978
0.110734
0.110044
0.108958
0.107604
0.106014
0.0929423
0.0938025
0.0945372
0.0953603
0.0962649
0.0972703
0.0983817
0.0996159
0.100991
0.10251
0.104256
0.0920081
0.0911426
0.0903546
0.0896442
0.0889995
0.0884162
0.0878885
0.0874109
0.0869788
0.0865826
0.0862234
0.0858927
0.0855854
0.0852983
0.0850291
0.0847731
0.0845209
0.0772447
0.0782459
0.0794425
0.0809047
0.0824681
0.0841886
0.0860641
0.0881229
0.0903482
0.0927266
0.095212
0.0977465
0.10025
0.102633
0.104798
0.106653
0.108118
0.109138
0.109682
0.109758
0.109388
0.108639
0.10756
0.10626
0.104771
0.0927507
0.0935506
0.0942383
0.0950033
0.0958423
0.0967716
0.0977954
0.0989288
0.100186
0.101578
0.103161
0.0918724
0.091065
0.0903184
0.0896461
0.0890309
0.088471
0.0879604
0.0874948
0.0870668
0.0866748
0.0863137
0.0859754
0.0856577
0.0853582
0.085072
0.0847901
0.0782702
0.0794627
0.0808683
0.0823663
0.0839565
0.0856928
0.0875633
0.089589
0.091745
0.094011
0.0963369
0.0986642
0.100917
0.103014
0.104873
0.106419
0.107591
0.108351
0.108683
0.108604
0.108141
0.107357
0.106297
0.105053
0.10366
0.0925797
0.0933262
0.093971
0.0946838
0.095464
0.0963246
0.0972699
0.098313
0.0994652
0.100739
0.102168
0.0917541
0.0909952
0.0902898
0.089649
0.0890601
0.0885204
0.0880242
0.0875686
0.0871444
0.0867555
0.0863876
0.086041
0.0857128
0.0853981
0.085088
0.07947
0.0808582
0.0822807
0.0837965
0.0853943
0.0871242
0.0889668
0.0909359
0.093001
0.0951367
0.0972913
0.0994077
0.101416
0.103246
0.104826
0.106098
0.107017
0.10756
0.10772
0.10752
0.10699
0.106187
0.105155
0.103969
0.102663
0.0924279
0.0931264
0.0937324
0.094398
0.0951251
0.0959239
0.0967986
0.0977606
0.098819
0.0999865
0.101286
0.0916498
0.0909318
0.0902647
0.0896527
0.089087
0.0885643
0.088083
0.0876305
0.0872153
0.0868197
0.0864461
0.0860911
0.0857497
0.0854131
0.0808446
0.0822422
0.0836666
0.0851831
0.08677
0.0884736
0.0902681
0.0921614
0.0941187
0.0961116
0.0980888
0.0999962
0.101771
0.103352
0.104682
0.105714
0.106417
0.106779
0.1068
0.106507
0.105931
0.105122
0.104122
0.102992
0.101769
0.0922935
0.0929489
0.0935195
0.0941423
0.0948215
0.0955646
0.0963758
0.097265
0.0982392
0.0993112
0.100498
0.0915577
0.0908778
0.0902433
0.0896569
0.0891112
0.0886056
0.0881309
0.0876888
0.0872691
0.0868706
0.0864909
0.0861246
0.0857635
0.0822089
0.0836022
0.0850141
0.0865152
0.0880745
0.0897344
0.0914638
0.0932659
0.0951031
0.0969457
0.098744
0.100448
0.102003
0.103357
0.104463
0.105286
0.105806
0.106017
0.105928
0.105564
0.104957
0.104152
0.103188
0.102114
0.100967
0.0921745
0.0927914
0.0933299
0.093914
0.0945498
0.0952424
0.0959965
0.0968198
0.097719
0.0987042
0.0997906
0.0914771
0.0908314
0.0902254
0.0896614
0.0891343
0.0886413
0.088173
0.0877328
0.0873122
0.0869098
0.0865208
0.0861371
0.0835511
0.0849267
0.0863129
0.087784
0.0893008
0.0909022
0.0925528
0.094252
0.095961
0.0976499
0.099272
0.100782
0.102133
0.10328
0.104188
0.104831
0.105195
0.105283
0.105105
0.104689
0.104063
0.103269
0.102342
0.101322
0.100246
0.0920697
0.0926521
0.0931614
0.0937103
0.0943067
0.0949536
0.095656
0.09642
0.0972517
0.0981599
0.0991567
0.0914072
0.0907916
0.0902104
0.0896665
0.0891555
0.0886662
0.0882079
0.0877681
0.0873455
0.0869359
0.086532
0.0848598
0.0862056
0.0875543
0.0889826
0.0904444
0.091975
0.093536
0.0951242
0.0967005
0.0982359
0.0996871
0.101014
0.102177
0.103139
0.103872
0.104359
0.104593
0.10458
0.104333
0.103878
0.103244
0.102465
0.101576
0.100609
0.0995978
0.0919775
0.0925295
0.0930118
0.093529
0.0940896
0.094695
0.0953507
0.0960609
0.0968319
0.0976704
0.0985864
0.0913469
0.0907574
0.0901984
0.0896714
0.0891676
0.0886921
0.0882355
0.0877953
0.0873676
0.0869457
0.0861252
0.0874304
0.0887313
0.0901059
0.0915022
0.0929525
0.0944162
0.0958884
0.0973305
0.0987154
0.100003
0.10116
0.102151
0.102947
0.103528
0.103882
0.104007
0.103911
0.103611
0.103129
0.102493
0.101734
0.100883
0.0999652
0.0990139
0.091897
0.0924219
0.0928797
0.0933681
0.093896
0.0944637
0.0950769
0.0957385
0.0964547
0.0972302
0.0980744
0.0912949
0.0907285
0.0901888
0.0896738
0.0891832
0.088712
0.0882566
0.0878134
0.087376
0.0873389
0.0885943
0.0898388
0.0911506
0.0924731
0.093836
0.0951974
0.0965512
0.0978605
0.0990998
0.100234
0.101233
0.102068
0.102718
0.103166
0.103407
0.103441
0.103279
0.102937
0.102437
0.101806
0.101069
0.100255
0.0993847
0.098488
0.0918271
0.0923282
0.0927634
0.0932257
0.0937237
0.0942573
0.0948318
0.0954493
0.0961159
0.0968345
0.0976145
0.0912506
0.0907046
0.0901799
0.0896786
0.089195
0.0887269
0.0882707
0.0878203
0.0884939
0.0896918
0.090873
0.0921148
0.0933576
0.0946281
0.0958846
0.0971201
0.0982997
0.0994003
0.100391
0.101246
0.101941
0.102462
0.102795
0.102939
0.102898
0.102683
0.10231
0.101801
0.101178
0.100464
0.0996858
0.0988609
0.0980143
0.091767
0.092247
0.0926616
0.0931003
0.093571
0.0940735
0.0946127
0.0951902
0.0958118
0.0964789
0.0972012
0.0912134
0.0906843
0.0901741
0.0896819
0.0892037
0.088737
0.0882761
0.0895849
0.0907192
0.0918317
0.0929983
0.0941571
0.0953327
0.0964837
0.0976028
0.0986576
0.0996272
0.100484
0.101208
0.10178
0.102186
0.102421
0.102484
0.102381
0.102124
0.101729
0.101215
0.100603
0.099914
0.0991703
0.0983883
0.0975877
0.091716
0.0921775
0.0925731
0.0929904
0.0934361
0.0939103
0.0944174
0.0949584
0.0955391
0.0961596
0.0968299
0.0911823
0.0906671
0.0901695
0.0896843
0.0892096
0.0887408
0.0906078
0.0916741
0.0927141
0.0938019
0.0948744
0.0959543
0.0970007
0.098007
0.0989429
0.0997902
0.100525
0.101131
0.101592
0.101899
0.102049
0.102044
0.10189
0.101601
0.10119
0.100676
0.100078
0.099414
0.0987035
0.097962
0.0972038
0.0916732
0.0921186
0.092497
0.0928949
0.0933178
0.093766
0.0942437
0.0947516
0.0952951
0.095873
0.0964966
0.091156
0.0906552
0.0901658
0.0896861
0.0892119
0.0915601
0.0925551
0.0935205
0.0945275
0.095513
0.0964977
0.0974423
0.0983404
0.0991643
0.0998981
0.100522
0.101021
0.101384
0.101606
0.101683
0.101621
0.101427
0.101112
0.100692
0.100182
0.0995991
0.0989598
0.098281
0.0975776
0.0968586
0.0916383
0.0920694
0.0924324
0.0928126
0.0932146
0.0936393
0.09409
0.0945677
0.0950772
0.0956168
0.0961977
0.0911366
0.0906457
0.0901636
0.0896868
0.0924405
0.0933625
0.0942522
0.0951779
0.096077
0.0969685
0.0978149
0.0986103
0.0993296
0.099959
0.100482
0.100886
0.101164
0.101311
0.101327
0.101218
0.100991
0.100658
0.100232
0.0997283
0.099162
0.0985474
0.0978989
0.0972312
0.0965487
0.0916111
0.0920297
0.0923785
0.0927426
0.0931255
0.0935286
0.0939547
0.0944047
0.0948831
0.0953878
0.0959297
0.0911217
0.0906396
0.0901628
0.0932487
0.0940972
0.0949114
0.0957565
0.0965708
0.0973722
0.0981249
0.0988237
0.099446
0.0999802
0.100412
0.100732
0.100935
0.101018
0.100982
0.100834
0.100582
0.100235
0.0998082
0.0993129
0.0987636
0.0981734
0.0975537
0.0969195
0.0962709
0.0915905
0.0919986
0.0923347
0.0926842
0.0930496
0.0934328
0.0938363
0.0942612
0.0947109
0.0951839
0.0956902
0.0911117
0.0906374
0.0939855
0.094761
0.0955009
0.0962671
0.0969994
0.0977145
0.0983786
0.0989873
0.0995204
0.099968
0.100318
0.100564
0.100701
0.100729
0.100651
0.100471
0.100199
0.0998438
0.099418
0.0989329
0.0984011
0.0978346
0.0972424
0.0966394
0.0960227
0.091577
0.091975
0.0923006
0.0926366
0.092986
0.0933511
0.0937338
0.0941356
0.0945591
0.0950031
0.0954769
0.091108
0.0946526
0.0953566
0.0960242
0.0967139
0.0973675
0.0980008
0.0985819
0.0991073
0.0995587
0.0999282
0.100206
0.100386
0.100467
0.100448
0.100334
0.100129
0.0998415
0.0994815
0.0990593
0.0985858
0.0980717
0.0975282
0.0969622
0.0963885
0.0958017
0.0915723
0.0919593
0.0922751
0.0925996
0.0929343
0.0932826
0.0936461
0.0940266
0.0944261
0.0948437
0.0952876
0.0952524
0.0958869
0.096485
0.0971013
0.0976803
0.0982366
0.0987405
0.0991892
0.0995664
0.0998657
0.100079
0.100202
0.100234
0.100176
0.100032
0.0998068
0.0995089
0.0991469
0.0987304
0.0982693
0.0977729
0.0972516
0.0967107
0.0961643
0.0956058
0.0919534
0.0922583
0.0925717
0.0928942
0.0932266
0.0935727
0.0939332
0.0943107
0.0947042
0.0951205
0.0957877
0.0963555
0.0968872
0.097434
0.0979427
0.0984271
0.0988597
0.0992383
0.0995485
0.0997852
0.0999417
0.100015
0.100006
0.0999145
0.0997458
0.0995052
0.0992001
0.0988386
0.0984294
0.0979813
0.0975026
0.0970028
0.0964858
0.0959649
0.0954331
0.0922528
0.0925534
0.0928634
0.0931828
0.0935122
0.0938548
0.0942117
0.0945833
0.094974
0.0962617
0.0967662
0.0972352
0.0977164
0.0981593
0.0985772
0.0989443
0.0992592
0.0995093
0.0996903
0.099797
0.0998278
0.0997826
0.0996639
0.0994757
0.0992235
0.0989142
0.0985553
0.0981545
0.09772
0.0972589
0.0967797
0.0962856
0.0957885
0.095282
0.0925474
0.0928433
0.0931494
0.0934649
0.09379
0.0941285
0.0944793
0.0948475
0.0966782
0.097123
0.097533
0.0979529
0.0983349
0.0986915
0.0989989
0.0992564
0.0994526
0.0995845
0.0996478
0.0996416
0.0995665
0.0994252
0.0992216
0.0989612
0.0986502
0.0982956
0.0979043
0.0974837
0.0970399
0.0965807
0.0961085
0.0956337
0.0951506
0.0928364
0.0931272
0.0934288
0.0937398
0.0940602
0.0943921
0.0947376
0.0970409
0.0974297
0.097785
0.0981479
0.0984738
0.0987743
0.0990276
0.0992335
0.099382
0.0994707
0.0994963
0.0994586
0.0993585
0.0991989
0.0989836
0.0987178
0.0984073
0.0980584
0.0976774
0.0972709
0.0968442
0.0964041
0.0959529
0.0954989
0.0950392
0.0931192
0.0934045
0.0937008
0.0940055
0.0943207
0.0946457
0.0973538
0.0976907
0.0979952
0.0983057
0.0985801
0.0988297
0.0990343
0.0991941
0.0993004
0.0993514
0.0993446
0.0992802
0.0991595
0.0989853
0.0987614
0.0984927
0.0981845
0.0978425
0.0974725
0.0970801
0.0966702
0.0962487
0.0958176
0.0953834
0.0949455
0.0933954
0.0936745
0.0939643
0.0942625
0.0945704
0.0976208
0.0979097
0.0981676
0.0984301
0.0986577
0.0988613
0.0990222
0.0991412
0.0992104
0.0992288
0.0991943
0.0991076
0.0989701
0.0987846
0.0985549
0.0982854
0.097981
0.097647
0.0972884
0.0969103
0.096517
0.0961133
0.0957013
0.0952864
0.0948688
0.0936643
0.0939365
0.0942195
0.0945101
0.0978459
0.0980907
0.0983061
0.098525
0.0987102
0.0988726
0.0989946
0.0990776
0.0991145
0.0991047
0.0990468
0.0989416
0.0987907
0.0985969
0.0983638
0.0980953
0.0977962
0.0974709
0.0971241
0.0967603
0.0963832
0.095997
0.0956037
0.0952071
0.0948074
0.0939256
0.0941903
0.0944649
0.0980328
0.0982376
0.0984144
0.0985938
0.098741
0.0988666
0.0989542
0.0990056
0.0990146
0.0989808
0.0989034
0.0987832
0.0986219
0.0984224
0.0981878
0.097922
0.0976291
0.0973134
0.0969787
0.0966292
0.0962681
0.0958988
0.0955237
0.095144
0.0947611
0.0941787
0.0944348
0.0981852
0.0983538
0.0984959
0.0986398
0.0987532
0.0988461
0.0989036
0.0989276
0.0989125
0.0988586
0.098765
0.0986328
0.0984639
0.0982608
0.0980267
0.0977649
0.0974793
0.0971737
0.0968515
0.0965161
0.0961709
0.0958185
0.09546
0.0950962
0.0947306
0.0944233
0.0983068
0.0984429
0.0985539
0.0986662
0.0987495
0.0988137
0.0988449
0.0988453
0.0988099
0.0987391
0.0986324
0.0984911
0.098317
0.0981123
0.0978801
0.0976236
0.0973462
0.0970512
0.0967414
0.0964206
0.0960912
0.0957546
0.0954117
0.0950648
0.0947189
0.098401
0.098508
0.0985914
0.0986757
0.0987326
0.0987717
0.0987803
0.0987604
0.098708
0.0986234
0.0985065
0.0983585
0.0981811
0.0979767
0.0977479
0.0974977
0.0972292
0.0969452
0.0966481
0.0963423
0.0960278
0.095706
0.0953796
0.0950531
0.0984709
0.0985522
0.0986112
0.098671
0.0987048
0.0987223
0.0987114
0.0986746
0.0986081
0.0985125
0.0983878
0.0982353
0.0980566
0.0978539
0.0976298
0.0973868
0.0971278
0.0968557
0.096572
0.0962799
0.0959796
0.0956739
0.0953676
0.0985195
0.0985782
0.0986161
0.0986543
0.0986683
0.0986672
0.09864
0.0985891
0.0985112
0.0984071
0.0982768
0.0981217
0.0979434
0.0977438
0.0975254
0.0972905
0.0970417
0.0967815
0.0965112
0.0962324
0.0959476
0.0956618
0.0985497
0.0985888
0.0986083
0.098628
0.0986251
0.0986082
0.0985674
0.098505
0.0984182
0.0983078
0.098174
0.098018
0.0978415
0.0976463
0.0974346
0.0972086
0.0969707
0.0967225
0.0964649
0.0962008
0.0959355
0.0985641
0.0985862
0.09859
0.098594
0.0985768
0.0985468
0.0984949
0.0984234
0.09833
0.0982152
0.0980796
0.0979244
0.097751
0.0975613
0.0973571
0.0971409
0.096914
0.0966774
0.096434
0.096189
0.0985651
0.0985728
0.0985634
0.0985541
0.0985251
0.0984844
0.0984237
0.0983453
0.0982471
0.0981298
0.0979941
0.097841
0.0976719
0.0974886
0.0972931
0.0970868
0.0968708
0.0966475
0.0964224
0.098555
0.0985506
0.0985303
0.0985099
0.0984714
0.0984221
0.0983548
0.0982713
0.0981701
0.098052
0.0979175
0.0977678
0.0976042
0.0974285
0.0972419
0.0970455
0.096842
0.0966363
0.0985358
0.0985213
0.0984922
0.0984629
0.0984169
0.098361
0.0982889
0.0982022
0.0980997
0.0979822
0.0978502
0.0977049
0.0975481
0.0973804
0.0972028
0.0970182
0.0968312
0.0985093
0.0984868
0.0984508
0.0984145
0.0983629
0.0983022
0.0982269
0.0981385
0.0980362
0.0979205
0.0977922
0.0976527
0.0975029
0.0973434
0.0971769
0.0970078
0.0984773
0.0984485
0.0984074
0.0983657
0.0983102
0.0982463
0.0981695
0.0980808
0.0979798
0.0978672
0.0977439
0.0976109
0.0974682
0.0973189
0.097167
0.0984413
0.0984078
0.0983631
0.0983177
0.0982598
0.0981942
0.0981171
0.0980295
0.0979311
0.0978228
0.0977054
0.0975787
0.0974454
0.0973097
0.0984028
0.098366
0.0983192
0.0982714
0.0982125
0.0981464
0.0980703
0.0979848
0.0978902
0.0977871
0.0976756
0.0975572
0.0974367
0.0983629
0.0983241
0.0982765
0.0982276
0.0981689
0.0981036
0.0980295
0.0979473
0.0978574
0.0977595
0.0976552
0.0975491
0.0983228
0.0982833
0.098236
0.098187
0.0981296
0.0980661
0.0979951
0.0979171
0.097832
0.0977408
0.0976477
0.0982835
0.0982442
0.0981982
0.0981503
0.0980951
0.0980344
0.0979673
0.0978937
0.0978148
0.0977339
0.0982459
0.0982076
0.0981639
0.0981181
0.0980658
0.0980087
0.0979457
0.0978779
0.0978083
0.0982107
0.0981743
0.0981339
0.0980904
0.0980419
0.0979887
0.0979312
0.097872
0.0981785
0.0981456
0.0981079
0.0980678
0.0980235
0.0979752
0.0979257
0.0981506
0.0981204
0.0980865
0.0980506
0.0980109
0.0979702
0.0981262
0.098099
0.0980703
0.0980387
0.0980062
0.0981054
0.0980831
0.098059
0.0980342
0.09809
0.0980723
0.0980548
0.0980795
0.0980683
0.0980753
)
;

boundaryField
{
    inlet
    {
        type            zeroGradient;
    }
    outlet
    {
        type            fixedValue;
        value           uniform 0;
    }
    upperWall
    {
        type            symmetryPlane;
    }
    lowerWall
    {
        type            symmetryPlane;
    }
    cylinder
    {
        type            zeroGradient;
    }
    frontAndBack
    {
        type            empty;
    }
}


// ************************************************************************* //
