/*--------------------------------*- C++ -*----------------------------------*\
| =========                 |                                                 |
| \\      /  F ield         | OpenFOAM: The Open Source CFD Toolbox           |
|  \\    /   O peration     | Version:  2506                                  |
|   \\  /    A nd           | Website:  www.openfoam.com                      |
|    \\/     M anipulation  |                                                 |
\*---------------------------------------------------------------------------*/
FoamFile
{
    version     2.0;
    format      ascii;
    arch        "LSB;label=32;scalar=64";
    class       volVectorField;
    location    "150";
    object      U;
}
// * * * * * * * * * * * * * * * * * * * * * * * * * * * * * * * * * * * * * //

dimensions      [0 1 -1 0 0 0 0];

internalField   nonuniform List<vector> 
1340
(
(14.6871 -2.38548 -4.81366e-16)
(12.8522 -2.26786 8.34067e-16)
(10.7152 -2.00914 2.22736e-15)
(4.8264 -1.37126 1.78207e-14)
(18.2223 -2.96836 -5.04966e-15)
(16.2861 -2.84738 1.61022e-15)
(14.162 -2.58757 -7.22464e-16)
(8.37501 -1.75334 5.11113e-15)
(21.4479 -3.38754 1.12187e-14)
(19.0886 -3.22477 -2.53321e-15)
(16.5985 -2.87067 -4.281e-16)
(11.0907 -2.1546 -7.51082e-15)
(24.9122 -3.78007 -2.69352e-15)
(22.053 -3.58104 3.59889e-15)
(19.0981 -3.1244 7.71961e-16)
(13.6334 -2.45779 3.71556e-15)
(28.056 -4.06327 3.91006e-16)
(25.0191 -3.8863 5.24149e-16)
(21.7055 -3.36817 -5.40938e-17)
(16.1714 -2.70835 -4.58223e-15)
(29.4587 -4.10439 -3.7768e-15)
(27.2247 -4.04373 -4.77789e-15)
(24.1601 -3.55465 -4.52678e-17)
(18.703 -2.92851 1.27418e-15)
(29.0026 -3.92538 7.50134e-15)
(27.8235 -3.97726 1.24127e-15)
(25.8455 -3.60816 -8.16073e-17)
(21.0192 -3.09157 8.19173e-16)
(28.3085 -3.72595 -7.86159e-15)
(27.3011 -3.77927 1.91894e-15)
(26.3598 -3.50185 2.73152e-16)
(22.7364 -3.15073 2.2718e-15)
(28.1417 -3.58035 2.82893e-15)
(26.8287 -3.59839 -1.57203e-15)
(26.0917 -3.30834 -8.60296e-16)
(23.6361 -3.08427 -1.70093e-15)
(28.2461 -3.45645 -1.3073e-15)
(26.7835 -3.4666 1.45703e-15)
(25.7456 -3.12305 2.68546e-16)
(23.913 -2.92554 -2.00245e-15)
(28.3402 -3.32737 -7.69103e-16)
(26.9301 -3.34702 -1.90146e-15)
(25.6438 -2.97541 1.09417e-16)
(23.958 -2.73032 8.73223e-16)
(28.3695 -3.18862 -1.19553e-15)
(27.0546 -3.21569 -1.23818e-15)
(25.7218 -2.8474 -9.01377e-17)
(24.0222 -2.53759 1.8126e-15)
(28.3707 -3.04358 4.2688e-15)
(27.116 -3.0715 6.69188e-17)
(25.8404 -2.71915 3.72019e-16)
(24.1604 -2.35938 -1.81482e-15)
(28.3712 -2.89413 -5.57349e-15)
(27.1474 -2.92057 1.884e-15)
(25.9349 -2.58358 1.82115e-16)
(24.3365 -2.19312 1.88797e-15)
(28.3757 -2.74043 4.15397e-15)
(27.1772 -2.76624 -8.9526e-16)
(26.0043 -2.44174 -7.52488e-16)
(24.5129 -2.03312 -1.82557e-15)
(28.3809 -2.58233 -3.15209e-16)
(27.2128 -2.60893 8.12219e-17)
(26.0653 -2.29666 8.35229e-16)
(24.6759 -1.87644 5.41308e-16)
(28.3846 -2.42006 -8.0696e-16)
(27.2516 -2.44825 3.38819e-16)
(26.1284 -2.14958 1.28335e-17)
(24.827 -1.72266 -1.69924e-16)
(28.386 -2.25391 -3.21916e-16)
(27.2904 -2.28412 3.15204e-16)
(26.1955 -2.00079 -7.26513e-16)
(24.971 -1.57207 3.77206e-16)
(28.3854 -2.08421 2.00949e-15)
(27.3278 -2.1169 -7.02525e-16)
(26.2651 -1.85034 -5.39611e-16)
(25.1108 -1.42477 5.78687e-16)
(28.3827 -1.91126 -1.98395e-16)
(27.3635 -1.94693 1.41739e-16)
(26.3355 -1.69806 9.73883e-17)
(25.247 -1.28048 -1.37262e-16)
(28.3778 -1.73544 6.12634e-17)
(27.3975 -1.77464 6.37432e-16)
(26.4057 -1.54418 8.698e-16)
(25.3791 -1.13907 -1.90562e-16)
(28.3706 -1.55715 1.01275e-15)
(27.4297 -1.60045 -6.6195e-16)
(26.4751 -1.38893 -2.58695e-16)
(25.5067 -0.999944 -4.98986e-17)
(28.3609 -1.37682 -1.97423e-15)
(27.4598 -1.42476 6.39699e-16)
(26.5434 -1.23261 2.40553e-16)
(25.6294 -0.86298 -8.45e-18)
(28.3485 -1.19496 2.94422e-16)
(27.4876 -1.24796 -3.27311e-16)
(26.61 -1.07536 -3.23506e-16)
(25.7471 -0.727647 2.27104e-17)
(28.3332 -1.01209 3.0224e-16)
(27.5128 -1.07053 9.17148e-16)
(26.6744 -0.917573 6.11727e-16)
(25.8596 -0.593843 -1.58844e-16)
(28.3151 -0.828709 5.60744e-16)
(27.535 -0.892884 -4.47547e-16)
(26.7363 -0.759426 -9.4687e-16)
(25.9666 -0.461316 1.25477e-16)
(28.2938 -0.645487 -5.57386e-16)
(27.5541 -0.71559 -1.39552e-15)
(26.7951 -0.601402 -1.05151e-16)
(26.0682 -0.329988 -1.5489e-16)
(28.2695 -0.462929 -4.9513e-16)
(27.5699 -0.538957 7.65471e-16)
(26.8503 -0.443626 -1.56071e-16)
(26.1641 -0.199558 2.80019e-16)
(28.2418 -0.281647 8.3923e-16)
(27.582 -0.363616 5.48358e-16)
(26.9018 -0.286585 6.58886e-16)
(26.2543 -0.0699363 -2.38556e-16)
(28.2109 -0.1023 -9.48605e-16)
(27.5904 -0.189939 -6.15469e-16)
(26.9489 -0.130504 -3.67731e-16)
(26.3385 0.0589588 5.78105e-16)
(28.1767 0.0745879 1.14334e-15)
(27.5948 -0.0184852 9.32523e-16)
(26.9914 0.024171 9.58311e-16)
(26.4166 0.187175 -1.02556e-15)
(28.1391 0.248406 -5.43782e-16)
(27.5951 0.150367 -6.17647e-16)
(27.0291 0.177117 -5.8161e-16)
(26.4886 0.314585 4.21522e-16)
(28.0984 0.418579 -2.99411e-16)
(27.5912 0.316105 8.52146e-16)
(27.0616 0.328014 -2.43017e-16)
(26.5542 0.441155 -2.36374e-16)
(28.4841 0.769653 1.25665e-15)
(28.0544 0.584627 4.77543e-16)
(27.5832 0.478282 -2.68751e-16)
(27.089 0.476431 9.92e-16)
(26.6134 0.566709 1.52867e-16)
(28.4041 0.927179 -1.39114e-15)
(28.0074 0.746005 4.95842e-16)
(27.5709 0.636512 -1.09807e-15)
(27.1111 0.622057 -6.86949e-16)
(26.6662 0.691044 -5.28479e-16)
(28.3225 1.07908 3.39335e-16)
(27.9575 0.902304 -5.76605e-16)
(27.5545 0.790388 2.71556e-16)
(27.1277 0.764547 -1.00055e-17)
(26.7126 0.813941 1.85497e-16)
(28.2396 1.22499 -2.00043e-16)
(27.905 1.05314 5.51835e-17)
(27.534 0.939555 7.36934e-16)
(27.139 0.903583 3.83378e-16)
(26.7525 0.93515 6.32919e-16)
(28.1556 1.36462 6.13074e-16)
(27.8499 1.19816 -9.62395e-17)
(27.5095 1.08368 -7.49563e-16)
(27.145 1.03884 4.95499e-16)
(26.7861 1.05438 -2.36999e-16)
(28.071 1.49775 -8.8277e-16)
(27.7926 1.33709 2.08468e-16)
(27.4812 1.22248 7.36112e-16)
(27.1459 1.17003 1.24675e-16)
(26.8133 1.17134 5.38327e-17)
(27.9861 1.62423 -4.06414e-16)
(27.7333 1.46972 -5.26212e-16)
(27.4494 1.35571 -5.51267e-16)
(27.1416 1.2969 -1.15193e-15)
(26.8345 1.28574 -3.0294e-16)
(27.9012 1.74397 3.58216e-16)
(27.6724 1.5959 -3.30705e-17)
(27.4143 1.48318 2.81523e-16)
(27.1327 1.4192 4.75658e-16)
(26.8497 1.3973 -2.2686e-16)
(27.8166 1.85696 4.39101e-16)
(27.6102 1.71554 8.03206e-16)
(27.3763 1.60476 1.06574e-16)
(27.1192 1.53675 3.78384e-16)
(26.8593 1.50573 -1.28002e-17)
(27.7325 1.96322 -4.8218e-17)
(27.5468 1.8286 -3.76317e-16)
(27.3355 1.72033 -4.63502e-16)
(27.1016 1.64937 4.50664e-17)
(26.8635 1.61079 5.74441e-16)
(27.6493 2.06282 -7.14819e-16)
(27.4827 1.93508 2.77937e-16)
(27.2923 1.82984 3.73044e-16)
(27.0801 1.75693 -3.52938e-16)
(26.8626 1.71222 -5.76052e-16)
(27.5671 2.15591 2.54958e-17)
(27.4181 2.03507 4.81067e-16)
(27.2469 1.93329 9.89796e-17)
(27.0549 1.85932 2.96705e-16)
(26.857 1.80982 2.46027e-17)
(27.5987 2.3686 4.36355e-18)
(27.4864 2.24268 -9.68645e-17)
(27.3533 2.1287 -1.5384e-16)
(27.1999 2.03071 5.06382e-16)
(27.0266 1.9565 -4.0708e-16)
(26.8469 1.90341 5.8053e-16)
(27.5068 2.44045 1.12194e-16)
(27.4071 2.32334 1.31352e-16)
(27.2886 2.21611 1.46567e-16)
(27.1515 2.12219 -6.6069e-16)
(26.9955 2.04844 4.19142e-17)
(26.8328 1.99285 -4.96997e-16)
(27.4178 2.50684 -8.55342e-17)
(27.3295 2.39811 2.3641e-16)
(27.2242 2.29749 3.33106e-18)
(27.1019 2.20785 -2.81917e-16)
(26.9618 2.13517 4.05308e-16)
(26.815 2.07804 2.01756e-16)
(27.3317 2.56804 -3.07168e-16)
(27.2536 2.46724 -1.63235e-16)
(27.1603 2.37306 -3.61232e-16)
(27.0515 2.28782 3.86358e-16)
(26.926 2.21674 -6.03433e-16)
(26.7939 2.15891 -2.21901e-16)
(27.2487 2.62434 3.6289e-16)
(27.1797 2.53104 6.11825e-17)
(27.0971 2.44306 4.1373e-16)
(27.0005 2.36229 -4.45195e-16)
(26.8884 2.29322 -3.01685e-17)
(26.7699 2.2354 1.4958e-16)
(27.1686 2.67604 -1.46029e-16)
(27.1078 2.58977 1.34879e-16)
(27.0349 2.50775 6.43437e-17)
(26.9493 2.43146 4.61446e-17)
(26.8493 2.36474 1.56602e-16)
(26.7433 2.30754 4.12977e-16)
(27.0915 2.7234 2.44692e-17)
(27.038 2.64374 -3.37636e-17)
(26.9737 2.5674 -1.3057e-16)
(26.898 2.49556 3.91382e-17)
(26.8091 2.43144 -1.15595e-16)
(26.7144 2.37535 -3.41389e-16)
(27.0173 2.76671 -6.35399e-16)
(26.9703 2.6932 -3.60696e-17)
(26.9137 2.62228 -2.12752e-17)
(26.8469 2.5548 2.36637e-16)
(26.768 2.49347 3.80668e-16)
(26.6837 2.4389 6.144e-17)
(26.9458 2.80624 1.94633e-16)
(26.9046 2.73847 -7.63071e-17)
(26.855 2.67265 9.84669e-17)
(26.7961 2.60943 -4.27966e-16)
(26.7262 2.55101 -3.07539e-16)
(26.6514 2.49827 -2.9241e-16)
(26.9066 2.90564 -1.42059e-16)
(26.8772 2.84225 -2.24938e-16)
(26.8411 2.7798 7.17702e-17)
(26.7975 2.7188 1.5958e-16)
(26.7458 2.65968 2.81261e-16)
(26.684 2.60424 8.02477e-17)
(26.6178 2.55356 4.84293e-16)
(26.837 2.93322 2.16151e-16)
(26.8113 2.875 -1.50414e-16)
(26.7797 2.81748 1.9439e-16)
(26.7416 2.761 5.22948e-17)
(26.6962 2.70582 -8.36323e-17)
(26.6416 2.65337 -1.97611e-16)
(26.5832 2.60493 6.1904e-17)
(26.7704 2.95821 -1.57571e-16)
(26.7479 2.90473 2.949e-16)
(26.7204 2.85175 2.54642e-17)
(26.6871 2.7995 -3.86787e-16)
(26.6473 2.74808 3.80487e-16)
(26.5993 2.6986 -1.8997e-16)
(26.5478 2.6525 -2.06944e-16)
(26.7067 2.9808 -2.42048e-16)
(26.6872 2.93167 -5.63334e-18)
(26.6632 2.88288 -3.41468e-17)
(26.6341 2.83457 4.41876e-16)
(26.5993 2.78671 9.7634e-18)
(26.5571 2.74015 -3.17956e-16)
(26.5118 2.69645 5.59195e-16)
(26.6458 3.00117 -5.43332e-17)
(26.6288 2.95601 7.36173e-17)
(26.6079 2.91109 4.50108e-17)
(26.5826 2.86644 -1.20709e-16)
(26.5523 2.82195 2.099e-16)
(26.5153 2.77822 -2.44065e-16)
(26.4756 2.73693 9.25222e-17)
(26.5874 3.01948 -2.41284e-17)
(26.5727 2.97795 -1.60246e-16)
(26.5546 2.93658 1.89617e-17)
(26.5326 2.89533 -9.10492e-17)
(26.5062 2.85401 3.45071e-17)
(26.4739 2.81302 -2.3474e-16)
(26.4392 2.77412 2.26149e-16)
(26.5315 3.03589 1.06344e-16)
(26.5188 2.99768 -5.61817e-17)
(26.5032 2.95957 -7.36621e-17)
(26.4842 2.92146 3.75651e-16)
(26.4612 2.88311 2.70323e-16)
(26.433 2.84474 -1.83457e-16)
(26.4028 2.80819 1.98913e-17)
(26.4867 3.08591 -1.36136e-17)
(26.4781 3.05057 1.24475e-16)
(26.4671 3.01538 -8.40767e-17)
(26.4536 2.98025 1.30074e-16)
(26.4372 2.94503 -1.30401e-17)
(26.4173 2.90945 4.9805e-17)
(26.3927 2.87358 -3.22087e-17)
(26.3665 2.8393 9.74851e-17)
(26.4344 3.09624 -7.20897e-17)
(26.427 3.06365 -1.89329e-16)
(26.4176 3.0312 1.57488e-16)
(26.406 2.99879 1.72343e-16)
(26.3917 2.96623 5.46135e-17)
(26.3746 2.93323 -2.01709e-16)
(26.3532 2.89972 1.49294e-16)
(26.3305 2.86763 -2.41249e-16)
(26.3847 3.10538 -5.83465e-17)
(26.3783 3.07527 8.45124e-17)
(26.3703 3.04532 9.12517e-18)
(26.3603 3.01539 -2.11496e-16)
(26.348 2.98528 1.25361e-16)
(26.3332 2.95467 3.91215e-17)
(26.3146 2.92338 1.27145e-16)
(26.2949 2.89338 -3.07404e-17)
(26.3374 3.11335 -1.05633e-16)
(26.332 3.08551 5.61511e-17)
(26.3251 3.05783 -3.11704e-17)
(26.3165 3.03017 -1.46128e-16)
(26.306 3.00231 4.67093e-16)
(26.2932 2.97389 -3.31171e-16)
(26.2771 2.94469 -1.42231e-16)
(26.2601 2.91667 -3.6035e-17)
(26.2924 3.12035 1.22424e-16)
(26.2878 3.09456 -7.95411e-18)
(26.282 3.06894 5.0515e-17)
(26.2747 3.04335 -1.21958e-16)
(26.2657 3.01754 -8.7054e-17)
(26.2547 2.99117 5.45786e-17)
(26.2408 2.96391 6.85198e-17)
(26.2261 2.93776 9.17379e-17)
(26.2495 3.12621 7.09571e-17)
(26.2458 3.10228 -9.12437e-18)
(26.2409 3.07854 -1.70716e-16)
(26.2348 3.05484 -2.45333e-18)
(26.2271 3.03092 1.37049e-16)
(26.2178 3.00643 -2.80308e-16)
(26.2059 2.98099 6.08751e-17)
(26.1933 2.95659 -1.66825e-16)
(26.2144 3.13056 1.2785e-16)
(26.2112 3.10807 -1.37368e-16)
(26.2069 3.0858 2.22028e-16)
(26.2015 3.06359 -5.84488e-17)
(26.1947 3.04119 -7.16049e-17)
(26.1865 3.01823 -6.21687e-17)
(26.176 2.99432 2.22916e-16)
(26.1649 2.97143 -9.62331e-17)
(26.1881 3.15551 -2.65687e-17)
(26.1859 3.13386 -7.18436e-17)
(26.1829 3.11253 2.55643e-17)
(26.179 3.09144 4.1489e-17)
(26.174 3.07044 -1.15833e-16)
(26.1678 3.04927 7.14859e-17)
(26.1602 3.02758 2.43183e-16)
(26.1505 3.00495 -2.96612e-16)
(26.1404 2.98337 1.37019e-16)
(26.1591 3.15727 -7.11507e-18)
(26.1572 3.1367 2.16859e-17)
(26.1545 3.11646 -1.51502e-16)
(26.1509 3.09649 8.26539e-17)
(26.1463 3.07664 5.60457e-17)
(26.1406 3.05664 2.73954e-17)
(26.1337 3.03616 -2.05609e-16)
(26.1248 3.01476 7.75183e-17)
(26.1156 2.99439 1.21894e-16)
(26.1297 3.15908 1.65773e-18)
(26.128 3.13966 1.34462e-16)
(26.1256 3.12061 1.12995e-16)
(26.1224 3.10184 -4.18294e-17)
(26.1184 3.08321 2.94303e-17)
(26.1133 3.06445 -7.79622e-17)
(26.107 3.04523 1.61093e-16)
(26.0989 3.02512 -5.30686e-16)
(26.0904 3.00609 2.33009e-16)
(26.1006 3.15933 9.15949e-20)
(26.0991 3.14077 1.21315e-16)
(26.097 3.12259 -2.53722e-16)
(26.0942 3.10475 -1.6113e-17)
(26.0905 3.08708 1.447e-16)
(26.0859 3.06935 -1.74234e-16)
(26.0803 3.05121 3.41922e-16)
(26.0731 3.03217 -3.3653e-16)
(26.0657 3.01412 3.4241e-16)
(26.0706 3.16216 -3.21901e-17)
(26.0693 3.14495 -8.48874e-17)
(26.0676 3.12812 1.16514e-16)
(26.0651 3.11161 7.23238e-17)
(26.062 3.09527 -3.461e-16)
(26.058 3.07884 2.31716e-16)
(26.0531 3.06201 2.08376e-16)
(26.0466 3.04441 -8.80801e-17)
(26.0395 3.02801 -1.17588e-16)
(26.0434 3.157 -1.66808e-17)
(26.0424 3.13996 -2.8713e-17)
(26.0409 3.12338 7.16077e-17)
(26.0388 3.10723 -5.34904e-18)
(26.0359 3.09136 -9.67686e-17)
(26.0322 3.07551 -1.37267e-16)
(26.0278 3.05937 2.07143e-16)
(26.0223 3.04226 -2.59608e-17)
(26.0172 3.02601 4.09311e-17)
(26.0113 3.16885 3.01881e-17)
(26.0105 3.15409 -2.52932e-17)
(26.0095 3.13968 -1.10275e-16)
(26.008 3.12554 -2.3841e-17)
(26.0059 3.11155 1.71454e-17)
(26.0032 3.09747 2.0236e-17)
(25.9995 3.08306 3.30549e-17)
(25.994 3.06821 -4.37543e-17)
(25.9873 3.05481 7.75978e-17)
(25.9927 3.14043 -1.77563e-17)
(25.9922 3.12388 -5.61906e-17)
(25.9912 3.10798 -2.68564e-17)
(25.9895 3.0927 5.93225e-17)
(25.9872 3.07789 1.95979e-17)
(25.9843 3.06327 -9.21043e-18)
(25.981 3.04845 1.19208e-16)
(25.9781 3.03228 -5.91492e-17)
(25.9764 3.0168 -9.01038e-17)
(25.9492 3.19613 1.53659e-16)
(25.9493 3.18476 -5.63996e-17)
(25.9495 3.17347 1.74802e-17)
(25.9493 3.16227 -1.91848e-16)
(25.9488 3.15109 -5.35431e-17)
(25.9476 3.13978 2.02608e-16)
(25.9453 3.12826 1.41425e-16)
(25.9395 3.11722 -1.73744e-16)
(25.931 3.10779 2.35844e-17)
(25.958 3.09513 4.64325e-17)
(25.9588 3.0759 1.22699e-17)
(25.9585 3.05796 7.2143e-18)
(25.9576 3.0411 1.07302e-16)
(25.9562 3.02516 -1.28564e-16)
(25.9542 3.01001 1.60944e-16)
(25.9521 2.99522 -1.74822e-17)
(25.9505 2.98034 -1.79157e-16)
(25.9526 2.96301 -7.22148e-17)
(25.9579 2.94703 1.73512e-17)
(25.8716 3.30583 7.29702e-18)
(25.8725 3.30042 4.84658e-18)
(25.8739 3.29348 -5.98011e-18)
(25.8756 3.28642 -5.52808e-17)
(25.8773 3.27942 -4.17223e-17)
(25.8787 3.27228 2.29935e-17)
(25.8793 3.26508 -2.66688e-17)
(25.878 3.25781 -2.6693e-17)
(25.8695 3.25307 4.26243e-17)
(25.8559 3.24788 6.63106e-17)
(25.9883 2.90143 -3.50227e-18)
(25.9877 2.87862 -7.81835e-17)
(25.9888 2.85706 3.53646e-17)
(25.9917 2.83654 2.03609e-16)
(25.994 2.81709 -3.71927e-16)
(25.9951 2.79856 1.08947e-16)
(25.9965 2.78035 3.85454e-16)
(26.0001 2.76189 -3.6919e-16)
(26.0123 2.74145 6.17712e-17)
(26.0324 2.72397 -1.0989e-17)
(13.1613 0.719818 2.68402e-17)
(10.2424 0.457437 -9.08942e-19)
(10.2051 0.252007 -4.68385e-17)
(11.7776 0.108237 -1.44436e-18)
(13.9784 0.0329839 6.81649e-18)
(16.3907 -0.00562879 -1.04013e-17)
(18.7847 -0.0276061 -9.08923e-19)
(20.8673 -0.0515313 1.368e-18)
(22.2755 -0.0870351 2.77646e-18)
(22.8625 -0.13285 9.45854e-18)
(22.9789 -0.184213 -2.97508e-18)
(23.0665 -0.237442 1.05923e-17)
(23.2385 -0.28195 -2.08897e-18)
(23.4575 -0.313132 2.32537e-18)
(23.6786 -0.330276 -9.99265e-18)
(23.8838 -0.334754 8.62722e-18)
(24.0738 -0.32821 1.29357e-17)
(24.2542 -0.311574 -5.24367e-18)
(24.4283 -0.285605 -1.38921e-17)
(24.597 -0.251115 4.39618e-18)
(24.7598 -0.209051 1.1125e-18)
(24.9164 -0.159683 2.42085e-17)
(25.0664 -0.10435 -3.16841e-17)
(25.2098 -0.0430039 1.21267e-17)
(25.3464 0.0233263 -1.65384e-17)
(25.4762 0.0945926 1.00683e-17)
(25.5993 0.170124 -1.6343e-17)
(25.7157 0.249594 1.27321e-19)
(25.8255 0.332474 -1.91386e-17)
(25.9286 0.418291 -2.55811e-17)
(26.025 0.506741 -9.19801e-18)
(26.1149 0.597372 2.16405e-19)
(26.198 0.689899 3.74894e-18)
(26.2746 0.784005 6.62622e-19)
(26.3445 0.879315 2.4805e-17)
(26.4077 0.975504 7.95537e-19)
(26.4644 1.07224 1.68568e-18)
(26.5146 1.16912 -1.87321e-17)
(26.5583 1.26582 -2.5679e-18)
(26.5956 1.36192 2.39607e-18)
(26.6266 1.45711 -3.10876e-17)
(26.6517 1.55096 -2.04271e-16)
(26.671 1.64318 1.21808e-17)
(26.6848 1.7334 2.40494e-17)
(26.6933 1.82131 -1.4513e-17)
(26.6967 1.90664 -4.48719e-18)
(26.6955 1.98912 1.4111e-16)
(26.6899 2.06854 -2.59943e-17)
(26.6803 2.14472 2.36398e-17)
(26.6671 2.21749 1.82243e-17)
(26.6506 2.28677 -6.84e-17)
(26.6311 2.35247 1.54863e-16)
(26.609 2.41456 7.53969e-18)
(26.5847 2.47302 -2.24103e-17)
(26.5584 2.52788 -1.31282e-16)
(26.5304 2.5792 1.00389e-16)
(26.501 2.62704 7.50949e-19)
(26.4705 2.67151 -1.49472e-16)
(26.4392 2.71271 -1.37381e-17)
(26.4072 2.75077 4.50843e-17)
(26.3748 2.78581 -2.67077e-16)
(26.342 2.81797 6.5869e-17)
(26.3091 2.84738 -1.96306e-19)
(26.2764 2.87423 3.43038e-18)
(26.244 2.89862 -2.03676e-16)
(26.2122 2.9208 1.03143e-16)
(26.1813 2.94069 -4.02101e-20)
(26.1543 2.95641 5.68412e-18)
(26.1308 2.96914 6e-19)
(26.1071 2.98088 -3.00176e-16)
(26.0827 2.99362 -7.47247e-17)
(26.0592 3.00198 2.99861e-17)
(26.0333 3.0176 7.98911e-17)
(26.0128 3.01472 -2.22237e-19)
(25.9819 3.04717 -1.05488e-19)
(25.9748 3.00527 5.15632e-19)
(25.9254 3.10415 6.00196e-17)
(25.9599 2.93423 4.74161e-18)
(25.8499 3.24839 -3.37479e-17)
(26.041 2.71403 1.98074e-19)
(18.8429 1.0562 -2.83597e-17)
(16.1188 0.823067 5.22493e-18)
(14.6302 0.5977 2.4599e-17)
(14.6525 0.430441 9.43739e-18)
(15.768 0.343365 -6.28823e-18)
(17.457 0.318156 2.73991e-17)
(19.3669 0.338222 7.6825e-18)
(21.2197 0.388127 -2.31688e-18)
(22.6954 0.445065 -5.50589e-17)
(23.4907 0.484644 -6.86967e-17)
(23.654 0.49774 2.15619e-17)
(23.6413 0.495389 -2.76031e-17)
(23.7085 0.491825 -1.0021e-17)
(23.8423 0.488553 -4.67701e-18)
(23.9893 0.483964 1.74604e-17)
(24.1273 0.478407 -1.29741e-17)
(24.2554 0.473038 -1.6542e-17)
(24.379 0.469006 5.61592e-18)
(24.502 0.467363 1.22198e-17)
(24.6252 0.469078 -1.87176e-17)
(24.7481 0.474615 -1.42741e-17)
(24.8699 0.484894 -5.92484e-18)
(24.9899 0.499868 1.65559e-17)
(25.1076 0.520357 -1.07564e-18)
(25.2226 0.546046 7.1673e-19)
(25.3345 0.577235 -3.19806e-18)
(25.443 0.613639 9.33611e-18)
(25.5477 0.655322 -1.241e-17)
(25.6484 0.702085 7.85267e-18)
(25.7448 0.75365 -4.61433e-18)
(25.8366 0.8098 -3.89534e-18)
(25.9236 0.87012 8.12279e-18)
(26.0056 0.934271 -2.44922e-17)
(26.0825 1.00189 3.81315e-19)
(26.1541 1.07254 1.81552e-17)
(26.2203 1.14581 1.99311e-17)
(26.2809 1.22132 -1.78327e-17)
(26.336 1.29858 -2.64509e-17)
(26.3854 1.37724 -1.93372e-18)
(26.4292 1.4568 6.59822e-17)
(26.4673 1.53691 -5.83826e-18)
(26.4999 1.61709 1.837e-16)
(26.5271 1.697 1.04141e-17)
(26.549 1.77622 4.01557e-17)
(26.5658 1.85437 -1.30307e-17)
(26.5775 1.9311 -7.69136e-17)
(26.5846 2.0061 -1.28103e-16)
(26.5872 2.07907 -2.48302e-17)
(26.5856 2.14975 1.8906e-17)
(26.5801 2.21792 2.97073e-17)
(26.571 2.28337 3.77835e-17)
(26.5586 2.34597 3.99527e-17)
(26.5432 2.4056 3.74043e-17)
(26.5251 2.46217 -8.41742e-18)
(26.5047 2.51563 -2.59191e-18)
(26.4822 2.56596 -2.08463e-16)
(26.4578 2.61317 8.22201e-19)
(26.432 2.65732 1.23939e-16)
(26.4049 2.69844 5.65864e-18)
(26.3767 2.73663 -4.7952e-17)
(26.3478 2.77195 1.63597e-16)
(26.3182 2.80452 -1.26928e-16)
(26.2881 2.83443 2.51647e-16)
(26.2579 2.86184 4.07294e-18)
(26.2278 2.88683 -5.71581e-17)
(26.198 2.90965 2.49906e-18)
(26.1689 2.93019 -4.93961e-20)
(26.1434 2.94645 7.04104e-18)
(26.121 2.9597 7.42905e-19)
(26.0984 2.97187 1.8274e-16)
(26.075 2.98534 7.29788e-17)
(26.0526 2.99385 -3.03136e-17)
(26.0276 3.01076 -8.10629e-17)
(26.008 3.00717 -7.87779e-17)
(25.978 3.04221 -6.04119e-17)
(25.971 2.99784 5.12151e-17)
(25.9241 3.1015 -6.1146e-17)
(25.9553 2.92706 -3.39892e-18)
(25.8538 3.24729 7.53928e-19)
(21.6143 1.26961 -5.26122e-18)
(19.6937 1.12775 1.08933e-18)
(17.9961 0.956342 -1.21741e-18)
(17.0787 0.795252 -1.4003e-18)
(17.1499 0.682143 -1.7082e-17)
(18.0486 0.627484 5.82729e-19)
(19.4533 0.622408 -4.84229e-18)
(21.0593 0.653549 -5.07775e-18)
(22.5752 0.704281 8.33068e-18)
(23.6834 0.750547 2.16606e-17)
(24.1602 0.770171 -7.93525e-18)
(24.1963 0.764734 -1.12707e-17)
(24.1897 0.756792 1.56722e-17)
(24.27 0.756327 -2.34769e-18)
(24.3829 0.759903 1.64475e-17)
(24.4863 0.764876 -2.62497e-17)
(24.5766 0.770984 -1.08508e-17)
(24.6607 0.778377 1.52281e-17)
(24.7437 0.787187 3.90499e-17)
(24.8276 0.797688 1.16859e-17)
(24.9123 0.809744 2.02766e-17)
(24.9974 0.823645 2.09862e-19)
(25.0826 0.83936 -6.30188e-18)
(25.1677 0.857377 -3.95754e-17)
(25.2525 0.877707 3.17901e-17)
(25.3366 0.900756 7.34198e-18)
(25.4199 0.926618 5.15486e-18)
(25.5022 0.955625 1.18937e-17)
(25.5831 0.987943 -1.39246e-17)
(25.6624 1.02368 5.52733e-18)
(25.7397 1.06299 -1.68266e-18)
(25.8146 1.10582 1.40326e-18)
(25.8869 1.15215 4.25396e-19)
(25.9561 1.20189 2.36797e-19)
(26.0221 1.25485 7.33824e-18)
(26.0844 1.31082 -1.87563e-17)
(26.1429 1.36955 2.38526e-17)
(26.1973 1.43072 2.59378e-18)
(26.2474 1.49403 -1.49608e-18)
(26.2929 1.55911 -6.18124e-17)
(26.3339 1.62562 -3.58081e-17)
(26.3702 1.69314 -1.40361e-16)
(26.4018 1.76135 8.77946e-18)
(26.4288 1.82984 2.86644e-17)
(26.4511 1.89823 1.06233e-17)
(26.4687 1.96616 -1.14644e-17)
(26.482 2.03329 1.0523e-16)
(26.4909 2.0993 -2.24227e-17)
(26.4957 2.16389 2.5075e-17)
(26.4966 2.22677 -2.14372e-17)
(26.4938 2.28771 -1.425e-17)
(26.4875 2.34649 -1.16418e-17)
(26.478 2.40295 4.61087e-18)
(26.4657 2.45694 -1.21853e-16)
(26.4506 2.50833 -7.13118e-17)
(26.4332 2.55707 1.81674e-16)
(26.4136 2.60309 8e-19)
(26.3922 2.64639 -2.44635e-16)
(26.3692 2.68697 -1.28985e-17)
(26.3449 2.72485 5.07329e-17)
(26.3194 2.76008 4.26891e-19)
(26.293 2.79273 5.99537e-17)
(26.2658 2.82285 -4.22679e-16)
(26.2382 2.85059 -8.6636e-17)
(26.2105 2.87597 2.36909e-16)
(26.1828 2.89925 3.9252e-17)
(26.1555 2.92029 1.49844e-17)
(26.1315 2.93698 7.1097e-18)
(26.1104 2.95068 7.52176e-19)
(26.0889 2.96318 1.01738e-16)
(26.0667 2.97732 2.11086e-16)
(26.0453 2.98593 -2.24468e-19)
(26.0214 3.00402 -8.0194e-17)
(26.0025 2.99982 1.37607e-16)
(25.9741 3.03714 6.01028e-17)
(25.9661 2.99077 1.89476e-16)
(25.9237 3.09839 1.79007e-17)
(25.9488 2.92068 -1.53396e-16)
(23.1157 1.44324 2.70325e-18)
(21.7439 1.361 2.19421e-19)
(20.2654 1.25021 -9.75272e-18)
(19.0315 1.12792 3.36521e-18)
(18.369 1.02177 3.60073e-18)
(18.4409 0.954796 9.65932e-20)
(19.181 0.935873 3.51514e-18)
(20.372 0.959868 -2.22857e-19)
(21.7541 1.01392 9.5896e-19)
(23.0456 1.07847 -1.75967e-17)
(23.9459 1.12736 6.05039e-18)
(24.3093 1.1412 -9.66208e-19)
(24.347 1.12809 1.29198e-17)
(24.3683 1.1118 -1.43476e-17)
(24.4561 1.10172 -5.26706e-18)
(24.5612 1.09536 -1.31671e-17)
(24.6519 1.09046 -1.16199e-18)
(24.7303 1.08705 -2.20213e-18)
(24.8051 1.08579 -2.59255e-17)
(24.8797 1.08714 -1.11274e-17)
(24.9545 1.09104 -8.69454e-18)
(25.0291 1.09753 -2.30152e-17)
(25.103 1.10651 2.27955e-17)
(25.1763 1.11811 1.14094e-18)
(25.2489 1.13222 -1.74275e-19)
(25.3206 1.14894 -8.0498e-18)
(25.3916 1.1682 -1.46142e-17)
(25.4618 1.1901 2.05763e-18)
(25.5311 1.21466 1.6498e-17)
(25.5994 1.24189 -1.58393e-17)
(25.6666 1.27187 2.49805e-18)
(25.7323 1.30459 2.90162e-19)
(25.7965 1.34011 1.69667e-18)
(25.8588 1.37841 -7.11057e-20)
(25.919 1.41944 7.83054e-18)
(25.9768 1.46317 -1.17154e-17)
(26.0319 1.50948 -6.45407e-19)
(26.084 1.55822 -1.48083e-17)
(26.133 1.60923 -2.06539e-17)
(26.1785 1.66227 1.13567e-18)
(26.2204 1.71713 1.14236e-17)
(26.2584 1.77348 2.28838e-17)
(26.2926 1.83109 7.41505e-18)
(26.3228 1.8896 1.03167e-17)
(26.3489 1.94871 -1.33654e-17)
(26.3708 2.00807 2.71337e-17)
(26.3887 2.06738 -9.39117e-18)
(26.4026 2.1263 -2.00147e-17)
(26.4126 2.18454 1.89195e-17)
(26.4187 2.24179 5.05295e-17)
(26.4211 2.2978 -3.27078e-17)
(26.4201 2.35232 -1.07662e-17)
(26.4159 2.40513 -4.3829e-17)
(26.4085 2.45605 1.05988e-16)
(26.3984 2.5049 6.6292e-17)
(26.3856 2.55157 -1.77023e-16)
(26.3704 2.59596 7.64998e-19)
(26.3532 2.638 2.18586e-16)
(26.3341 2.67765 -5.68092e-17)
(26.3134 2.71489 -5.36752e-17)
(26.2913 2.74973 -1.36584e-16)
(26.2679 2.78218 5.57287e-17)
(26.2436 2.81228 3.97182e-16)
(26.2185 2.84013 1.47578e-16)
(26.193 2.86573 -1.79996e-16)
(26.1674 2.88931 8.73701e-17)
(26.1421 2.91073 -6.51228e-17)
(26.1196 2.92776 7.03098e-18)
(26.0996 2.94185 7.4611e-19)
(26.0793 2.95464 -5.28679e-18)
(26.0581 2.96939 -2.12347e-16)
(26.0378 2.97807 -2.25377e-19)
(26.015 2.99727 2.00221e-17)
(25.9967 2.99252 -1.34223e-16)
(25.97 3.03195 2.65247e-16)
(25.9613 2.98382 -3.92887e-18)
(25.9227 3.09511 -7.28741e-19)
(24.2247 1.60535 -1.24821e-18)
(23.2425 1.55135 4.04087e-19)
(22.0588 1.47483 1.45142e-19)
(20.8561 1.37998 6.53754e-19)
(19.8694 1.28202 -4.11005e-18)
(19.3272 1.20011 4.85159e-18)
(19.3667 1.15179 -1.96284e-18)
(19.9684 1.14579 -4.9004e-19)
(20.9795 1.17944 4.11247e-18)
(22.1789 1.24137 -1.04873e-17)
(23.3026 1.31217 -1.74669e-18)
(24.0822 1.36649 -1.80291e-17)
(24.4135 1.3878 -1.09435e-17)
(24.4729 1.38414 -2.43564e-18)
(24.5042 1.37576 1.84184e-18)
(24.5819 1.3713 1.23039e-17)
(24.6725 1.36905 2.17612e-18)
(24.7509 1.36683 -6.36763e-18)
(24.8195 1.36453 1.48529e-18)
(24.8861 1.36297 2.94193e-19)
(24.9535 1.36255 7.1935e-18)
(25.0212 1.36358 3.17699e-17)
(25.0885 1.36617 -7.78073e-18)
(25.1553 1.37058 3.46235e-19)
(25.2215 1.37693 -7.80982e-18)
(25.2869 1.38542 1.04019e-19)
(25.3516 1.39615 -5.56988e-19)
(25.4156 1.40926 1.70019e-19)
(25.4787 1.42483 7.0125e-18)
(25.541 1.44292 -2.52865e-18)
(25.6023 1.4636 4.36472e-18)
(25.6624 1.48688 3.51741e-18)
(25.7213 1.51277 -3.4299e-18)
(25.7788 1.54127 3.67786e-19)
(25.8347 1.57234 5.85992e-18)
(25.8887 1.60596 6.51813e-18)
(25.9407 1.64204 1.2266e-18)
(25.9905 1.6805 -4.22113e-18)
(26.0378 1.72125 2.56303e-17)
(26.0823 1.76411 -4.011e-18)
(26.1239 1.80894 -6.3973e-18)
(26.1625 1.85552 9.69794e-18)
(26.1978 1.90368 1.84785e-17)
(26.2297 1.95313 2.98385e-17)
(26.2582 2.00364 -4.16861e-17)
(26.283 2.05493 5.06059e-18)
(26.3042 2.1067 -8.28419e-18)
(26.3217 2.15867 -1.7879e-17)
(26.3356 2.21056 1.7105e-17)
(26.346 2.26207 -3.08963e-18)
(26.3527 2.31294 -4.13595e-17)
(26.3561 2.36291 -1.00573e-17)
(26.3563 2.41175 8.96982e-18)
(26.3534 2.45924 -7.17643e-18)
(26.3475 2.50517 -2.26017e-18)
(26.339 2.5494 1.52311e-16)
(26.3278 2.59178 7.4677e-19)
(26.3144 2.6322 -1.14466e-16)
(26.299 2.67058 2.60223e-19)
(26.2817 2.70687 -1.50753e-18)
(26.2628 2.74101 8.7507e-18)
(26.2425 2.77301 -3.57424e-18)
(26.2209 2.80285 -2.2632e-16)
(26.1983 2.8306 -8.03258e-17)
(26.1752 2.85624 1.63374e-16)
(26.1517 2.87996 -8.51417e-17)
(26.1282 2.90163 4.99035e-17)
(26.1072 2.9189 1.11148e-16)
(26.0884 2.93331 -1.43707e-16)
(26.0693 2.94632 -2.6282e-16)
(26.0492 2.96161 -9.26611e-19)
(26.03 2.97033 -2.35698e-19)
(26.0083 2.99056 -7.38486e-17)
(25.9908 2.98531 7.39063e-17)
(25.9655 3.02673 -6.68911e-18)
(25.9563 2.97696 -4.03696e-18)
(25.0458 1.75078 -9.56967e-20)
(24.3898 1.71507 3.24105e-19)
(23.4962 1.66128 1.57103e-18)
(22.465 1.58871 5.69082e-19)
(21.4389 1.50488 3.38982e-18)
(20.5931 1.42098 -3.11606e-18)
(20.1043 1.35156 7.62337e-19)
(20.0944 1.3112 -4.39354e-19)
(20.5729 1.30839 1.15894e-17)
(21.4313 1.34216 1.84632e-17)
(22.4816 1.40269 -1.56958e-18)
(23.4825 1.47172 1.09905e-18)
(24.1975 1.52636 4.7319e-18)
(24.5337 1.55213 1.26258e-17)
(24.6206 1.55505 2.42092e-18)
(24.6569 1.5519 -2.03732e-18)
(24.7217 1.55133 -2.08655e-18)
(24.7986 1.55279 1.12049e-18)
(24.8671 1.55425 2.78376e-18)
(24.9275 1.55551 8.01567e-18)
(24.9863 1.55714 1.84066e-18)
(25.0456 1.55956 -2.47083e-18)
(25.105 1.56283 -9.94994e-18)
(25.1638 1.567 2.6701e-17)
(25.222 1.57217 -1.46054e-17)
(25.2797 1.5785 -5.30866e-19)
(25.3368 1.58614 9.39641e-19)
(25.3933 1.59526 -1.11733e-19)
(25.4494 1.60603 -5.96366e-18)
(25.5049 1.6186 -3.02922e-19)
(25.5597 1.6331 -9.43689e-18)
(25.6139 1.64965 7.88569e-19)
(25.6672 1.66834 3.04747e-18)
(25.7195 1.68926 2.12472e-19)
(25.7707 1.71244 3.67423e-18)
(25.8206 1.73791 2.24455e-18)
(25.8689 1.76567 -8.82499e-18)
(25.9156 1.79568 -1.10895e-17)
(25.9604 1.82789 -1.56853e-17)
(26.003 1.86221 8.92239e-18)
(26.0434 1.89854 6.82136e-18)
(26.0812 1.93674 1.48405e-17)
(26.1165 1.97666 -7.12815e-18)
(26.1489 2.01812 -2.11346e-17)
(26.1784 2.0609 -4.52571e-18)
(26.2048 2.1048 1.52751e-17)
(26.2281 2.14958 -7.22387e-18)
(26.2481 2.19497 -1.58119e-17)
(26.2648 2.24075 1.53309e-17)
(26.2783 2.28663 2.72861e-17)
(26.2884 2.33237 3.75346e-17)
(26.2954 2.3777 -9.34664e-18)
(26.2992 2.4224 4.67086e-17)
(26.3001 2.46624 -6.81208e-18)
(26.298 2.509 -2.16656e-18)
(26.2931 2.5505 -1.47933e-16)
(26.2857 2.59056 7.28913e-19)
(26.2758 2.62906 8.98016e-17)
(26.2638 2.66587 5.28722e-17)
(26.2497 2.70091 -1.50681e-18)
(26.2339 2.73409 2.01019e-16)
(26.2164 2.76538 -3.62162e-18)
(26.1975 2.79473 -2.3337e-19)
(26.1775 2.82217 -4.15584e-17)
(26.1566 2.84766 -8.44651e-18)
(26.1352 2.87136 -3.08101e-17)
(26.1136 2.89313 -5.29441e-20)
(26.0941 2.91054 -9.59347e-17)
(26.0766 2.92518 1.44846e-16)
(26.0587 2.93832 3.9261e-18)
(26.0398 2.95408 -1.40262e-16)
(26.0216 2.9628 4.80003e-17)
(26.0012 2.98397 1.3035e-16)
(25.9843 2.97824 -3.66024e-19)
(25.5539 1.87534 -5.1345e-19)
(25.1926 1.85496 2.52641e-19)
(24.5818 1.81957 3.48038e-19)
(23.774 1.76656 3.69782e-19)
(22.8575 1.69961 1.63607e-19)
(21.9488 1.62455 -4.86796e-20)
(21.1879 1.55036 4.60603e-19)
(20.7203 1.48937 -2.655e-19)
(20.6571 1.45412 -4.49638e-19)
(21.026 1.45276 -1.31167e-18)
(21.7511 1.48534 3.80737e-19)
(22.6732 1.54325 -9.20056e-19)
(23.5783 1.60976 1.73911e-18)
(24.2574 1.66437 -3.26082e-19)
(24.6138 1.69357 1.48351e-18)
(24.7316 1.70063 4.61648e-19)
(24.7749 1.69958 -2.6258e-18)
(24.8301 1.6996 7.69868e-19)
(24.8974 1.70148 1.97906e-18)
(24.9603 1.70379 -6.03691e-19)
(25.0166 1.70612 -1.28975e-18)
(25.071 1.7089 -2.00851e-18)
(25.1254 1.71242 1.66611e-18)
(25.1795 1.71669 -1.29304e-18)
(25.2325 1.7217 1.60155e-18)
(25.2846 1.72751 -5.89543e-19)
(25.3359 1.73424 4.64919e-18)
(25.3865 1.74203 -3.59428e-18)
(25.4364 1.75097 -5.92507e-19)
(25.4858 1.76118 1.46069e-17)
(25.5347 1.77277 6.56867e-20)
(25.583 1.78584 1.7384e-19)
(25.6308 1.80051 8.14341e-20)
(25.6778 1.81685 1.08456e-19)
(25.724 1.83497 2.13737e-18)
(25.7694 1.85493 2.21253e-18)
(25.8137 1.8768 3.21207e-18)
(25.8567 1.90058 5.75282e-18)
(25.8984 1.9263 1.68185e-18)
(25.9385 1.95394 -3.30699e-19)
(25.9768 1.98345 1.69494e-19)
(26.0131 2.01477 8.6439e-18)
(26.0473 2.04781 4.07533e-18)
(26.0793 2.08244 7.34707e-18)
(26.1089 2.11853 -3.77741e-18)
(26.1359 2.1559 1.88805e-18)
(26.1602 2.19438 -6.21157e-18)
(26.1817 2.23376 -6.12233e-17)
(26.2003 2.27383 9.57089e-18)
(26.216 2.31437 1.03223e-17)
(26.2287 2.35514 -1.00431e-17)
(26.2384 2.39591 -8.54969e-18)
(26.2451 2.43646 3.52117e-18)
(26.2491 2.47657 -6.36364e-18)
(26.2502 2.51601 -2.04386e-18)
(26.2485 2.55459 1.82487e-18)
(26.2443 2.59213 7.00273e-19)
(26.2376 2.62847 -1.17059e-17)
(26.2287 2.66347 -3.88291e-18)
(26.2177 2.69701 -1.48287e-18)
(26.2047 2.72899 -4.63716e-18)
(26.19 2.75934 -3.61434e-18)
(26.1737 2.78797 1.87976e-16)
(26.156 2.81491 8.11674e-17)
(26.1374 2.84007 -8.5829e-18)
(26.118 2.86358 2.7041e-18)
(26.0984 2.88531 -5.43574e-20)
(26.0805 2.90274 7.82347e-18)
(26.0642 2.91752 8.38192e-19)
(26.0475 2.93072 2.40137e-16)
(26.0298 2.94686 3.20176e-16)
(26.0127 2.95554 1.28184e-16)
(25.789 1.98261 -1.99769e-18)
(25.6724 1.97403 1.97434e-19)
(25.3463 1.95451 4.5822e-18)
(24.7975 1.91897 -5.35848e-19)
(24.0696 1.86834 -6.78928e-19)
(23.237 1.80543 3.04635e-19)
(22.3993 1.73539 3.1656e-19)
(21.6778 1.6666 -1.80517e-19)
(21.2025 1.61007 -6.45455e-18)
(21.0812 1.5772 -8.95773e-19)
(21.355 1.57593 6.37074e-18)
(21.9703 1.60708 1.01594e-18)
(22.7896 1.66296 -4.21368e-19)
(23.6229 1.72835 -2.05109e-19)
(24.2802 1.78434 3.93714e-18)
(24.6586 1.81748 1.69178e-18)
(24.8054 1.82844 -7.77639e-18)
(24.8562 1.82909 3.83467e-18)
(24.9042 1.82938 1.48165e-17)
(24.9645 1.83174 -3.88012e-19)
(25.0242 1.83496 -2.87067e-18)
(25.0786 1.83812 -1.28288e-18)
(25.1303 1.84136 1.06462e-18)
(25.1815 1.84504 -1.89856e-17)
(25.2321 1.84931 1.1524e-17)
(25.2815 1.85422 4.70277e-18)
(25.3297 1.85984 7.31394e-19)
(25.3768 1.86626 3.1686e-18)
(25.4231 1.87361 -4.21934e-19)
(25.4687 1.88196 2.05627e-18)
(25.5136 1.8914 7.31717e-20)
(25.5579 1.90202 -4.37202e-18)
(25.6016 1.91389 -5.83865e-18)
(25.6446 1.9271 7.02045e-20)
(25.6869 1.94173 1.44612e-18)
(25.7284 1.95785 1.46824e-18)
(25.7692 1.97553 3.26291e-18)
(25.8089 1.99479 -1.58364e-18)
(25.8476 2.0157 1.99784e-19)
(25.8851 2.03825 -2.03926e-18)
(25.9211 2.06246 1.32227e-19)
(25.9556 2.0883 6.85796e-18)
(25.9884 2.11574 3.28492e-18)
(26.0195 2.14471 1.08334e-17)
(26.0485 2.17512 1.33711e-17)
(26.0754 2.20686 -5.87336e-18)
(26.1 2.23981 -5.29377e-18)
(26.1223 2.27381 3.5215e-17)
(26.142 2.3087 1.57641e-17)
(26.1592 2.34429 -9.01491e-18)
(26.1736 2.38038 -8.97344e-18)
(26.1854 2.41678 -7.72206e-18)
(26.1945 2.45328 -2.65577e-17)
(26.2009 2.48967 -7.15617e-17)
(26.2046 2.52576 -1.90253e-18)
(26.2057 2.56133 1.7145e-18)
(26.2042 2.59621 6.63812e-19)
(26.2003 2.63023 -8.44545e-17)
(26.1942 2.66323 -3.74229e-18)
(26.1859 2.69508 -1.44023e-18)
(26.1756 2.72565 -1.69139e-16)
(26.1635 2.75485 -3.56087e-18)
(26.1496 2.78258 -1.37997e-16)
(26.1343 2.80882 -6.35979e-17)
(26.1178 2.83348 -1.87275e-16)
(26.1005 2.85665 3.11717e-17)
(26.0827 2.87819 6.46361e-17)
(26.0663 2.89553 7.96073e-18)
(26.0514 2.91038 8.56158e-19)
(25.8626 2.07798 1.28058e-18)
(25.8701 2.07649 1.69426e-19)
(25.7871 2.07049 -4.55414e-18)
(25.5329 2.0529 1.15922e-18)
(25.0692 2.02095 2.18817e-19)
(24.4184 1.97466 -7.6541e-20)
(23.6453 1.91593 2.64873e-19)
(22.8412 1.84914 -1.4837e-19)
(22.1184 1.78175 5.68716e-19)
(21.6012 1.72408 -9.41578e-18)
(21.4017 1.68757 -4.82697e-18)
(21.578 1.68123 -3.03078e-19)
(22.0982 1.70735 -3.5821e-18)
(22.8418 1.75963 -2.63514e-18)
(23.6317 1.82398 -1.98704e-18)
(24.2859 1.88234 6.76203e-20)
(24.6915 1.9204 3.40279e-18)
(24.8649 1.93596 -4.23972e-18)
(24.9212 1.93869 -8.62558e-18)
(24.9613 1.93934 -6.13481e-18)
(25.0147 1.94206 -4.72238e-19)
(25.0725 1.94616 -1.08548e-18)
(25.1262 1.95031 8.99224e-19)
(25.1761 1.95427 1.08737e-18)
(25.2245 1.95844 -1.01731e-19)
(25.2721 1.9631 -5.24706e-18)
(25.3186 1.96831 -2.44459e-18)
(25.3637 1.97407 -1.12502e-19)
(25.4077 1.98044 -3.77952e-19)
(25.4508 1.98752 -1.41399e-17)
(25.493 1.9954 5.23141e-18)
(25.5345 2.00417 1.84948e-18)
(25.5753 2.01391 5.77741e-18)
(25.6154 2.02471 4.65096e-20)
(25.6548 2.03664 1.01042e-18)
(25.6935 2.04978 9.13206e-19)
(25.7314 2.06421 -3.54202e-19)
(25.7685 2.07996 -5.34467e-18)
(25.8047 2.0971 1.32753e-18)
(25.8399 2.11565 1.56347e-18)
(25.8738 2.13564 1.03783e-19)
(25.9065 2.15707 5.45689e-18)
(25.9379 2.17994 2.64882e-18)
(25.9677 2.20422 3.98612e-18)
(25.996 2.22986 -5.56251e-18)
(26.0224 2.25681 2.59638e-18)
(26.0468 2.28496 -4.48748e-18)
(26.0693 2.31422 -1.02011e-17)
(26.0896 2.34447 1.02574e-17)
(26.1076 2.37556 2.60166e-17)
(26.1233 2.40734 -1.7811e-17)
(26.1365 2.43963 9.22774e-18)
(26.1473 2.47227 3.25233e-17)
(26.1557 2.50506 6.00037e-17)
(26.1615 2.53783 -1.75678e-18)
(26.1648 2.57038 1.59801e-18)
(26.1657 2.60254 6.24276e-19)
(26.1643 2.63414 4.05429e-18)
(26.1606 2.66501 -3.57969e-18)
(26.1548 2.69502 2.44053e-17)
(26.1469 2.72402 2.28619e-16)
(26.1371 2.75191 -4.29145e-17)
(26.1256 2.77856 -1.89367e-17)
(26.1124 2.80394 -1.57394e-17)
(26.098 2.82794 2.34579e-18)
(26.0826 2.85061 1.09702e-18)
(25.8941 2.15838 -1.11118e-18)
(25.9163 2.15813 -4.67007e-22)
(25.941 2.15821 -3.68718e-19)
(25.8995 2.1542 2.07365e-19)
(25.6972 2.14201 8.59644e-19)
(25.2994 2.11858 -3.29874e-19)
(24.7286 2.08202 2.00608e-19)
(24.0376 2.03227 -1.09757e-19)
(23.2975 1.97176 4.57047e-18)
(22.5982 1.90616 7.33852e-18)
(22.0471 1.84469 -6.75763e-19)
(21.7547 1.79912 3.86433e-19)
(21.8015 1.78072 2.80165e-18)
(22.1943 1.7953 2.22163e-18)
(22.8462 1.83956 5.84429e-19)
(23.5966 1.90102 7.02072e-19)
(24.2617 1.96181 -4.25777e-18)
(24.7069 2.00578 1.7445e-18)
(24.9147 2.0271 -2.16794e-18)
(24.9793 2.03263 6.58671e-18)
(25.01 2.03348 1.07808e-18)
(25.0543 2.0358 -1.07144e-17)
(25.1096 2.04019 4.00649e-18)
(25.1639 2.04526 1.49627e-17)
(25.2133 2.05023 -8.04275e-18)
(25.2598 2.05519 -3.12181e-19)
(25.3051 2.06045 6.86811e-19)
(25.3492 2.0661 -1.17159e-19)
(25.392 2.07216 -4.23338e-19)
(25.4334 2.07866 6.52503e-18)
(25.4738 2.08569 -4.8437e-18)
(25.5133 2.09335 -1.7963e-18)
(25.552 2.10171 1.42645e-21)
(25.5899 2.11087 2.04339e-20)
(25.627 2.12091 5.81515e-19)
(25.6635 2.13188 5.89682e-19)
(25.6991 2.14388 6.56486e-19)
(25.734 2.15695 3.22904e-18)
(25.7681 2.17116 9.84871e-19)
(25.8012 2.18656 -1.91414e-18)
(25.8334 2.20318 -1.46763e-18)
(25.8644 2.22104 4.30287e-18)
(25.8942 2.24018 2.12075e-18)
(25.9228 2.26058 1.85682e-19)
(25.9501 2.28224 -4.5761e-18)
(25.9758 2.30511 1.40504e-18)
(25.9998 2.32915 -3.78299e-18)
(26.0221 2.35429 -8.69974e-18)
(26.0425 2.38044 8.84645e-18)
(26.061 2.40751 -4.43125e-19)
(26.0774 2.43536 -1.26719e-17)
(26.0917 2.46386 -1.89618e-17)
(26.1037 2.49288 2.61752e-18)
(26.1135 2.52225 -4.8738e-18)
(26.121 2.55181 -6.61549e-17)
(26.1262 2.5814 -3.43898e-17)
(26.129 2.61084 5.83174e-19)
(26.1296 2.63997 4.80449e-17)
(26.128 2.66864 -3.40174e-18)
(26.1244 2.6967 -2.70224e-17)
(26.1187 2.72401 -1.88487e-16)
(26.111 2.75046 -3.61662e-19)
(25.9356 2.22357 6.03039e-19)
(25.9507 2.22274 2.07786e-19)
(25.9748 2.22302 5.61698e-19)
(25.9685 2.22335 1.2813e-19)
(25.8752 2.22214 -3.80636e-19)
(25.6599 2.21629 1.59683e-19)
(25.3161 2.20235 1.17395e-18)
(24.8559 2.17759 -6.70498e-20)
(24.3047 2.14052 -8.94509e-19)
(23.7009 2.09156 -3.25554e-19)
(23.1005 2.03394 2.84304e-18)
(22.5799 1.97433 2.90834e-20)
(22.2319 1.92288 -9.29492e-19)
(22.1454 1.89133 -3.04356e-18)
(22.3691 1.88917 4.22233e-19)
(22.8733 1.91855 -5.44064e-19)
(23.5402 1.97143 2.75314e-18)
(24.1969 2.03139 2.08202e-18)
(24.6858 2.08035 6.85298e-19)
(24.9436 2.10801 -4.52789e-18)
(25.0294 2.11713 -1.74262e-18)
(25.0548 2.11844 1.19878e-17)
(25.088 2.12003 -2.45174e-18)
(25.1383 2.12416 -1.235e-17)
(25.1928 2.12975 1.3976e-17)
(25.243 2.13545 2.14982e-18)
(25.2888 2.1409 6.12222e-19)
(25.3323 2.14633 -2.26685e-18)
(25.3746 2.15202 -4.06696e-19)
(25.4155 2.15806 -5.06259e-18)
(25.455 2.16448 4.54163e-18)
(25.4933 2.17134 1.303e-20)
(25.5306 2.17874 -5.63311e-18)
(25.567 2.18674 -4.97179e-19)
(25.6025 2.19542 -5.95237e-19)
(25.6372 2.20483 8.22289e-19)
(25.6711 2.21504 -8.03673e-19)
(25.7042 2.22612 -5.95169e-19)
(25.7365 2.23811 7.1421e-19)
(25.7679 2.25107 1.07708e-18)
(25.7984 2.26506 4.87073e-19)
(25.8279 2.2801 2.56504e-18)
(25.8564 2.29623 1.68448e-18)
(25.8837 2.31347 1.11341e-17)
(25.9099 2.33183 -2.10773e-17)
(25.9348 2.35129 2.5407e-18)
(25.9582 2.37184 -1.06833e-17)
(25.9801 2.39343 -7.37602e-18)
(26.0004 2.41602 7.58367e-18)
(26.019 2.43952 1.9708e-17)
(26.0358 2.46386 -4.06882e-17)
(26.0506 2.48893 -1.14794e-17)
(26.0635 2.51461 2.3243e-18)
(26.0743 2.54078 -4.39554e-18)
(26.0831 2.5673 6.27128e-17)
(26.0897 2.59403 5.25014e-18)
(26.0942 2.62081 5.4067e-19)
(25.9848 2.28438 -1.48853e-19)
(25.9922 2.28331 7.13788e-20)
(25.9882 2.28291 9.32009e-20)
(25.9552 2.28284 9.29883e-20)
(25.8742 2.28286 3.72638e-19)
(25.7303 2.28152 -1.46591e-19)
(25.5151 2.27669 -1.02531e-20)
(25.2265 2.26612 1.78809e-19)
(24.8676 2.24776 5.3748e-19)
(24.4474 2.2201 -2.09506e-18)
(23.9837 2.18262 -2.0505e-18)
(23.507 2.1366 -2.34371e-19)
(23.0652 2.08587 4.50171e-19)
(22.7245 2.03741 1.23689e-18)
(22.5616 2.00084 2.94528e-19)
(22.6412 1.98623 3.93277e-19)
(22.9794 1.99977 -6.18271e-19)
(23.5162 2.0393 -2.14742e-18)
(24.1196 2.09321 5.59109e-19)
(24.6308 2.14428 2.66283e-18)
(24.943 2.17817 -4.2062e-20)
(25.0656 2.19227 -6.73303e-18)
(25.0969 2.1953 8.55541e-18)
(25.1207 2.19656 1.05892e-17)
(25.1635 2.20012 -1.22592e-17)
(25.2164 2.20564 -5.24738e-18)
(25.2674 2.21159 6.804e-18)
(25.3131 2.21716 8.9819e-20)
(25.3553 2.22252 2.63011e-18)
(25.3959 2.22805 9.48761e-18)
(25.4352 2.23393 -1.38322e-18)
(25.4732 2.2402 -3.02486e-18)
(25.5098 2.24687 5.40467e-18)
(25.5452 2.25399 -4.79927e-19)
(25.5797 2.26162 8.00495e-20)
(25.6132 2.26984 -2.63042e-19)
(25.6458 2.27868 1.64461e-18)
(25.6776 2.28821 -4.15133e-19)
(25.7085 2.29849 4.66244e-19)
(25.7386 2.30957 -2.17902e-19)
(25.7677 2.32149 3.73121e-19)
(25.7959 2.3343 2.82102e-18)
(25.8231 2.34803 1.33626e-18)
(25.8494 2.36271 -9.55595e-18)
(25.8745 2.37837 -2.34237e-18)
(25.8985 2.39502 9.76453e-19)
(25.9213 2.41263 -1.39322e-18)
(25.9427 2.43121 -6.22585e-18)
(25.9627 2.45073 6.46909e-18)
(25.9812 2.47113 3.99491e-17)
(26.0241 2.34524 2.70773e-19)
(26.0307 2.34475 6.34681e-20)
(26.0223 2.34434 1.31284e-18)
(25.987 2.34326 1.7426e-18)
(25.9158 2.34151 6.76258e-20)
(25.8028 2.33861 -2.68421e-19)
(25.6439 2.33371 5.83158e-19)
(25.4374 2.32586 -2.53212e-19)
(25.1834 2.31397 -4.98389e-19)
(24.8839 2.29697 2.19685e-20)
(24.5442 2.27384 1.48214e-18)
(24.1743 2.24404 4.21954e-19)
(23.7921 2.20789 -4.54428e-19)
(23.4271 2.16734 7.39631e-19)
(23.1238 2.1266 4.84972e-19)
(22.9396 2.09242 3.29107e-19)
(22.9332 2.07314 -3.5422e-19)
(23.1403 2.07595 2.30341e-18)
(23.5449 2.10295 4.94641e-18)
(24.0633 2.14804 -1.50277e-19)
(24.5614 2.19752 -4.5354e-19)
(24.9144 2.2361 -3.46129e-18)
(25.0831 2.25624 3.99273e-19)
(25.1332 2.26249 -8.94843e-18)
(25.1533 2.26422 1.05643e-17)
(25.1875 2.26708 4.96374e-18)
(25.2366 2.27209 -6.31078e-19)
(25.2877 2.27802 8.39348e-20)
(25.3337 2.28378 -6.16428e-19)
(25.3751 2.28927 -3.05515e-18)
(25.4142 2.29483 2.11787e-18)
(25.4521 2.30071 -2.43102e-19)
(25.4886 2.30694 -4.90719e-18)
(25.5238 2.3135 9.28988e-19)
(25.5577 2.32042 -4.95776e-18)
(25.5905 2.32776 9.27192e-20)
(25.6223 2.33559 -2.01063e-18)
(25.6532 2.34397 -2.83929e-19)
)
;

boundaryField
{
    inlet
    {
        type            freestreamVelocity;
        freestreamValue uniform (25.75 3.62 0);
        value           nonuniform List<vector> 
11
(
(25.8766 3.23826 -1.8606e-18)
(25.8835 3.20378 -4.38937e-17)
(25.884 3.19184 1.98463e-17)
(25.8856 3.1805 1.1422e-16)
(25.8868 3.16975 -2.08565e-16)
(25.8874 3.15952 6.10731e-17)
(25.8881 3.14948 2.16002e-16)
(25.8901 3.1393 -2.06815e-16)
(25.8969 3.12805 3.45893e-17)
(25.913 3.10283 -6.34262e-18)
(25.9129 3.11298 1.1085e-19)
)
;
    }
    outlet
    {
        type            freestreamVelocity;
        freestreamValue nonuniform List<vector> 0();
        value           nonuniform List<vector> 0();
    }
    walls
    {
        type            noSlip;
    }
    frontAndBack
    {
        type            empty;
    }
    procBoundary6to2
    {
        type            processor;
        value           nonuniform List<vector> 
13
(
(18.9579 1.42533 8.23403e-19)
(21.467 1.27008 -5.71775e-18)
(23.184 1.38097 4.24698e-18)
(24.1845 1.50579 -4.11618e-19)
(24.9215 1.65118 -6.16564e-18)
(25.4262 1.78219 -4.43512e-19)
(25.6854 1.8923 -3.07177e-19)
(25.7868 1.99102 2.65696e-18)
(25.8386 2.08259 -2.60837e-18)
(25.8853 2.16202 -1.65079e-19)
(25.9318 2.2268 -3.38188e-19)
(25.9778 2.28742 -8.83794e-20)
(26.0163 2.34751 1.03248e-18)
)
;
    }
    procBoundary6to3
    {
        type            processor;
        value           uniform (26.0552 2.40204 2.01477e-18);
    }
    procBoundary6to5
    {
        type            processor;
        value           nonuniform List<vector> 
86
(
(15.9083 -2.34412 -5.30942e-15)
(19.6606 -2.94633 1.737e-15)
(23.4629 -3.40973 -3.53849e-15)
(27.5543 -3.81825 6.04434e-15)
(30.5098 -4.02648 -5.21616e-15)
(30.7713 -3.9385 -2.77561e-15)
(29.82 -3.71935 3.39221e-15)
(29.3535 -3.54797 -1.93724e-15)
(29.3692 -3.41913 5.77753e-15)
(29.4664 -3.29539 -2.98948e-15)
(29.5019 -3.16296 2.40736e-15)
(29.494 -3.02196 -3.32783e-15)
(29.4757 -2.87501 -1.68173e-16)
(29.4579 -2.72328 2.42158e-15)
(29.4398 -2.56713 -2.74082e-15)
(29.4194 -2.40668 3.01339e-15)
(29.3961 -2.24209 4.84853e-16)
(29.3695 -2.07361 -3.13766e-16)
(29.3396 -1.90156 -2.27733e-15)
(29.3064 -1.72629 -4.3006e-16)
(29.2697 -1.54822 1.55216e-15)
(29.2296 -1.36783 -1.52945e-16)
(29.1858 -1.1856 -1.38392e-15)
(29.1385 -1.00209 1.33628e-15)
(29.0876 -0.817849 9.28938e-16)
(29.0332 -0.633508 -1.72582e-15)
(28.9753 -0.449667 3.94375e-16)
(28.914 -0.267014 1.30376e-15)
(28.8495 -0.0861316 -1.02386e-15)
(28.7818 0.0923209 -6.24193e-17)
(28.7112 0.267701 8.17185e-16)
(28.6379 0.439409 -6.43008e-16)
(28.5621 0.60691 5.22085e-16)
(28.5621 0.60691 5.22085e-16)
(28.8628 1.01715 1.45001e-16)
(28.7524 1.16497 3.61203e-16)
(28.6417 1.30679 -4.71531e-16)
(28.5311 1.44238 2.5926e-16)
(28.4209 1.57149 -1.53726e-16)
(28.3117 1.69401 -1.6784e-17)
(28.2037 1.80989 3.66177e-16)
(28.0975 1.91911 -4.46667e-17)
(27.993 2.02172 -1.09335e-16)
(27.8907 2.1178 1.5171e-16)
(27.7907 2.2075 -5.15915e-16)
(27.6933 2.29103 2.37511e-17)
(27.6933 2.29103 2.37511e-17)
(27.6909 2.50239 1.78781e-16)
(27.5885 2.56403 4.25784e-16)
(27.4901 2.62083 3.14025e-16)
(27.3956 2.67308 -7.0757e-17)
(27.3051 2.72104 1.03108e-16)
(27.2183 2.76499 7.27025e-17)
(27.1352 2.80517 -2.23109e-16)
(27.0556 2.84184 -3.96111e-17)
(26.9794 2.87525 8.91762e-17)
(26.9794 2.87525 8.91762e-17)
(26.93 2.96954 -2.62219e-17)
(26.8574 2.99183 1.23479e-17)
(26.7882 3.01199 9.732e-17)
(26.7222 3.03017 -1.1513e-16)
(26.6592 3.04652 -1.25664e-17)
(26.599 3.06117 -2.87509e-18)
(26.5416 3.07426 1.19369e-16)
(26.5416 3.07426 1.19369e-16)
(26.4932 3.12141 1.09627e-16)
(26.44 3.12902 -5.05485e-17)
(26.3894 3.13568 -5.76869e-17)
(26.3414 3.14142 1.05121e-16)
(26.2957 3.14638 4.4731e-17)
(26.2522 3.15041 -1.75964e-16)
(26.2167 3.15334 1.58614e-17)
(26.2167 3.15334 1.58614e-17)
(26.1894 3.17748 -6.90112e-17)
(26.1603 3.17817 1.62394e-17)
(26.1307 3.17885 4.97027e-17)
(26.1014 3.17828 -8.42289e-17)
(26.0713 3.17978 -8.01611e-19)
(26.0439 3.17451 -2.38808e-17)
(26.0117 3.18399 4.7329e-17)
(25.9927 3.15767 -3.67345e-17)
(25.949 3.20759 8.31707e-17)
(25.949 3.20759 8.31707e-17)
(25.9547 3.1163 -8.49802e-19)
(25.871 3.3084 -5.2047e-17)
(25.9796 2.92418 -2.11537e-17)
)
;
    }
    procBoundary6to7
    {
        type            processor;
        value           nonuniform List<vector> 
91
(
(26.0348 2.71157 9.81302e-17)
(26.0348 2.71157 9.81302e-17)
(25.8594 3.24546 1.60408e-17)
(25.8594 3.24546 1.60408e-17)
(25.943 2.91442 -4.1966e-16)
(25.943 2.91442 -4.1966e-16)
(25.921 3.09172 1.52442e-16)
(25.9607 3.02149 5.17512e-16)
(25.921 3.09172 1.52442e-16)
(25.9511 2.97027 2.9347e-16)
(25.9936 2.97754 -8.98146e-17)
(25.9607 3.02149 5.17512e-16)
(25.9775 2.97137 2.3824e-17)
(26.0358 2.92356 2.46114e-16)
(26.0194 2.93999 3.01348e-16)
(25.9936 2.97754 -8.98146e-17)
(26.0034 2.94859 3.58774e-16)
(26.0667 2.87184 6.64877e-17)
(26.0518 2.88898 -3.03182e-16)
(26.0358 2.92356 2.46114e-16)
(26.0381 2.90379 -3.43072e-17)
(26.1016 2.77589 1.87157e-16)
(26.0905 2.80027 -1.44341e-16)
(26.0781 2.82346 -6.91239e-17)
(26.0667 2.87184 6.64877e-17)
(26.0646 2.8455 2.33749e-17)
(26.0965 2.64749 1.69689e-16)
(26.0967 2.67394 2.76817e-17)
(26.0949 2.7 2.69367e-17)
(26.0911 2.72554 3.41073e-17)
(26.1016 2.77589 1.87157e-16)
(26.0854 2.75043 8.2791e-18)
(25.998 2.49236 2.17317e-17)
(26.0132 2.51434 6.16961e-17)
(26.0266 2.53699 -3.03526e-17)
(26.0382 2.56022 6.02979e-17)
(26.0479 2.5839 2.12727e-17)
(26.0556 2.60792 -8.05034e-17)
(26.0965 2.64749 1.69689e-16)
(26.0613 2.63215 -8.76922e-18)
(25.6831 2.35295 -1.07862e-19)
(25.7121 2.36257 -3.07589e-19)
(25.7402 2.37288 -4.29242e-19)
(25.7674 2.38392 -1.33273e-17)
(25.7936 2.39573 -8.03459e-18)
(25.8188 2.40835 -1.71584e-17)
(25.8431 2.42181 -6.11047e-18)
(25.8663 2.43612 -1.31355e-17)
(25.8883 2.4513 9.06472e-18)
(25.9092 2.46733 5.93224e-17)
(25.9288 2.48422 -1.70446e-17)
(25.998 2.49236 2.17317e-17)
(25.9471 2.50194 1.92768e-17)
(26.0634 2.40162 -8.97267e-19)
(26.067 2.40128 2.09049e-19)
(26.0522 2.4001 5.09814e-19)
(26.0085 2.39783 -3.87632e-19)
(25.9288 2.39408 -3.97928e-19)
(25.8095 2.38831 9.68117e-19)
(25.6493 2.3801 5.49786e-19)
(25.4488 2.36907 -5.13065e-19)
(25.2104 2.3548 1.25818e-19)
(24.938 2.33688 9.09922e-19)
(24.6377 2.31491 1.48511e-19)
(24.3182 2.28866 4.53425e-19)
(23.9929 2.25837 -5.83099e-19)
(23.6822 2.22518 -2.14531e-18)
(23.4165 2.19168 7.22048e-19)
(23.2366 2.16238 4.99507e-18)
(23.1888 2.14346 7.43343e-19)
(23.3107 2.14135 -1.03332e-18)
(23.6079 2.15981 2.97291e-19)
(24.0352 2.19668 2.7845e-18)
(24.4943 2.24268 -1.63141e-18)
(24.8646 2.28374 6.03626e-18)
(25.0778 2.30955 -9.21913e-18)
(25.1581 2.32009 9.78681e-18)
(25.1829 2.323 6.07703e-18)
(25.2101 2.32535 1.06442e-18)
(25.2537 2.3298 1.46779e-18)
(25.3038 2.33576 1.1749e-17)
(25.3504 2.34196 -8.35164e-19)
(25.3917 2.34788 3.22142e-18)
(25.4297 2.35369 -6.4946e-18)
(25.4663 2.35968 -8.41448e-18)
(25.5017 2.36594 6.90932e-19)
(25.5356 2.37245 -2.70795e-18)
(25.5682 2.37924 4.60747e-18)
(25.5996 2.38638 -1.05484e-18)
(25.6831 2.35295 -1.07862e-19)
(25.6299 2.39393 -1.83727e-18)
)
;
    }
}


// ************************************************************************* //
