/*--------------------------------*- C++ -*----------------------------------*\
| =========                 |                                                 |
| \\      /  F ield         | OpenFOAM: The Open Source CFD Toolbox           |
|  \\    /   O peration     | Version:  2506                                  |
|   \\  /    A nd           | Website:  www.openfoam.com                      |
|    \\/     M anipulation  |                                                 |
\*---------------------------------------------------------------------------*/
FoamFile
{
    version     2.0;
    format      ascii;
    arch        "LSB;label=32;scalar=64";
    class       volVectorField;
    location    "50";
    object      U;
}
// * * * * * * * * * * * * * * * * * * * * * * * * * * * * * * * * * * * * * //

dimensions      [0 1 -1 0 0 0 0];

internalField   nonuniform List<vector> 
1340
(
(18.0335 10.2945 2.38522e-18)
(18.5536 11.0003 1.1138e-16)
(19.16 11.6921 -5.29574e-17)
(18.6968 9.84282 3.80437e-17)
(19.1789 10.4909 -2.56515e-17)
(19.7388 11.126 -3.76801e-17)
(20.355 11.7034 2.64895e-16)
(21.0569 12.2436 -6.47898e-17)
(19.2883 9.43412 2.25817e-17)
(19.7373 10.031 -6.05452e-17)
(20.2568 10.6156 -1.82855e-16)
(20.8256 11.1463 -9.72172e-18)
(21.472 11.6438 7.89842e-18)
(22.1768 12.0853 7.56226e-17)
(22.9264 12.4541 3.67464e-18)
(19.8187 9.06181 -3.8574e-17)
(20.2385 9.61301 -1.78846e-16)
(20.7226 10.1525 6.89108e-17)
(21.2498 10.6413 2.77453e-17)
(21.8478 11.1001 6.84202e-17)
(22.4979 11.5081 -6.49627e-17)
(23.1872 11.8501 -1.94343e-17)
(23.9179 12.1241 2.5568e-16)
(20.2965 8.72079 6.23177e-17)
(20.6903 9.23094 4.95701e-17)
(21.143 9.72965 3.30738e-17)
(21.6337 10.1807 6.49977e-18)
(22.1889 10.6045 7.39058e-17)
(22.7909 10.9815 -1.78397e-17)
(23.4271 11.2984 2.50348e-17)
(24.1007 11.554 -1.27191e-16)
(24.8007 11.7405 -1.04093e-16)
(20.7286 8.40689 -5.6526e-19)
(21.0991 8.87995 -1.49933e-17)
(21.5236 9.34183 -7.57158e-17)
(21.9818 9.75877 2.74212e-17)
(22.4992 10.1506 -3.34678e-17)
(23.0584 10.4992 5.72553e-17)
(23.6477 10.7926 -1.19173e-17)
(24.2702 11.0304 -5.45562e-17)
(24.9162 11.2057 -8.79382e-17)
(21.1209 8.1168 -1.21332e-16)
(21.4702 8.55615 1.59957e-16)
(21.8694 8.98465 -7.64717e-17)
(22.2984 9.37059 3.85632e-17)
(22.7818 9.73308 -1.10655e-16)
(23.3029 10.0556 3.39712e-17)
(23.8502 10.3272 -5.11053e-17)
(24.4272 10.5478 1.49921e-16)
(25.0249 10.7119 1.82866e-16)
(25.6387 10.8157 -1.53259e-16)
(21.4782 7.84776 5.67021e-17)
(21.8082 8.25642 2.28702e-17)
(22.1842 8.65447 5.85595e-17)
(22.5869 9.01207 -1.22604e-16)
(23.0396 9.34778 1.43634e-16)
(23.5264 9.64627 -9.44119e-17)
(24.036 9.89746 3.9604e-17)
(24.5722 10.1019 -9.74821e-17)
(25.1263 10.2548 -1.22306e-16)
(25.695 10.3529 9.10623e-17)
(26.2771 10.394 3.17664e-17)
(21.8046 7.59751 -5.37816e-17)
(22.1167 7.97811 -3.75103e-17)
(22.4716 8.34823 8.42796e-17)
(22.8502 8.67993 1.22671e-17)
(23.2752 8.99109 6.21124e-17)
(23.7308 9.26738 1.49536e-16)
(24.2064 9.49962 -3.21549e-17)
(24.7057 9.68881 -3.86338e-17)
(25.2206 9.83067 5.13728e-17)
(25.748 9.9227 6.12948e-17)
(26.2877 9.96289 9.96354e-17)
(22.1034 7.36411 5.03322e-17)
(22.3991 7.71896 1.33403e-16)
(22.7345 8.0634 9.70413e-17)
(23.0911 8.37139 -1.23554e-16)
(23.4906 8.65992 -1.37485e-16)
(23.9178 8.9157 -4.66345e-17)
(24.3626 9.13037 1.44743e-17)
(24.8285 9.30519 4.12234e-17)
(25.3078 9.43643 -1.06096e-16)
(25.7978 9.52209 -1.87898e-17)
(26.2989 9.56073 -6.26719e-17)
(26.8066 9.54963 9.99921e-17)
(22.3776 7.146 -1.53964e-17)
(22.658 7.47707 -1.23891e-16)
(22.9754 7.79793 -9.68058e-17)
(23.3118 8.08404 3.41384e-18)
(23.6879 8.35172 3.19342e-17)
(24.0891 8.58851 -1.67193e-17)
(24.5057 8.7869 -2.43854e-17)
(24.9411 8.94825 6.68919e-17)
(25.388 9.06935 2.19226e-17)
(25.844 9.14861 6.5545e-17)
(26.3097 9.185 -6.51903e-17)
(26.7815 9.17606 1.65199e-16)
(22.6297 6.94173 -8.77767e-17)
(22.8958 7.25087 6.28762e-17)
(23.1965 7.5499 -2.7203e-17)
(23.5141 7.81589 -2.89114e-17)
(23.8687 8.06428 -5.46375e-17)
(24.2459 8.28357 -1.19517e-17)
(24.6367 8.46682 -1.07581e-17)
(25.0442 8.61556 -3.78613e-17)
(25.4616 8.727 7.89829e-17)
(25.8866 8.79992 -3.02864e-16)
(26.3199 8.83355 5.14953e-16)
(26.7588 8.826 -6.08878e-16)
(27.2012 8.77495 5.93093e-16)
(22.8619 6.75009 -3.01612e-18)
(23.1147 7.03892 -7.87393e-17)
(23.3997 7.3178 2.384e-17)
(23.6999 7.56517 4.65735e-17)
(24.0344 7.79575 3.42553e-17)
(24.3896 7.99882 3.19313e-17)
(24.7566 8.16802 -3.02019e-17)
(25.1385 8.30495 -4.6782e-17)
(25.5288 8.40728 6.83908e-17)
(25.9254 8.47404 2.26918e-17)
(26.3292 8.5047 -4.65694e-17)
(26.7375 8.49775 2.21577e-16)
(27.1493 8.45101 -6.33705e-16)
(23.076 6.57006 1.94537e-17)
(23.3163 6.84004 -1.45025e-16)
(23.5866 7.10026 1.09269e-16)
(23.8706 7.33039 -3.88253e-17)
(24.1865 7.54447 -8.72493e-18)
(24.5213 7.73251 3.99031e-17)
(24.8663 7.88863 3.39827e-17)
(25.2246 8.01456 3.53567e-17)
(25.59 8.10826 -2.27139e-16)
(25.9604 8.16906 1.31553e-16)
(26.337 8.19663 -4.72797e-16)
(26.7173 8.18966 3.19616e-16)
(27.1008 8.14647 3.80983e-17)
(27.4857 8.06497 -1.02374e-16)
(23.2738 6.40073 6.79566e-17)
(23.5022 6.65321 -7.09673e-17)
(23.7587 6.89609 -1.33997e-17)
(24.0276 7.11022 -5.75836e-17)
(24.3262 7.30902 -4.23476e-17)
(24.6419 7.48309 3.26622e-17)
(24.9665 7.62708 3.74484e-17)
(25.303 7.74273 4.44055e-17)
(25.6453 7.82834 2.23872e-16)
(25.9917 7.88342 8.5198e-17)
(26.3433 7.90783 5.47016e-16)
(26.6977 7.9005 -2.10525e-16)
(27.0548 7.86004 1.04331e-15)
(27.4133 7.7844 -2.25634e-16)
(23.4566 6.2413 -4.64851e-17)
(23.6738 6.47748 8.72539e-17)
(23.9174 6.70419 2.95897e-18)
(24.172 6.9035 -1.29234e-16)
(24.4544 7.08809 1.00323e-16)
(24.7523 7.24919 -4.7145e-17)
(25.0579 7.38188 -3.07691e-17)
(25.3742 7.48798 2.65538e-17)
(25.6953 7.56601 -1.72041e-16)
(26.0194 7.61567 1.68299e-16)
(26.3478 7.63694 1.92291e-16)
(26.6784 7.62899 -3.61405e-16)
(27.0111 7.59064 -8.79642e-16)
(27.345 7.5201 -7.24552e-16)
(23.6259 6.09106 4.87414e-17)
(23.8325 6.31204 -3.22998e-17)
(24.0637 6.52368 1.17814e-17)
(24.3049 6.7092 1.43502e-18)
(24.5721 6.88056 -7.9935e-17)
(24.8534 7.02958 -3.01712e-17)
(25.1414 7.15181 1.56898e-17)
(25.4387 7.249 2.33283e-17)
(25.74 7.31994 -8.9619e-18)
(26.0436 7.36446 -9.8708e-18)
(26.3506 7.38266 -3.78551e-16)
(26.6591 7.37396 -8.87402e-17)
(26.9692 7.33726 2.21614e-16)
(27.2804 7.27114 1.79378e-16)
(27.5906 7.17386 1.08118e-15)
(23.7827 5.94937 6.20148e-17)
(23.9792 6.15615 1.22486e-16)
(24.1988 6.35373 -1.33136e-16)
(24.4273 6.5264 1.45466e-16)
(24.6801 6.68545 2.48916e-17)
(24.9459 6.82325 3.10862e-17)
(25.2173 6.93575 -4.66442e-17)
(25.4971 7.02464 -8.59641e-17)
(25.78 7.08898 -2.08754e-16)
(26.0645 7.12868 6.19092e-17)
(26.3516 7.14395 1.62405e-16)
(26.6397 7.13435 2.82795e-16)
(26.9288 7.09899 -3.60121e-16)
(27.2187 7.03663 -1.67508e-16)
(27.5077 6.94551 -4.57902e-16)
(23.9281 5.81569 -1.19034e-16)
(24.1151 6.00918 -1.48588e-17)
(24.3235 6.19359 2.23591e-16)
(24.5401 6.35427 -9.26109e-18)
(24.7793 6.50185 -5.04328e-17)
(25.0304 6.62924 -8.51304e-18)
(25.2864 6.73269 7.02077e-17)
(25.5498 6.81388 -3.97108e-17)
(25.8156 6.87207 2.05781e-16)
(26.0822 6.90726 -7.13321e-17)
(26.3509 6.91973 1.36964e-16)
(26.62 6.90922 -9.25657e-18)
(26.8896 6.87494 5.0138e-16)
(27.1597 6.81582 3.4103e-16)
(27.4288 6.73032 -3.67216e-16)
(24.063 5.68949 2.66148e-17)
(24.2408 5.87048 -1.0994e-16)
(24.4387 6.0426 -1.34816e-16)
(24.6439 6.19211 -1.28097e-17)
(24.8704 6.32901 4.39962e-17)
(25.1078 6.44671 -1.87885e-17)
(25.3492 6.54175 -4.09631e-18)
(25.5972 6.61582 -1.4722e-16)
(25.847 6.66827 -1.95777e-16)
(26.097 6.69925 2.48448e-16)
(26.3485 6.70911 -1.59472e-16)
(26.5999 6.69766 -1.34093e-16)
(26.8514 6.66428 3.48927e-16)
(27.103 6.60801 -4.65421e-16)
(27.3538 6.52753 4.61253e-16)
(27.6018 6.4215 -4.84502e-16)
(24.1882 5.57026 1.17868e-17)
(24.3572 5.7395 7.25509e-18)
(24.5451 5.90012 -3.64874e-17)
(24.7396 6.03923 3.897e-17)
(24.9541 6.1662 -2.85026e-17)
(25.1784 6.27488 -6.56104e-18)
(25.4062 6.36212 -6.35751e-17)
(25.6398 6.42956 2.56358e-16)
(25.8745 6.47672 -3.81746e-17)
(26.109 6.5038 -3.82113e-17)
(26.3444 6.5112 -3.22308e-16)
(26.5794 6.49885 -2.17223e-16)
(26.8141 6.46622 -5.90684e-16)
(27.0485 6.4125 1.67657e-16)
(27.2818 6.33655 2.92283e-16)
(27.5126 6.23692 -6.54197e-16)
(24.3044 5.45754 3.27529e-17)
(24.4651 5.61574 1.55234e-16)
(24.6434 5.76561 1.40122e-17)
(24.8278 5.89503 6.54716e-17)
(25.0308 6.01275 1.97126e-18)
(25.2429 6.11304 -9.46673e-18)
(25.4578 6.19305 6.9235e-17)
(25.6778 6.25437 2.3136e-17)
(25.8984 6.29662 -1.72312e-16)
(26.1184 6.32009 1.10382e-16)
(26.3389 6.32522 2.43178e-16)
(26.5584 6.31203 6.69569e-16)
(26.7774 6.28008 -3.50672e-16)
(26.9958 6.22865 -5.08316e-16)
(27.2129 6.15678 1.33221e-16)
(27.4276 6.06311 1.2362e-16)
(24.2885 5.20797 -4.28084e-18)
(24.4122 5.3508 1.33801e-17)
(24.565 5.49877 -9.24725e-17)
(24.7343 5.63861 -4.37428e-17)
(24.9091 5.75897 7.5372e-17)
(25.1013 5.86808 -6.91532e-17)
(25.3017 5.9606 7.94419e-18)
(25.5045 6.03391 1.49585e-17)
(25.7117 6.08954 -7.03593e-17)
(25.9191 6.12728 -7.48331e-17)
(26.1255 6.14742 -1.4251e-16)
(26.3319 6.15047 -3.53004e-18)
(26.5371 6.1365 -2.97102e-17)
(26.7414 6.10517 8.12449e-17)
(26.9448 6.05586 6.14993e-16)
(27.1467 5.98771 8.92053e-17)
(27.3464 5.89957 -7.22136e-16)
(27.5418 5.79038 -1.11468e-16)
(24.3949 5.11598 1.56246e-17)
(24.5125 5.2498 -7.09712e-17)
(24.6577 5.38818 -6.3177e-17)
(24.8184 5.51864 3.53365e-17)
(24.9839 5.63058 -6.5284e-17)
(25.1659 5.73167 4.95981e-17)
(25.3553 5.81694 1.3375e-17)
(25.5466 5.88405 -8.12884e-17)
(25.7418 5.93445 9.75602e-17)
(25.9367 5.96802 1.04341e-17)
(26.1304 5.98512 -1.09428e-16)
(26.3237 5.98627 2.89071e-16)
(26.5154 5.97161 -4.48579e-17)
(26.7059 5.94088 -4.55242e-18)
(26.8954 5.89355 -3.63465e-16)
(27.0831 5.82883 -3.67922e-16)
(27.2685 5.74578 6.73245e-16)
(27.4499 5.64324 4.46067e-16)
(24.4939 5.02886 -4.83724e-18)
(24.6057 5.15421 6.89267e-18)
(24.7436 5.2836 3.13247e-17)
(24.896 5.4053 1.32964e-16)
(25.0529 5.50936 2.22851e-17)
(25.2251 5.60297 1.00189e-17)
(25.4041 5.68154 -5.63584e-18)
(25.5846 5.74289 -3.17936e-17)
(25.7684 5.78846 -3.64315e-17)
(25.9516 5.81822 5.0126e-17)
(26.1333 5.83255 2.38384e-16)
(26.3142 5.83199 -2.5847e-16)
(26.4934 5.81675 2.11447e-17)
(26.6711 5.78661 -1.77337e-16)
(26.8475 5.74114 2.67632e-16)
(27.022 5.67966 7.45866e-16)
(27.194 5.6013 -4.40504e-16)
(27.3622 5.50502 -1.03291e-15)
(24.586 4.94633 -8.26018e-18)
(24.6923 5.06374 6.44337e-17)
(24.8233 5.1847 3.65183e-17)
(24.9678 5.29819 -6.9362e-17)
(25.1164 5.39491 -5.52596e-17)
(25.2793 5.48157 -3.93448e-17)
(25.4485 5.55389 2.00844e-17)
(25.6187 5.60995 -1.67594e-16)
(25.7918 5.65108 -4.23161e-17)
(25.964 5.67733 7.48189e-17)
(26.1344 5.68914 4.58441e-17)
(26.3037 5.68706 -1.47834e-16)
(26.4711 5.67133 -1.73442e-16)
(26.6368 5.6418 3.7849e-16)
(26.801 5.59812 -1.58063e-16)
(26.9631 5.53968 4.59315e-16)
(27.1226 5.46572 1.37581e-16)
(27.2786 5.37533 5.59522e-16)
(27.4289 5.26798 -5.4445e-16)
(24.6719 4.86816 -1.8875e-17)
(24.7729 4.97809 -3.62591e-17)
(24.8971 5.09115 5.10918e-17)
(25.0342 5.19696 3.61604e-17)
(25.1749 5.28681 4.19824e-17)
(25.329 5.367 2.94036e-17)
(25.4888 5.43357 -1.08914e-17)
(25.6493 5.48471 6.19035e-17)
(25.8122 5.52175 1.29472e-16)
(25.974 5.54482 5.17147e-17)
(26.1338 5.55437 -1.16189e-16)
(26.2923 5.55094 3.41289e-16)
(26.4487 5.53483 -1.65048e-18)
(26.6031 5.50594 2.71988e-16)
(26.7558 5.46399 9.73734e-17)
(26.9064 5.40844 -5.01354e-17)
(27.0543 5.3386 -7.80372e-16)
(27.1986 5.25378 -1.11579e-15)
(27.3375 5.15329 7.12253e-16)
(24.7518 4.79411 3.78941e-18)
(24.8477 4.89702 2.69234e-17)
(24.9656 5.00265 -1.09731e-16)
(25.0956 5.10127 4.08581e-17)
(25.2287 5.18473 -9.21689e-17)
(25.3745 5.25889 1.75383e-17)
(25.5253 5.32009 4.55779e-17)
(25.6766 5.36672 1.17595e-17)
(25.83 5.40002 5.11875e-17)
(25.982 5.4202 -3.48189e-16)
(26.1318 5.42771 1.27869e-16)
(26.2801 5.42311 -4.25405e-17)
(26.4261 5.40673 -3.59738e-20)
(26.57 5.37853 -2.31108e-16)
(26.712 5.33826 4.83673e-16)
(26.8518 5.28547 2.88952e-16)
(26.9888 5.21958 -3.20846e-16)
(27.1222 5.13995 4.91755e-16)
(27.2504 5.046 -7.76406e-16)
(24.8262 4.72396 -8.45638e-18)
(24.9173 4.82027 -6.60939e-17)
(25.0291 4.91894 7.15065e-17)
(25.1523 5.01082 -8.74807e-17)
(25.2783 5.0883 9.54666e-17)
(25.416 5.15686 1.71509e-19)
(25.5584 5.21311 1.09287e-17)
(25.701 5.25557 -9.40004e-18)
(25.8453 5.28545 4.52143e-17)
(25.9881 5.303 2.19619e-16)
(26.1285 5.3087 2.74325e-17)
(26.2672 5.30309 -2.36002e-17)
(26.4035 5.28656 -1.60723e-16)
(26.5375 5.25907 -3.69305e-16)
(26.6696 5.22046 2.26554e-16)
(26.7992 5.17034 -3.14784e-16)
(26.9261 5.10821 -4.39789e-17)
(27.0494 5.0335 2.25922e-16)
(27.1676 4.94574 5.94987e-16)
(24.8956 4.6575 1.53352e-17)
(24.982 4.74761 3.3909e-17)
(25.088 4.83973 -2.71663e-17)
(25.2046 4.92531 -3.9162e-18)
(25.3238 4.99722 -3.07719e-17)
(25.454 5.06057 -7.04132e-18)
(25.5883 5.11222 9.40509e-18)
(25.7227 5.15086 -6.85e-17)
(25.8584 5.17762 7.62481e-17)
(25.9924 5.19279 -3.22746e-16)
(26.124 5.19689 2.14295e-16)
(26.2537 5.19044 -1.92048e-16)
(26.3809 5.17386 -1.61751e-16)
(26.5058 5.14714 -5.4624e-16)
(26.6285 5.11017 1.93862e-16)
(26.7487 5.06263 -5.70211e-16)
(26.8661 5.0041 8.22612e-17)
(26.9799 4.93409 6.40546e-17)
(27.0889 4.8522 2.95651e-16)
(24.9602 4.59453 -1.6692e-17)
(25.0422 4.6788 2.07469e-17)
(25.1426 4.7648 -3.78577e-17)
(25.253 4.84449 8.22092e-17)
(25.3657 4.91118 -9.03049e-18)
(25.4886 4.96969 -2.11487e-17)
(25.6153 5.01711 1.25711e-17)
(25.7419 5.05222 1.1072e-16)
(25.8695 5.07612 -1.99312e-16)
(25.9953 5.08919 1.16137e-16)
(26.1185 5.09187 -1.38099e-16)
(26.2398 5.08472 3.60273e-16)
(26.3585 5.06819 3.29569e-16)
(26.4747 5.04229 5.52116e-16)
(26.5887 5.00695 3.93648e-16)
(26.7001 4.96192 5.09768e-16)
(26.8087 4.90684 -1.30452e-16)
(26.9137 4.8413 6.13195e-17)
(27.0141 4.76497 -8.03083e-17)
(27.1084 4.6779 -2.29582e-16)
(25.0203 4.53485 -2.06916e-17)
(25.0981 4.61366 1.21537e-16)
(25.1932 4.6939 -2.30897e-17)
(25.2977 4.76807 -4.12761e-17)
(25.4042 4.82993 -5.10375e-17)
(25.5202 4.88393 3.35586e-17)
(25.6397 4.92741 -5.71694e-18)
(25.7588 4.9593 1.09416e-16)
(25.8787 4.98062 -1.92413e-17)
(25.9967 4.99176 -9.78439e-17)
(26.1122 4.99322 3.00899e-16)
(26.2255 4.98553 -9.52496e-17)
(26.3362 4.96913 -2.9455e-17)
(26.4444 4.9441 -3.63018e-16)
(26.5502 4.91038 1.65501e-16)
(26.6535 4.86778 -5.4355e-16)
(26.7539 4.81602 -5.70216e-16)
(26.8507 4.75473 3.38344e-16)
(26.9432 4.68374 -1.47263e-16)
(27.0298 4.60301 -3.25983e-16)
(25.0764 4.47828 -1.5258e-17)
(25.15 4.55197 -1.5791e-17)
(25.2401 4.62683 1.97842e-16)
(25.3389 4.69584 -3.44761e-17)
(25.4395 4.75317 3.13347e-17)
(25.549 4.80299 -4.18437e-17)
(25.6616 4.84286 1.2213e-18)
(25.7737 4.87177 -6.7099e-17)
(25.8864 4.89073 1.34263e-16)
(25.997 4.90018 -2.42229e-16)
(26.1051 4.90058 -1.56315e-16)
(26.211 4.89246 1.17408e-16)
(26.3142 4.8763 -1.6684e-16)
(26.4148 4.85216 -1.46656e-16)
(26.5131 4.82005 -1.97235e-16)
(26.6088 4.77983 -8.42506e-17)
(26.7016 4.73125 1.28091e-16)
(26.7909 4.67405 -5.43145e-16)
(26.8759 4.6081 -6.53578e-18)
(26.9553 4.53337 1.47031e-16)
(25.1286 4.42466 -3.22942e-17)
(25.1984 4.49355 -8.15663e-18)
(25.2836 4.56338 -5.85071e-17)
(25.377 4.62756 -6.02114e-17)
(25.472 4.68069 7.35863e-17)
(25.5752 4.72663 1.57296e-17)
(25.6813 4.76314 1.12429e-17)
(25.7867 4.78933 -1.05402e-16)
(25.8925 4.80617 9.26792e-17)
(25.9963 4.81409 1.01199e-16)
(26.0974 4.81357 1.90234e-16)
(26.1963 4.80515 -1.75554e-16)
(26.2925 4.78929 -1.31327e-17)
(26.3861 4.76609 3.14549e-16)
(26.4774 4.73558 1.37701e-16)
(26.566 4.69766 -2.70673e-16)
(26.6518 4.65215 1.95863e-16)
(26.7341 4.59885 7.72484e-16)
(26.8123 4.53766 -2.09848e-17)
(26.8851 4.46866 1.85609e-16)
(25.1773 4.37386 3.42034e-17)
(25.2433 4.43824 -2.0979e-17)
(25.3238 4.50335 5.15181e-17)
(25.4121 4.56304 4.16649e-17)
(25.5017 4.61224 -6.20689e-17)
(25.5991 4.65458 3.19697e-18)
(25.6989 4.688 1.2349e-17)
(25.798 4.7117 1.61781e-17)
(25.8973 4.72659 -1.67353e-16)
(25.9945 4.73316 -1.36352e-16)
(26.0891 4.73187 -1.60208e-16)
(26.1815 4.72325 3.46413e-16)
(26.2711 4.70776 -9.40758e-17)
(26.3582 4.68551 -1.63495e-16)
(26.4429 4.65658 -4.42377e-16)
(26.525 4.62091 3.58682e-16)
(26.6043 4.57834 2.70781e-16)
(26.6803 4.52876 -1.03619e-16)
(26.7522 4.4721 -4.31092e-16)
(26.819 4.4085 1.48918e-16)
(25.2226 4.32573 -4.85106e-18)
(25.285 4.38589 -6.93452e-17)
(25.3611 4.44658 -7.14161e-17)
(25.4444 4.50206 8.55338e-18)
(25.529 4.54761 -2.49575e-18)
(25.6207 4.58661 -7.98869e-18)
(25.7146 4.61717 -5.41501e-17)
(25.8077 4.63858 3.80404e-18)
(25.9009 4.65174 4.67313e-17)
(25.992 4.6571 1.61722e-16)
(26.0804 4.65515 1.21908e-16)
(26.1667 4.64641 -1.07178e-17)
(26.2502 4.63134 -3.0098e-16)
(26.3312 4.61008 2.23014e-16)
(26.4098 4.5827 1.68489e-16)
(26.4859 4.5492 2.05651e-16)
(26.5592 4.50947 -1.99328e-16)
(26.6292 4.46342 -6.55955e-16)
(26.6954 4.41106 2.03518e-16)
(26.7568 4.35254 -3.18271e-17)
(26.8123 4.28857 -6.50057e-17)
(25.2649 4.28017 1.12604e-18)
(25.3238 4.33635 7.30148e-17)
(25.3957 4.39291 -1.4112e-17)
(25.4743 4.44446 -1.41859e-17)
(25.5539 4.4866 1.33743e-17)
(25.6403 4.5225 -1.24973e-17)
(25.7286 4.55043 1.44297e-17)
(25.816 4.56975 -8.17914e-18)
(25.9034 4.58131 1.34501e-17)
(25.9887 4.58561 3.5548e-17)
(26.0714 4.58312 -4.67666e-17)
(26.1519 4.57433 -8.78657e-17)
(26.2297 4.55972 -7.01125e-17)
(26.3051 4.53944 -2.40403e-16)
(26.378 4.51359 1.58749e-16)
(26.4485 4.48219 2.29248e-16)
(26.5163 4.44517 1.67751e-16)
(26.5809 4.40249 3.98592e-16)
(26.6419 4.3542 -1.23355e-16)
(26.6983 4.30051 1.98685e-16)
(26.7493 4.24209 -2.69239e-16)
(25.3043 4.23707 -4.92225e-18)
(25.3599 4.28951 1.49286e-17)
(25.4276 4.34217 -1.03137e-17)
(25.5017 4.39004 7.08882e-18)
(25.5768 4.42902 6.2053e-17)
(25.658 4.46204 -1.35267e-17)
(25.741 4.48753 -1.78371e-17)
(25.8231 4.50494 3.82965e-17)
(25.905 4.51507 2.16635e-18)
(25.9849 4.51843 3.1661e-17)
(26.0621 4.51548 5.52768e-17)
(26.1372 4.50671 3.22406e-16)
(26.2097 4.4926 -1.74557e-16)
(26.2798 4.4733 2.60794e-16)
(26.3475 4.44893 -4.12173e-16)
(26.4128 4.41954 -1.88811e-16)
(26.4755 4.38512 1.49866e-16)
(26.5353 4.34562 -5.08493e-16)
(26.5915 4.30118 2.54674e-16)
(26.6434 4.25201 -2.24308e-16)
(26.6903 4.19877 -1.59986e-16)
(25.3409 4.19632 -1.22377e-17)
(25.3934 4.24522 2.15598e-17)
(25.4572 4.29423 -7.01881e-17)
(25.527 4.33865 -7.11844e-17)
(25.5976 4.37467 2.9792e-17)
(25.674 4.40502 1.44256e-17)
(25.752 4.42828 6.79035e-17)
(25.829 4.44393 -7.13208e-17)
(25.9057 4.45276 -3.26627e-17)
(25.9804 4.4553 2.18181e-16)
(26.0526 4.45197 -4.80801e-16)
(26.1227 4.44327 6.02158e-16)
(26.1902 4.42967 -8.13834e-17)
(26.2554 4.41133 -1.73298e-16)
(26.3183 4.3884 -3.95926e-16)
(26.3788 4.36095 -8.05676e-17)
(26.4369 4.32897 9.39465e-17)
(26.4921 4.29249 -3.0056e-16)
(26.544 4.25165 5.84195e-16)
(26.592 4.20669 -3.62316e-16)
(26.6351 4.15829 1.52238e-16)
(25.3749 4.15779 -4.31762e-18)
(25.4244 4.20336 -1.3161e-17)
(25.4846 4.24893 8.44622e-17)
(25.5503 4.29013 -1.6169e-18)
(25.6167 4.32339 8.88117e-18)
(25.6885 4.35126 1.74291e-17)
(25.7617 4.37244 -5.49021e-17)
(25.8338 4.3865 1.73888e-17)
(25.9057 4.39417 -1.16392e-16)
(25.9756 4.39597 -4.77507e-18)
(26.043 4.39233 -2.08545e-16)
(26.1083 4.38375 -2.37563e-16)
(26.1712 4.37067 4.55834e-16)
(26.2318 4.35327 2.70483e-16)
(26.2903 4.33172 -6.7964e-17)
(26.3464 4.3061 5.85006e-16)
(26.4002 4.27644 2.69428e-16)
(26.4514 4.24279 2.00362e-16)
(26.4994 4.20533 -7.07684e-17)
(26.5437 4.16429 -2.5661e-16)
(26.5836 4.12037 4.04314e-17)
(25.4065 4.12137 -5.91287e-18)
(25.4532 4.16379 -4.62364e-18)
(25.5098 4.20614 7.70415e-19)
(25.5717 4.24432 5.70379e-17)
(25.6341 4.27499 1.46528e-17)
(25.7015 4.30057 -2.0986e-17)
(25.7701 4.31985 1.20563e-17)
(25.8378 4.33244 2.0025e-17)
(25.905 4.33905 -2.68505e-17)
(25.9703 4.3402 -2.31248e-16)
(26.0333 4.33633 2.68097e-16)
(26.0942 4.32788 7.3043e-17)
(26.1528 4.31533 -3.46068e-16)
(26.2091 4.29885 -1.05834e-16)
(26.2634 4.27861 -9.61939e-17)
(26.3156 4.25473 1.72767e-16)
(26.3655 4.22724 -3.70853e-16)
(26.4129 4.19624 1.99719e-16)
(26.4574 4.1619 1.78052e-16)
(26.4985 4.12451 6.20589e-17)
(26.5355 4.0847 1.94063e-16)
(26.5677 4.04331 1.58757e-16)
(25.4358 4.08693 -4.96012e-18)
(25.4798 4.12641 5.12134e-17)
(25.5331 4.16572 -3.65989e-17)
(25.5913 4.20106 -3.13372e-17)
(25.6499 4.22934 -7.51158e-17)
(25.7131 4.25278 5.51273e-18)
(25.7775 4.27028 -3.70542e-17)
(25.8408 4.28153 2.28179e-17)
(25.9037 4.2872 7.2496e-17)
(25.9648 4.28778 1.36171e-16)
(26.0235 4.28371 2.67986e-16)
(26.0803 4.27543 3.67517e-16)
(26.1349 4.2634 -3.4678e-16)
(26.1873 4.24781 -1.81685e-17)
(26.2378 4.22882 -2.33189e-16)
(26.2862 4.20656 -1.27077e-16)
(26.3325 4.18111 2.37425e-17)
(26.3765 4.15257 7.06369e-16)
(26.4179 4.12112 -5.66956e-16)
(26.4561 4.08707 -2.98423e-16)
(26.4905 4.05103 2.57908e-16)
(26.5206 4.01383 -1.46104e-16)
(25.4631 4.05436 7.5578e-20)
(25.5045 4.09106 -2.36353e-17)
(25.5546 4.12753 4.5308e-17)
(25.6092 4.16022 2.15155e-17)
(25.6642 4.18625 1.38794e-17)
(25.7235 4.2077 -3.57566e-19)
(25.7837 4.22358 2.12966e-17)
(25.843 4.2336 2.89145e-17)
(25.9019 4.23839 -9.04258e-17)
(25.9589 4.23848 -5.48824e-17)
(26.0137 4.23426 -7.66721e-17)
(26.0667 4.22617 -1.18459e-16)
(26.1175 4.21466 4.24522e-16)
(26.1663 4.1999 -9.34941e-17)
(26.2132 4.18209 3.20777e-16)
(26.2582 4.16136 -5.39375e-17)
(26.3013 4.1378 3.38697e-18)
(26.3422 4.11152 -4.62644e-16)
(26.3807 4.08273 7.8317e-16)
(26.4163 4.05174 -4.42176e-17)
(26.4485 4.0191 9.43585e-17)
(26.4768 3.98565 -9.68516e-17)
(25.4883 4.02354 1.48033e-17)
(25.5273 4.05764 -2.84475e-17)
(25.5744 4.09145 -4.46894e-17)
(25.6256 4.12165 3.28715e-17)
(25.6771 4.1456 -3.27145e-17)
(25.7326 4.1652 7.75243e-18)
(25.7891 4.17956 5.98242e-18)
(25.8445 4.18845 -1.04057e-16)
(25.8995 4.19246 1.45881e-16)
(25.9527 4.1921 -2.06695e-16)
(26.0039 4.18777 -1.60904e-16)
(26.0533 4.17988 1.29995e-16)
(26.1006 4.16886 -2.86671e-16)
(26.1461 4.1549 -1.4798e-16)
(26.1897 4.1382 -4.44921e-16)
(26.2316 4.11888 2.48219e-17)
(26.2717 4.09707 2.0382e-17)
(26.3098 4.07287 7.43225e-17)
(26.3457 4.04651 -2.14186e-16)
(26.379 4.01827 -1.07799e-16)
(26.4092 3.98872 1.60393e-16)
(26.4359 3.95863 4.2352e-18)
(25.5118 3.99436 3.6749e-18)
(25.5484 4.02604 1.19464e-17)
(25.5925 4.05737 -5.05381e-17)
(25.6405 4.08525 6.35912e-19)
(25.6888 4.10723 3.30366e-18)
(25.7407 4.12511 -5.56842e-18)
(25.7935 4.13807 -2.73516e-17)
(25.8453 4.14591 1.06675e-16)
(25.8966 4.1492 4.41236e-17)
(25.9463 4.14846 1.44068e-16)
(25.9941 4.14404 -1.36143e-16)
(26.0401 4.13634 1.41023e-16)
(26.0842 4.12581 -9.22256e-17)
(26.1266 4.1126 6.46249e-16)
(26.1672 4.09692 1.59115e-16)
(26.2062 4.07892 2.56537e-16)
(26.2436 4.0587 2.41561e-17)
(26.2791 4.03641 -2.38908e-16)
(26.3126 4.01224 1.88928e-16)
(26.3439 3.98651 8.26866e-19)
(26.3724 3.95972 -1.17399e-16)
(26.3976 3.93261 -1.13913e-16)
(25.5336 3.96674 -2.49316e-17)
(25.5679 3.99617 3.54414e-17)
(25.6092 4.02518 -7.09599e-17)
(25.6542 4.05089 -4.66364e-17)
(25.6993 4.07105 6.79074e-18)
(25.7478 4.08731 1.22765e-18)
(25.7971 4.09896 5.207e-17)
(25.8454 4.10583 -1.15034e-16)
(25.8933 4.10847 -1.67153e-16)
(25.9397 4.10736 -7.66813e-17)
(25.9842 4.10287 1.73619e-16)
(26.0271 4.09538 2.50676e-17)
(26.0682 4.08529 1.93312e-16)
(26.1077 4.07278 -3.16317e-16)
(26.1456 4.05806 -4.08993e-16)
(26.182 4.04125 2.9907e-16)
(26.2169 4.0225 -5.90064e-16)
(26.2501 4.00193 1.69097e-16)
(26.2815 3.97975 -2.50603e-16)
(26.3108 3.95625 2.97231e-17)
(26.3377 3.93191 3.11016e-16)
(26.3618 3.90746 9.50151e-17)
(25.5539 3.94063 7.7341e-18)
(25.586 3.96796 -7.64576e-17)
(25.6246 3.9948 1.14616e-16)
(25.6666 4.01848 2.03189e-17)
(25.7087 4.03694 1.74838e-17)
(25.754 4.0517 -1.17716e-17)
(25.7999 4.06212 -6.72749e-18)
(25.845 4.06808 -2.02448e-18)
(25.8896 4.0701 -2.15862e-17)
(25.9328 4.06866 2.18361e-16)
(25.9743 4.0641 -3.40411e-16)
(26.0143 4.0568 3.00744e-16)
(26.0526 4.04713 1.2676e-17)
(26.0894 4.03527 8.30538e-17)
(26.1248 4.02141 3.20193e-16)
(26.1588 4.00571 -2.34769e-16)
(26.1914 3.98827 4.47968e-16)
(26.2225 3.96925 -4.63714e-17)
(26.252 3.94885 -2.16881e-16)
(26.2797 3.92735 5.83595e-17)
(26.3052 3.90519 -1.00227e-16)
(26.3282 3.88305 2.88392e-16)
(25.5727 3.91598 -7.93686e-18)
(25.6026 3.94134 6.31183e-17)
(25.6387 3.96617 -5.52206e-17)
(25.6778 3.98795 5.84505e-17)
(25.7171 4.00482 -1.30227e-17)
(25.7593 4.01817 -1.36363e-17)
(25.8021 4.02745 -5.74675e-17)
(25.844 4.03256 1.14531e-16)
(25.8856 4.034 -7.94507e-17)
(25.9258 4.03223 -2.36939e-16)
(25.9644 4.0276 1.39014e-16)
(26.0017 4.02046 -3.33252e-16)
(26.0374 4.01116 2.74669e-16)
(26.0717 3.99989 -1.39075e-16)
(26.1047 3.98682 -5.39487e-16)
(26.1365 3.97209 2.34775e-16)
(26.167 3.95584 -3.48744e-17)
(26.1962 3.93821 -8.59318e-17)
(26.224 3.91939 -8.67522e-17)
(26.2501 3.89965 6.89093e-17)
(26.2744 3.8794 -2.04296e-16)
(26.2964 3.85927 1.13285e-17)
(26.3156 3.84031 -6.35041e-17)
(25.5901 3.89275 8.62346e-18)
(25.618 3.91627 8.00695e-17)
(25.6516 3.93922 -4.28828e-17)
(25.688 3.95924 -5.51473e-17)
(25.7246 3.97461 6.45619e-17)
(25.7638 3.98666 4.28659e-18)
(25.8036 3.99486 4.28951e-17)
(25.8426 3.99916 -1.03789e-16)
(25.8813 4.00004 2.36e-16)
(25.9187 3.99796 -2.05362e-16)
(25.9546 3.99324 -3.01251e-17)
(25.9892 3.98622 -2.31751e-16)
(26.0225 3.97725 -2.36944e-16)
(26.0544 3.96649 1.63275e-16)
(26.0853 3.95411 -4.20952e-17)
(26.115 3.94026 -3.76402e-16)
(26.1436 3.92505 -2.22519e-16)
(26.1711 3.90864 2.52506e-16)
(26.1973 3.89121 -5.86152e-18)
(26.2221 3.87301 -1.99319e-16)
(26.2452 3.85444 1.89557e-16)
(26.2663 3.83606 1.15467e-16)
(26.285 3.81882 2.22248e-17)
(25.6063 3.87091 7.95506e-18)
(25.6322 3.89272 -6.91238e-17)
(25.6634 3.9139 -2.08743e-17)
(25.6972 3.93226 5.29247e-17)
(25.7312 3.94625 -4.27225e-17)
(25.7676 3.95709 -1.08357e-18)
(25.8046 3.96428 -5.2796e-17)
(25.8408 3.96783 6.04684e-17)
(25.8767 3.96818 -1.04126e-16)
(25.9114 3.96577 2.14958e-16)
(25.9448 3.96094 3.84637e-17)
(25.977 3.954 1.83021e-16)
(26.0079 3.94528 2.7827e-17)
(26.0377 3.93495 -1.93169e-16)
(26.0665 3.92317 3.59873e-16)
(26.0943 3.91007 4.71282e-17)
(26.1211 3.89578 -1.83499e-16)
(26.147 3.88043 3.20644e-16)
(26.1717 3.86421 1.10457e-16)
(26.1953 3.84734 -2.56997e-16)
(26.2174 3.83021 4.76517e-17)
(26.2377 3.81333 1.33351e-17)
(26.2558 3.79754 1.14876e-17)
(25.6213 3.85044 1.24775e-18)
(25.6453 3.87063 1.872e-17)
(25.6742 3.89016 -5.56016e-17)
(25.7055 3.90698 5.76095e-17)
(25.737 3.91967 2.67765e-17)
(25.7708 3.92938 -2.00368e-17)
(25.8051 3.93566 -1.46741e-17)
(25.8387 3.9385 7.13974e-17)
(25.8719 3.93834 1.04962e-16)
(25.9042 3.93561 -3.92058e-17)
(25.9351 3.93063 8.72038e-17)
(25.965 3.92371 3.43263e-17)
(25.9937 3.91518 -1.76503e-16)
(26.0214 3.90518 2.97727e-16)
(26.0482 3.89389 -3.05699e-16)
(26.0742 3.88144 6.55065e-16)
(26.0994 3.86792 -3.07207e-16)
(26.1238 3.85348 -1.20186e-16)
(26.1472 3.83828 4.51489e-16)
(26.1696 3.82256 -5.22025e-17)
(26.1908 3.80665 2.32838e-17)
(26.2103 3.79102 -3.17252e-16)
(26.228 3.77644 1.28084e-16)
(25.6351 3.83131 4.4428e-18)
(25.6574 3.84996 9.15042e-19)
(25.684 3.86794 1.03109e-16)
(25.713 3.88331 -7.92948e-17)
(25.7421 3.89482 -2.03137e-17)
(25.7734 3.90348 -6.9121e-18)
(25.8051 3.90889 -3.17467e-18)
(25.8362 3.91109 -9.46347e-18)
(25.867 3.91045 -1.6875e-16)
(25.8969 3.90739 1.75965e-16)
(25.9255 3.90225 8.38961e-17)
(25.9532 3.8953 -5.47942e-18)
(25.9799 3.88689 -1.41726e-16)
(26.0056 3.87716 -2.06812e-16)
(26.0306 3.86625 3.47599e-16)
(26.0549 3.85431 -3.20341e-16)
(26.0785 3.84142 -2.03392e-18)
(26.1014 3.82773 2.30847e-16)
(26.1236 3.8134 -9.01119e-17)
(26.1449 3.79862 2.5273e-16)
(26.1652 3.78373 -1.6174e-16)
(26.184 3.76914 -4.48011e-17)
(26.2012 3.75554 1.46215e-16)
(25.6479 3.81342 -1.3873e-17)
(25.6684 3.83062 -3.606e-17)
(25.693 3.84714 -3.36615e-17)
(25.7197 3.86117 -3.59468e-17)
(25.7466 3.87156 4.72996e-18)
(25.7754 3.87927 -1.93456e-18)
(25.8047 3.88389 -1.29462e-17)
(25.8334 3.8855 1.29295e-17)
(25.8619 3.88441 -5.31061e-18)
(25.8895 3.88105 -1.77593e-16)
(25.9161 3.87573 1.2191e-16)
(25.9417 3.86874 9.39684e-19)
(25.9664 3.8604 1.21087e-16)
(25.9903 3.85085 2.79354e-16)
(26.0136 3.84024 -3.52005e-16)
(26.0362 3.82868 5.31297e-16)
(26.0583 3.81629 -8.11195e-17)
(26.0799 3.80319 2.15961e-16)
(26.1008 3.78954 -2.18247e-16)
(26.1211 3.77553 -3.34425e-16)
(26.1405 3.76145 1.84088e-16)
(26.1587 3.74771 1.95542e-16)
(26.1754 3.73489 -1.18351e-16)
(25.6597 3.79669 7.41845e-18)
(25.6785 3.8125 -6.17125e-18)
(25.7011 3.82765 -1.54391e-17)
(25.7257 3.84041 -3.47662e-17)
(25.7504 3.84979 5.08873e-17)
(25.7769 3.85661 -4.32482e-18)
(25.8039 3.86053 -1.20271e-17)
(25.8304 3.8616 -3.4239e-17)
(25.8567 3.86011 2.45002e-17)
(25.8822 3.85647 1.07355e-17)
(25.9067 3.85101 -3.47574e-16)
(25.9304 3.84397 3.3952e-16)
(25.9533 3.83568 -1.75997e-16)
(25.9755 3.82626 2.66685e-16)
(25.9971 3.81585 -8.45371e-17)
(26.0182 3.80457 -2.5237e-16)
(26.0389 3.79253 -1.24861e-16)
(26.0591 3.77987 9.93472e-17)
(26.0788 3.76673 1.22128e-16)
(26.098 3.7533 -6.49923e-17)
(26.1166 3.73986 9.06593e-17)
(26.1341 3.72674 -2.14e-16)
(26.1503 3.71453 -7.58679e-17)
(25.6704 3.78105 -1.64269e-17)
(25.6877 3.79555 3.22293e-17)
(25.7084 3.80939 2.05441e-17)
(25.7309 3.82097 5.82042e-17)
(25.7536 3.82939 -6.01408e-18)
(25.7779 3.8354 -6.98667e-18)
(25.8027 3.83867 1.61475e-18)
(25.827 3.83926 5.7769e-17)
(25.8513 3.8374 -4.51453e-17)
(25.8748 3.83357 1.27744e-16)
(25.8974 3.828 3.23632e-16)
(25.9194 3.82092 -5.00591e-16)
(25.9406 3.81267 1.25042e-16)
(25.9611 3.80335 -5.90764e-17)
(25.9812 3.79308 -2.64336e-17)
(26.0008 3.78198 1.88034e-16)
(26.02 3.77018 -1.36063e-16)
(26.0389 3.7578 6.73187e-17)
(26.0575 3.745 -3.28423e-16)
(26.0757 3.73197 3.86017e-19)
(26.0933 3.71895 4.00479e-17)
(26.1102 3.70629 8.27915e-17)
(26.1259 3.69449 -2.43759e-17)
(25.6803 3.76641 -1.10913e-18)
(25.6961 3.77967 -1.14499e-17)
(25.715 3.79228 -8.6985e-18)
(25.7355 3.80273 -1.65981e-16)
(25.7562 3.81026 8.85586e-17)
(25.7784 3.81549 -3.07839e-18)
(25.8011 3.81818 1.55146e-17)
(25.8234 3.81835 -3.05523e-17)
(25.8457 3.81618 6.41101e-18)
(25.8673 3.81225 -2.03622e-16)
(25.8881 3.80662 -8.19336e-17)
(25.9084 3.79953 1.67382e-16)
(25.9281 3.79132 -2.80835e-16)
(25.9471 3.7821 1.37898e-16)
(25.9656 3.77193 5.49578e-17)
(25.9838 3.76095 -4.89911e-17)
(26.0016 3.74927 2.24648e-16)
(26.0192 3.73704 8.68556e-17)
(26.0367 3.72442 -1.23861e-16)
(26.0539 3.7116 -8.33653e-17)
(26.0707 3.69883 2.67942e-17)
(26.0868 3.68646 1.44958e-16)
(26.102 3.67493 2.20859e-17)
(26.1159 3.66478 1.21151e-16)
(25.6893 3.75262 -5.3898e-18)
(25.7036 3.76471 4.99611e-17)
(25.7207 3.77615 8.93742e-17)
(25.7394 3.78556 1.51335e-16)
(25.7582 3.79227 -1.04267e-16)
(25.7784 3.79679 -1.65298e-17)
(25.7992 3.79899 -2.59829e-18)
(25.8194 3.79875 5.16638e-17)
(25.8399 3.79637 -4.67716e-17)
(25.8597 3.79246 1.86786e-16)
(25.8788 3.78675 -1.13227e-16)
(25.8976 3.77961 -5.71937e-17)
(25.9158 3.77149 1.94399e-16)
(25.9334 3.76238 -2.17839e-16)
(25.9505 3.7523 1.49284e-16)
(25.9672 3.7414 3.69948e-17)
(25.9838 3.72979 -1.33215e-16)
(26.0002 3.71762 2.37114e-16)
(26.0165 3.70504 1.63621e-16)
(26.0327 3.69228 -2.23036e-16)
(26.0487 3.67962 -7.51591e-17)
(26.0642 3.66737 -1.96699e-16)
(26.0788 3.65597 3.58499e-17)
(26.0922 3.64587 3.40516e-17)
(25.6975 3.73954 -1.77804e-17)
(25.7104 3.75054 6.54789e-18)
(25.7258 3.76089 -1.0068e-17)
(25.7426 3.76934 9.79839e-19)
(25.7595 3.77532 1.78588e-17)
(25.7778 3.77921 -1.07181e-17)
(25.7967 3.78101 2.04664e-17)
(25.815 3.78041 -8.55335e-18)
(25.834 3.77799 -9.88141e-18)
(25.8518 3.77417 -1.88939e-17)
(25.8694 3.76823 -1.22334e-16)
(25.887 3.76097 8.16521e-17)
(25.9039 3.75299 3.89405e-17)
(25.9201 3.74403 3.99344e-16)
(25.9358 3.73406 2.3893e-17)
(25.9512 3.72324 9.14536e-17)
(25.9665 3.71168 -7.45489e-17)
(25.9817 3.69951 -1.59334e-16)
(25.997 3.6869 1.13384e-16)
(26.0123 3.67411 5.90833e-17)
(26.0274 3.66141 -4.39577e-17)
(26.0423 3.64916 -1.30766e-17)
(26.0563 3.63775 4.57671e-17)
(26.0693 3.6276 5.64339e-17)
(25.7037 3.72909 6.28342e-18)
(25.7155 3.7392 -1.75357e-17)
(25.7295 3.74858 -5.19853e-17)
(25.7448 3.75603 -4.09315e-17)
(25.7603 3.76112 3.3267e-17)
(25.7768 3.76407 9.88942e-18)
(25.794 3.76502 -1.84143e-17)
(25.8103 3.76338 9.09297e-17)
(25.8277 3.76045 -1.03371e-17)
(25.843 3.7552 3.24612e-17)
(25.8588 3.74895 -4.70311e-17)
(25.8753 3.74246 -1.58137e-16)
(25.8916 3.73554 -8.59679e-17)
(25.907 3.7274 -1.32191e-16)
(25.922 3.71805 8.77621e-17)
(25.9366 3.70775 -2.13289e-16)
(25.9512 3.69661 -3.31476e-17)
(25.9656 3.68474 1.23371e-16)
(25.9802 3.67234 -1.02386e-17)
(25.9949 3.65968 -2.43344e-16)
(26.0096 3.64705 1.0616e-16)
(26.0241 3.6348 5.43191e-17)
(26.0379 3.62337 -3.8668e-17)
(26.0506 3.61313 2.98055e-17)
(25.7087 3.72099 1.00065e-18)
(25.7196 3.73032 3.12719e-17)
(25.7325 3.73876 -2.39924e-17)
(25.7465 3.74515 1.17905e-17)
(25.7606 3.74912 1.50804e-17)
(25.7756 3.7508 -1.86419e-17)
(25.791 3.75046 6.05514e-18)
(25.8053 3.74733 3.35895e-17)
(25.8206 3.74339 -1.13002e-16)
(25.833 3.73568 -2.41564e-18)
(25.8468 3.72898 1.65895e-16)
(25.8628 3.72392 -3.09545e-16)
(25.8789 3.71856 -4.84117e-17)
(25.894 3.71162 -7.62232e-17)
(25.9086 3.70324 1.62126e-16)
(25.923 3.69376 -3.12567e-16)
(25.9371 3.68328 -1.66642e-16)
(25.9511 3.67193 2.39527e-16)
(25.9653 3.65992 -2.04108e-16)
(25.9796 3.64752 4.22412e-17)
(25.994 3.63504 -5.53455e-17)
(26.0081 3.62286 -1.10769e-16)
(26.0217 3.6114 -4.30709e-18)
(26.0343 3.60105 1.16878e-16)
(25.7135 3.7127 -5.03061e-19)
(25.7235 3.72131 -6.39821e-19)
(25.7352 3.72886 9.75776e-17)
(25.7479 3.73427 -5.46163e-17)
(25.7606 3.73721 -5.6313e-17)
(25.774 3.73777 -9.19469e-18)
(25.7876 3.73628 7.39649e-18)
(25.7999 3.73189 -2.62701e-17)
(25.8132 3.72703 -2.81742e-17)
(25.8229 3.71714 -3.68065e-17)
(25.8346 3.71007 -1.74078e-16)
(25.8499 3.7063 -7.48128e-17)
(25.8659 3.70226 1.54465e-16)
(25.8807 3.69635 5.75724e-17)
(25.895 3.68884 -5.28379e-17)
(25.909 3.68012 3.8966e-16)
(25.9228 3.67028 3.00709e-16)
(25.9364 3.65943 1.00619e-16)
(25.9501 3.64782 -1.99363e-16)
(25.964 3.6357 1.12498e-16)
(25.9781 3.62337 9.09579e-18)
(25.992 3.61123 9.61713e-17)
(26.0053 3.59968 -1.53533e-16)
(26.0176 3.58911 -2.44194e-17)
(25.7183 3.70432 3.56718e-18)
(25.7273 3.71223 -8.05473e-17)
(25.7378 3.71894 -7.29273e-17)
(25.7491 3.72343 5.85039e-17)
(25.7603 3.72545 3.27206e-17)
(25.772 3.72501 3.03438e-17)
(25.7837 3.72248 5.26765e-18)
(25.7942 3.71705 2.60313e-17)
(25.8054 3.71132 2.8713e-17)
(25.8126 3.69971 1.66833e-16)
(25.8224 3.69241 2.40064e-17)
(25.837 3.6897 2.24759e-16)
(25.8528 3.68672 -4.59452e-17)
(25.8672 3.68162 -4.58226e-17)
(25.8811 3.67483 -2.32718e-16)
(25.8949 3.66673 6.78827e-17)
(25.9083 3.65742 3.86702e-17)
(25.9214 3.64703 1.42969e-16)
(25.9347 3.63578 -4.43023e-18)
(25.9482 3.62394 9.49556e-17)
(25.9619 3.61177 -1.29833e-16)
(25.9755 3.59968 3.55012e-17)
(25.9885 3.58803 5.19776e-17)
(26.0006 3.57725 -2.7e-17)
(25.723 3.6959 1.01381e-17)
(25.7309 3.70312 2.7755e-17)
(25.7401 3.70905 8.27524e-18)
(25.7501 3.71271 -6.27246e-18)
(25.7598 3.71388 -6.62041e-17)
(25.7698 3.7126 9.50332e-18)
(25.7796 3.70917 6.67791e-19)
(25.7883 3.70292 -2.51056e-17)
(25.7975 3.6964 -1.57054e-17)
(25.8024 3.68366 -1.25166e-16)
(25.8104 3.67627 -9.82926e-18)
(25.8242 3.67437 1.43337e-16)
(25.8396 3.67213 -6.52207e-17)
(25.8536 3.6676 -1.04456e-16)
(25.8671 3.6613 2.66836e-16)
(25.8805 3.65365 -1.70984e-16)
(25.8935 3.64474 -7.12826e-17)
(25.9062 3.63472 -2.4447e-16)
(25.919 3.62381 -7.9541e-17)
(25.9321 3.61224 -2.20646e-17)
(25.9454 3.60028 -1.06018e-16)
(25.9586 3.58826 1.15087e-16)
(25.9713 3.57654 1.37161e-17)
(25.9832 3.56554 -4.94664e-17)
(25.7276 3.68746 -1.68252e-17)
(25.7344 3.69402 3.97423e-17)
(25.7423 3.6992 3.94695e-17)
(25.7508 3.70211 -4.4452e-17)
(25.759 3.70256 6.81859e-17)
(25.7674 3.70056 -4.35786e-18)
(25.7754 3.69639 -7.13311e-18)
(25.7823 3.68958 -3.31827e-18)
(25.7895 3.68242 2.47507e-17)
(25.7925 3.66921 1.78609e-17)
(25.7989 3.66192 -1.81601e-16)
(25.8117 3.66056 1.27214e-16)
(25.8265 3.65873 -7.66425e-17)
(25.84 3.65447 -1.07691e-16)
(25.853 3.6484 3.19983e-16)
(25.8659 3.64098 -2.62626e-16)
(25.8785 3.6323 -3.00689e-17)
(25.8908 3.62253 7.25266e-17)
(25.9032 3.6119 3.64246e-16)
(25.9158 3.6006 2.99269e-17)
(25.9286 3.58886 5.06439e-17)
(25.9414 3.57696 -1.31557e-16)
(25.9538 3.56522 5.44118e-17)
(25.9653 3.55409 -3.07372e-17)
(25.732 3.67906 1.96306e-18)
(25.7376 3.68494 -2.26058e-17)
(25.7443 3.68941 7.96779e-18)
(25.7513 3.69164 -4.83314e-17)
(25.7581 3.69146 -1.59379e-17)
(25.7649 3.68891 4.14691e-18)
(25.7712 3.68416 -4.98664e-18)
(25.7765 3.67709 -1.2053e-17)
(25.7818 3.66953 5.6473e-17)
(25.7831 3.65655 2.05657e-17)
(25.7881 3.64957 -1.47933e-16)
(25.7998 3.64848 8.49e-18)
(25.8137 3.64672 1.77391e-16)
(25.8264 3.64244 -8.63443e-19)
(25.8388 3.63634 -7.97145e-17)
(25.8512 3.62892 -2.57142e-17)
(25.8634 3.6203 1.242e-16)
(25.8752 3.61065 -8.74833e-17)
(25.8871 3.60019 1.8019e-17)
(25.8992 3.58911 -1.13194e-16)
(25.9116 3.57754 1.65488e-17)
(25.924 3.56568 -1.10658e-16)
(25.9361 3.55382 1.39138e-17)
(25.9474 3.54237 5.69419e-17)
(25.7361 3.67065 -5.45165e-18)
(25.7406 3.67582 1.26014e-17)
(25.746 3.67958 7.1376e-18)
(25.7517 3.68119 1.14413e-16)
(25.757 3.68049 -5.24903e-17)
(25.7623 3.67756 1.09568e-17)
(25.767 3.67249 1.54693e-17)
(25.7709 3.66548 -1.14036e-17)
(25.7743 3.65785 4.58692e-18)
(25.7745 3.64577 1.17604e-17)
(25.7783 3.63932 -5.90727e-17)
(25.7887 3.63825 1.65768e-16)
(25.8015 3.63625 -1.40807e-16)
(25.8133 3.6317 -1.17523e-17)
(25.8249 3.62538 3.03856e-18)
(25.8366 3.61777 1.40472e-16)
(25.8482 3.60903 -2.3658e-16)
(25.8596 3.59934 1.52813e-16)
(25.871 3.58893 3.87338e-17)
(25.8826 3.57797 1.34744e-18)
(25.8945 3.56657 -1.04651e-16)
(25.9063 3.55492 3.62558e-17)
(25.9177 3.5433 6.69201e-17)
(25.9282 3.53214 -9.31655e-18)
(25.9377 3.52157 -2.49856e-18)
(25.7399 3.66215 -1.16254e-17)
(25.7434 3.66656 5.22196e-18)
(25.7474 3.66961 -3.41906e-17)
(25.7517 3.67066 -7.01602e-17)
(25.7558 3.66959 3.56865e-17)
(25.7596 3.66647 1.99643e-17)
(25.7629 3.66138 1.04971e-17)
(25.7655 3.65482 -3.59667e-18)
(25.7674 3.64749 -1.91179e-17)
(25.7669 3.63687 -2.64192e-17)
(25.7697 3.63113 2.09689e-16)
(25.7787 3.6299 -1.62343e-16)
(25.79 3.62741 -8.09706e-17)
(25.8007 3.62243 3.63875e-17)
(25.8113 3.61576 2.06054e-16)
(25.8222 3.60789 -4.03592e-17)
(25.8332 3.59893 -1.77087e-16)
(25.8441 3.58904 3.77375e-17)
(25.8551 3.5784 1.82353e-16)
(25.8663 3.56712 -2.40637e-17)
(25.8779 3.55526 -1.60559e-16)
(25.8895 3.54292 7.74558e-17)
(25.9008 3.53032 6.50405e-17)
(25.9114 3.51787 -6.82244e-17)
(25.921 3.5057 -1.26038e-17)
(25.7433 3.65357 1.48631e-19)
(25.7457 3.65718 4.00009e-18)
(25.7485 3.65952 5.93597e-17)
(25.7515 3.6601 -1.32234e-17)
(25.7542 3.65881 -6.1008e-17)
(25.7568 3.65573 4.77264e-17)
(25.7588 3.65098 -3.75275e-17)
(25.7604 3.6452 -1.16448e-19)
(25.7612 3.63852 -3.13868e-19)
(25.7606 3.62983 7.549e-18)
(25.7625 3.6249 3.36179e-17)
(25.7698 3.62342 -2.42154e-16)
(25.7795 3.62031 1.18169e-16)
(25.7889 3.6148 -8.34876e-17)
(25.7984 3.60768 4.53006e-17)
(25.8083 3.59942 1.54776e-16)
(25.8184 3.59019 -1.16534e-16)
(25.8285 3.58019 3.11526e-17)
(25.8387 3.56965 -6.35168e-17)
(25.8489 3.55873 -7.21959e-18)
(25.8592 3.54752 8.30013e-17)
(25.8692 3.53622 -1.29277e-16)
(25.8786 3.52515 7.25041e-17)
(25.887 3.51473 -1.07045e-17)
(25.8945 3.50497 8.65315e-18)
(25.746 3.64482 -1.4746e-17)
(25.7474 3.64756 2.5618e-17)
(25.7491 3.6492 -1.04824e-17)
(25.7509 3.64938 -6.2967e-17)
(25.7525 3.64805 2.21495e-17)
(25.754 3.64527 2.81585e-17)
(25.7551 3.64121 1.0416e-17)
(25.7559 3.63646 -8.29333e-18)
(25.7561 3.63088 -4.79499e-18)
(25.7557 3.62457 -1.08163e-17)
(25.7569 3.62052 -1.60178e-17)
(25.7623 3.61875 7.31977e-17)
(25.7699 3.61514 -6.74065e-17)
(25.7777 3.6093 1.01963e-16)
(25.7858 3.6018 -6.47895e-17)
(25.7947 3.59293 1.08276e-16)
(25.8041 3.58272 -3.89042e-17)
(25.8139 3.57125 -1.06632e-16)
(25.8241 3.55867 1.07368e-16)
(25.8346 3.54507 -1.58496e-17)
(25.8454 3.53055 -8.00965e-19)
(25.8565 3.51527 -5.97485e-17)
(25.8676 3.4995 -2.57537e-17)
(25.8781 3.48373 4.39288e-17)
(25.8876 3.46822 -1.28091e-17)
(25.748 3.63563 -1.95868e-17)
(25.7488 3.63739 -1.16288e-17)
(25.7497 3.63833 1.14701e-17)
(25.7507 3.63823 1.10877e-17)
(25.7515 3.63707 6.35055e-18)
(25.7521 3.63491 1.53427e-17)
(25.7525 3.63195 -5.97424e-18)
(25.7527 3.62857 5.17586e-18)
(25.7525 3.6247 5.97597e-18)
(25.7523 3.62112 -6.68783e-18)
(25.7527 3.61798 1.69537e-17)
(25.7564 3.61587 -1.10335e-17)
(25.7619 3.61171 7.25991e-17)
(25.7677 3.60567 -5.91824e-17)
(25.7739 3.59835 3.16609e-17)
(25.7805 3.59012 -1.86141e-17)
(25.7875 3.58114 -1.85087e-18)
(25.7948 3.57165 2.45532e-17)
(25.8022 3.56191 -1.329e-18)
(25.8096 3.5522 -5.55092e-17)
(25.8167 3.54282 2.12187e-17)
(25.8232 3.53416 -2.10855e-17)
(25.8285 3.52653 1.78123e-17)
(25.833 3.52004 -6.16017e-18)
(25.8372 3.51428 1.0893e-17)
(25.7495 3.62547 3.0784e-17)
(25.7499 3.62608 -9.16288e-18)
(25.7503 3.62633 6.81319e-18)
(25.7507 3.62618 -6.75394e-17)
(25.751 3.62561 8.16203e-17)
(25.7511 3.62466 -2.16007e-17)
(25.7511 3.62344 -8.88081e-18)
(25.7508 3.62208 6.47125e-18)
(25.7504 3.62066 -3.21532e-18)
(25.7501 3.61968 -9.42816e-19)
(25.7497 3.61749 4.97423e-18)
(25.7512 3.61565 -8.25116e-20)
(25.7545 3.6115 -2.55148e-17)
(25.759 3.60464 -1.40614e-17)
(25.7645 3.59501 4.51212e-17)
(25.7711 3.58257 -2.50476e-17)
(25.7789 3.56727 4.78466e-17)
(25.7879 3.54918 3.97441e-17)
(25.7981 3.52849 -8.08802e-18)
(25.8098 3.50553 -6.85726e-17)
(25.8229 3.48079 7.03142e-17)
(25.8376 3.45508 -6.39986e-17)
(25.853 3.42943 -2.48588e-17)
(25.8677 3.405 -1.2514e-17)
(25.8799 3.38226 3.16198e-17)
)
;

boundaryField
{
    inlet
    {
        type            freestreamVelocity;
        freestreamValue uniform (25.75 3.62 0);
        value           nonuniform List<vector> 
25
(
(25.75 3.62003 1.49884e-19)
(25.75 3.62003 -4.46131e-20)
(25.75 3.62003 3.31727e-20)
(25.75 3.62003 -3.28842e-19)
(25.75 3.62003 3.974e-19)
(25.75 3.62002 -1.05171e-19)
(25.75 3.62002 -4.32394e-20)
(25.75 3.62001 3.15074e-20)
(25.75 3.62 -1.56548e-20)
(25.75 3.62 -4.59039e-21)
(25.7498 3.61857 2.83324e-18)
(25.7507 3.61752 -4.69953e-20)
(25.7526 3.61516 -1.45309e-17)
(25.7551 3.61125 -8.00697e-18)
(25.7583 3.60578 2.56883e-17)
(25.762 3.5987 -1.42564e-17)
(25.7665 3.59 2.72246e-17)
(25.7716 3.57972 2.26062e-17)
(25.7774 3.56797 -4.59849e-18)
(25.784 3.55494 -3.89693e-17)
(25.7914 3.54093 3.99391e-17)
(25.7997 3.52637 -3.63328e-17)
(25.8085 3.51187 -1.41053e-17)
(25.8167 3.49806 -7.09711e-18)
(25.8236 3.48523 1.79244e-17)
)
;
    }
    outlet
    {
        type            freestreamVelocity;
        freestreamValue nonuniform List<vector> 0();
        value           nonuniform List<vector> 0();
    }
    walls
    {
        type            noSlip;
    }
    frontAndBack
    {
        type            empty;
    }
    procBoundary4to0
    {
        type            processor;
        value           nonuniform List<vector> 
72
(
(17.6217 9.62284 -1.06169e-17)
(18.3146 9.22739 3.26112e-17)
(18.9319 8.86813 -1.82513e-17)
(19.4849 8.53973 1.95536e-17)
(19.9829 8.23796 1.97085e-17)
(20.4332 7.95935 2.18808e-17)
(20.8422 7.70111 -2.44099e-17)
(21.2147 7.46107 -1.84617e-18)
(21.555 7.23732 3.42567e-17)
(21.8668 7.02818 -3.85133e-17)
(22.1531 6.83233 2.27257e-17)
(22.4166 6.64861 -2.49378e-17)
(22.6594 6.47598 -2.05165e-17)
(22.8835 6.31359 2.25716e-17)
(23.0906 6.16065 -2.03614e-17)
(23.2823 6.01647 2.09858e-17)
(23.4599 5.88046 -7.55638e-19)
(23.6246 5.75206 -3.73138e-18)
(23.7775 5.63074 2.11275e-17)
(23.9195 5.51607 1.68316e-17)
(24.0515 5.40766 -6.4639e-18)
(24.1743 5.30509 2.86755e-18)
(24.1743 5.30509 2.86755e-18)
(24.18 5.06092 -5.07476e-17)
(24.2916 4.97804 -3.26813e-17)
(24.3955 4.89949 -1.58661e-16)
(24.4925 4.82502 1.1697e-16)
(24.5829 4.75443 -2.53126e-17)
(24.6672 4.68753 -7.15392e-17)
(24.7458 4.62411 6.17295e-18)
(24.8191 4.56396 -1.87794e-17)
(24.8876 4.50692 7.76872e-17)
(24.9515 4.4528 -9.03033e-17)
(25.0111 4.40145 -1.68559e-16)
(25.0668 4.35273 1.01328e-16)
(25.1187 4.30653 -2.0774e-17)
(25.1672 4.26274 1.16479e-17)
(25.2125 4.22127 -6.06245e-18)
(25.2547 4.18203 -3.72944e-17)
(25.294 4.14493 2.69982e-17)
(25.3306 4.10984 -4.10091e-17)
(25.3647 4.07667 -4.13302e-17)
(25.3964 4.04527 -3.3647e-17)
(25.4259 4.01556 -2.49762e-17)
(25.4533 3.98739 6.68336e-17)
(25.4789 3.9607 7.45829e-17)
(25.5028 3.93539 -3.70472e-17)
(25.525 3.91143 -2.73994e-17)
(25.5457 3.8888 -8.43772e-17)
(25.565 3.86746 -1.09907e-17)
(25.5829 3.8474 -9.08416e-18)
(25.5996 3.82862 9.3172e-17)
(25.615 3.81108 -5.83619e-17)
(25.6293 3.79471 -1.70868e-17)
(25.6425 3.77941 4.46439e-17)
(25.6547 3.76515 -1.04193e-16)
(25.6659 3.75181 4.93418e-17)
(25.6762 3.73923 -2.20587e-18)
(25.6856 3.72732 1.57149e-17)
(25.6929 3.71777 6.6266e-17)
(25.6986 3.71036 -4.3759e-17)
(25.7044 3.70275 7.83973e-18)
(25.7101 3.69505 -5.85639e-17)
(25.7158 3.6873 2.45574e-17)
(25.7214 3.67954 -1.95527e-17)
(25.7268 3.67185 2.5989e-17)
(25.732 3.6642 -1.98637e-17)
(25.7368 3.65653 2.62087e-17)
(25.7411 3.64886 1.4822e-17)
(25.7447 3.64114 -1.35107e-17)
(25.7473 3.63318 5.92378e-17)
(25.7492 3.62458 4.31626e-17)
)
;
    }
    procBoundary4to5
    {
        type            processor;
        value           nonuniform List<vector> 
95
(
(17.2847 10.7977 -7.84414e-17)
(17.8494 11.5698 -1.23862e-18)
(18.5105 12.3257 1.83204e-16)
(19.8319 12.3218 6.11946e-17)
(19.8319 12.3218 6.11946e-17)
(20.5982 12.9085 4.62631e-17)
(21.8251 12.7217 -2.49189e-17)
(21.8251 12.7217 -2.49189e-17)
(22.6434 13.1181 2.91228e-17)
(23.7231 12.747 1.10898e-16)
(23.7231 12.747 1.10898e-16)
(24.6797 12.3216 1.38736e-16)
(24.6797 12.3216 1.38736e-16)
(25.5228 11.8532 5.86289e-17)
(25.5811 11.3146 -1.30098e-16)
(25.5811 11.3146 -1.30098e-16)
(26.269 10.8566 1.68982e-16)
(26.269 10.8566 1.68982e-16)
(26.8695 10.3746 -7.04302e-17)
(26.8358 9.9485 9.05736e-17)
(26.8358 9.9485 9.05736e-17)
(27.3207 9.48606 1.39959e-16)
(27.2583 9.11964 6.85028e-16)
(27.2583 9.11964 6.85028e-16)
(27.6473 8.67805 -4.99073e-17)
(27.5636 8.36262 -4.62877e-16)
(27.5636 8.36262 -4.62877e-16)
(27.8714 7.94276 -5.34621e-16)
(27.7721 7.67177 4.34119e-16)
(27.6788 7.41569 1.49815e-16)
(27.6788 7.41569 1.49815e-16)
(27.8997 7.04354 6.64324e-16)
(27.7951 6.82423 -1.95276e-16)
(27.696 6.61709 -2.19326e-16)
(27.696 6.61709 -2.19326e-16)
(27.8469 6.28832 4.33569e-17)
(27.7402 6.11246 2.21859e-16)
(27.6386 5.94659 -1.44946e-16)
(27.6386 5.94659 -1.44946e-16)
(27.7324 5.65909 -2.45044e-16)
(27.6263 5.52044 6.18904e-17)
(27.5252 5.39017 -1.54116e-15)
(27.5252 5.39017 -1.54116e-15)
(27.5727 5.14311 -2.30232e-16)
(27.47 5.03678 2.88917e-16)
(27.3724 4.93739 3.5571e-16)
(27.2798 4.84471 -9.05195e-16)
(27.1918 4.75829 8.09515e-16)
(27.1918 4.75829 8.09515e-16)
(27.1955 4.58053 4.98079e-16)
(27.1093 4.513 -4.75105e-16)
(27.028 4.45041 5.60506e-16)
(26.9516 4.39238 2.15353e-17)
(26.8797 4.3385 1.9472e-16)
(26.8797 4.3385 1.9472e-16)
(26.8609 4.22008 7.81495e-17)
(26.7937 4.17985 -3.37516e-16)
(26.731 4.14233 2.07265e-16)
(26.6726 4.10729 -3.18253e-16)
(26.6183 4.07435 -1.20401e-16)
(26.6183 4.07435 -1.20401e-16)
(26.5941 4.00248 2.49982e-17)
(26.5455 3.9774 -1.42233e-16)
(26.5002 3.95312 7.93914e-17)
(26.4582 3.9296 7.98967e-17)
(26.419 3.90665 2.99109e-18)
(26.3824 3.88417 1.14575e-16)
(26.348 3.86206 6.18387e-17)
(26.348 3.86206 6.18387e-17)
(26.3319 3.82392 2.18497e-17)
(26.301 3.80398 7.97542e-17)
(26.2716 3.78397 -3.68437e-17)
(26.2435 3.76389 6.00549e-17)
(26.2165 3.74381 6.23562e-17)
(26.1903 3.72379 -9.00149e-17)
(26.1649 3.70388 2.57782e-17)
(26.1401 3.68416 2.18891e-17)
(26.1401 3.68416 2.18891e-17)
(26.1285 3.65594 5.95723e-17)
(26.1045 3.63703 5.13737e-17)
(26.0812 3.6187 3.91627e-17)
(26.0622 3.60411 -5.44053e-17)
(26.0457 3.59187 1.3454e-17)
(26.0288 3.57962 1.68832e-21)
(26.0115 3.56745 -2.5512e-17)
(25.9939 3.55537 -4.77505e-17)
(25.9757 3.54369 2.74905e-17)
(25.9576 3.53146 1.26233e-17)
(25.9576 3.53146 1.26233e-17)
(25.9463 3.51123 -1.00677e-18)
(25.9299 3.49353 -2.44772e-17)
(25.9017 3.49534 1.30265e-18)
(25.8959 3.45276 1.29045e-17)
(25.8418 3.5083 -9.19356e-18)
(25.8903 3.36006 -9.82489e-18)
)
;
    }
}


// ************************************************************************* //
