/*--------------------------------*- C++ -*----------------------------------*\
| =========                 |                                                 |
| \\      /  F ield         | OpenFOAM: The Open Source CFD Toolbox           |
|  \\    /   O peration     | Version:  2506                                  |
|   \\  /    A nd           | Website:  www.openfoam.com                      |
|    \\/     M anipulation  |                                                 |
\*---------------------------------------------------------------------------*/
FoamFile
{
    version     2.0;
    format      ascii;
    arch        "LSB;label=32;scalar=64";
    class       volScalarField;
    location    "170.004218234212004";
    object      p;
}
// * * * * * * * * * * * * * * * * * * * * * * * * * * * * * * * * * * * * * //

dimensions      [0 2 -2 0 0 0 0];

internalField   nonuniform List<scalar> 
9700
(
0.00113744
0.00113898
0.00262153
0.00112833
0.00262995
0.00474012
0.00112652
0.00262586
0.00474773
0.00667112
0.00110749
0.0026419
0.00473786
0.00667963
0.00866
0.00109289
0.00264176
0.00474798
0.00667044
0.00866976
0.0106208
0.00106053
0.00265883
0.0047335
0.00668132
0.00866158
0.0106331
0.0125797
0.00102234
0.00266421
0.00473132
0.00666657
0.00867379
0.0106284
0.0125958
0.0145238
0.000964471
0.00268056
0.00470403
0.00666168
0.00865948
0.0106458
0.0125964
0.014545
0.0164541
0.000891352
0.00269073
0.00467309
0.00662764
0.00865257
0.0106379
0.0126226
0.014553
0.0164814
0.0183648
0.000795431
0.00271276
0.0046112
0.00658265
0.00861242
0.0106374
0.0126261
0.0145916
0.0164987
0.0183989
0.0202512
0.000678718
0.00274328
0.00452777
0.00649568
0.00855366
0.010603
0.0126393
0.014612
0.0165528
0.0184269
0.0202925
0.0221088
0.000518545
0.00279576
0.00439582
0.0063678
0.00844075
0.0105468
0.012621
0.0146469
0.0165948
0.0184991
0.0203321
0.0221573
0.0239335
0.000315803
0.00285978
0.00421835
0.00616408
0.00826799
0.010431
0.012582
0.0146561
0.0166585
0.0185664
0.0204237
0.0222087
0.0239887
0.0257203
7.96449e-05
0.00298943
0.00395967
0.00587065
0.00798992
0.010244
0.0124836
0.0146505
0.0167054
0.0186646
0.0205187
0.0223199
0.0240514
0.0257813
0.0274651
-0.000379402
0.00325924
0.0036487
0.00542583
0.00757439
0.00993454
0.0123118
0.0145928
0.0167481
0.0187574
0.0206549
0.0224433
0.0241813
0.0258542
0.0275308
0.0291659
-0.00108946
0.00340223
0.00322754
0.00479662
0.00693935
0.00945756
0.0120125
0.014469
0.0167521
0.0188605
0.0207989
0.0226184
0.0243317
0.0260005
0.027612
0.0292347
0.0308203
-0.00200593
0.0033436
0.00243126
0.00386046
0.00601209
0.00871611
0.0115341
0.0142268
0.0167069
0.0189437
0.0209703
0.0228153
0.0245441
0.026175
0.0277716
0.0293222
0.0308907
0.0324269
-0.00299998
0.00249928
0.000821247
0.00241132
0.0046376
0.00760655
0.0107735
0.0138143
0.0165655
0.0190027
0.0211444
0.023058
0.024792
0.0264206
0.0279657
0.0294911
0.0309819
0.0324974
0.0339868
-0.00359871
0.0002403
-0.0022587
-0.000375497
0.00245598
0.00595
0.00961616
0.0131308
0.0162817
0.0189988
0.0213247
0.0233276
0.0251036
0.0267138
0.028238
0.0296992
0.0311557
0.0325898
0.0340559
0.0355005
-0.00357472
-0.00295204
-0.00751211
-0.0053817
-0.00162605
0.00323565
0.00787318
0.0120633
0.0157654
0.0188977
0.0214837
0.0236368
0.0254657
0.0270866
0.0285677
0.0299901
0.0313715
0.0327641
0.0341472
0.035567
0.0369695
-0.00295439
-0.00703611
-0.0141551
-0.013624
-0.0088154
-0.00175158
0.00498609
0.0104203
0.0149111
0.018627
0.0216025
0.0239695
0.0259004
0.0275313
0.0289899
0.0303452
0.031672
0.0329812
0.0343178
0.0356552
0.0370327
0.0383965
-0.00177537
-0.0107693
-0.0222178
-0.0242687
-0.0203861
-0.0109906
-0.000200857
0.00770251
0.0135374
0.0180995
0.0216319
0.0243248
0.0264029
0.0280781
0.0295007
0.0308013
0.03204
0.0332821
0.0345303
0.0358187
0.0371161
0.0384559
0.0397846
2.66134e-05
-0.0127413
-0.0295132
-0.0375762
-0.0349753
-0.0265706
-0.0102843
0.00281967
0.0112173
0.0171679
0.0215117
0.024678
0.0269897
0.0287319
0.0301375
0.0313572
0.0325126
0.0336501
0.0348229
0.0360215
0.0372701
0.0385337
0.0398402
0.041136
0.00250687
-0.013219
-0.0351075
-0.0501334
-0.0534922
-0.045197
-0.0263918
-0.00673146
0.00691078
0.0154989
0.0211435
0.0249991
0.0276597
0.0295255
0.0309123
0.0320551
0.0330897
0.0341214
0.0351789
0.0362985
0.0374594
0.0386767
0.0399121
0.0411881
0.0424527
0.00328938
-0.0144263
-0.037854
-0.060583
-0.07158
-0.0665478
-0.0485435
-0.0205363
-0.00160008
0.0122589
0.0203025
0.0252376
0.0284133
0.0304776
0.0318713
0.0329115
0.0338158
0.034695
0.0356319
0.0366323
0.0377155
0.0388504
0.0400439
0.0412544
0.0425019
0.0437371
0.00261115
-0.016113
-0.038567
-0.0667078
-0.0870182
-0.08935
-0.0732657
-0.0425
-0.0150379
0.00568469
0.0184389
0.0252594
0.0292433
0.0316162
0.0330478
0.033982
0.0347086
0.0354153
0.0361788
0.0370526
0.0380197
0.0390828
0.0402016
0.041376
0.0425635
0.0437844
0.0449903
0.00116122
-0.0163699
-0.036629
-0.0685701
-0.0967435
-0.109853
-0.0998843
-0.0717369
-0.0357704
-0.00617586
0.0143417
0.0247546
0.0300853
0.032971
0.0344926
0.0353085
0.035829
0.0362977
0.0368607
0.0375529
0.0383968
0.0393531
0.0404097
0.0415189
0.0426767
0.0438426
0.0450367
0.0462124
-0.000844538
-0.0154333
-0.0337522
-0.0648634
-0.0999288
-0.123297
-0.124958
-0.100888
-0.0628859
-0.0249453
0.00623497
0.0229564
0.0308137
0.0345258
0.0362629
0.0369586
0.0372212
0.0374038
0.0376878
0.0381685
0.0388358
0.0396812
0.0406459
0.041705
0.0428076
0.04395
0.0450929
0.0462588
0.0474038
-0.00335565
-0.0137227
-0.0303415
-0.0593648
-0.0948172
-0.128162
-0.141375
-0.128645
-0.0920524
-0.0471803
-0.00752477
0.0185132
0.0310233
0.0362746
0.0383759
0.0390055
0.0389622
0.0387738
0.0387176
0.0389013
0.0393641
0.0400509
0.0409245
0.0419101
0.0429758
0.0440725
0.0451973
0.0463145
0.047451
0.0485641
-0.00604934
-0.0121927
-0.0264588
-0.0518778
-0.086912
-0.122662
-0.149693
-0.14721
-0.119698
-0.0737647
-0.0260927
0.00993392
0.0299017
0.0380281
0.0408897
0.0414926
0.0411296
0.0404864
0.0399803
0.0398002
0.0399732
0.0404802
0.0412242
0.0421437
0.0431561
0.0442286
0.0453156
0.0464188
0.0475075
0.0486126
0.0496922
-0.00918365
-0.0102352
-0.0218663
-0.042891
-0.0756636
-0.112732
-0.144422
-0.159885
-0.139903
-0.0995322
-0.0484789
-0.00316582
0.0261159
0.0394547
0.0436932
0.044504
0.0437846
0.0426122
0.041547
0.0408783
0.0406992
0.0409488
0.0415532
0.0423804
0.043354
0.0443925
0.0454662
0.0465371
0.047614
0.0486711
0.0497423
0.0507868
-0.0122537
-0.00872376
-0.0165967
-0.0326869
-0.062124
-0.0980928
-0.133275
-0.155215
-0.154364
-0.120193
-0.0710511
-0.0201366
0.0187371
0.0395213
0.0467701
0.0479273
0.0470104
0.0452177
0.0434717
0.0421925
0.0415305
0.0414766
0.0418792
0.0426184
0.043541
0.0445671
0.0456232
0.0466884
0.047736
0.0487814
0.0498032
0.0508383
0.0518475
-0.0146329
-0.00696613
-0.0108317
-0.0221852
-0.0469334
-0.0801983
-0.116925
-0.144394
-0.152082
-0.135298
-0.0908899
-0.038656
0.00750326
0.0371539
0.0493583
0.0519148
0.0506827
0.0483658
0.0458113
0.0437661
0.0425048
0.0420228
0.042204
0.0428156
0.0437074
0.0447229
0.0457884
0.0468477
0.0478933
0.0489097
0.0499184
0.0509018
0.0519001
0.0528733
-0.0156987
-0.00458663
-0.00468428
-0.0112972
-0.0305136
-0.0600167
-0.0963489
-0.128427
-0.144389
-0.136525
-0.106586
-0.0570633
-0.00662135
0.0312212
0.0506207
0.0557214
0.0549971
0.0519514
0.0485937
0.0456322
0.0435971
0.0425985
0.0424563
0.0429537
0.0438041
0.0448444
0.0459335
0.0470173
0.048063
0.0490771
0.0500544
0.0510219
0.0519659
0.0529265
0.0538638
-0.0130963
-0.00141794
0.00186611
-0.000520999
-0.0132679
-0.038422
-0.0729077
-0.107328
-0.130634
-0.133043
-0.111188
-0.0726764
-0.0227315
0.0214971
0.0487456
0.0591566
0.0589999
0.0560376
0.0517216
0.0477673
0.0448016
0.0431142
0.0426143
0.042935
0.0437946
0.0448804
0.0460403
0.0471716
0.0482486
0.0492628
0.0502339
0.0511657
0.0520901
0.0529939
0.0539169
0.0548194
-0.00635886
0.00408959
0.0086398
0.0104996
0.00399369
-0.0163255
-0.0477861
-0.0828316
-0.111336
-0.123035
-0.111651
-0.0806068
-0.0378042
0.00787134
0.0429489
0.0599317
0.0633078
0.0596344
0.0550738
0.050033
0.0460101
0.043514
0.0425132
0.0427017
0.0435638
0.0447814
0.04606
0.0472929
0.048429
0.0494727
0.0504386
0.0513575
0.0522406
0.0531207
0.0539849
0.0548718
0.0557412
-0.000434813
0.0123728
0.0167577
0.0218165
0.0206166
0.00521836
-0.022315
-0.0563446
-0.0881497
-0.107638
-0.106481
-0.0849493
-0.0506653
-0.00604311
0.0314667
0.0565918
0.0650838
0.0633151
0.0578004
0.05214
0.0469704
0.0435402
0.0420451
0.0420112
0.0430112
0.0444279
0.0459375
0.047339
0.0485892
0.0496909
0.0506768
0.0515812
0.0524428
0.0532758
0.0541124
0.0549392
0.0557922
0.0566299
0.00385078
0.0168248
0.0264041
0.0355397
0.0359042
0.0256247
0.00222168
-0.0295551
-0.0626309
-0.0880413
-0.0966438
-0.0852145
-0.0599462
-0.0221174
0.0178993
0.046659
0.0624468
0.0642393
0.0598103
0.0533148
0.0471834
0.0427161
0.0407089
0.0407019
0.0418364
0.0436877
0.0455595
0.0472558
0.0486974
0.0499072
0.0509387
0.0518476
0.0526828
0.0534852
0.0542693
0.0550654
0.0558579
0.056679
0.0574871
0.00737718
0.0205457
0.0357082
0.0487424
0.0527883
0.0438203
0.0253417
-0.00377593
-0.0367454
-0.0659206
-0.082899
-0.0814814
-0.0664766
-0.0349083
-0.00189312
0.0330169
0.0531644
0.0614293
0.0590105
0.0530987
0.0458699
0.0402325
0.0377218
0.0379099
0.0398418
0.0422663
0.0447798
0.046945
0.0487058
0.0501019
0.0512188
0.0521527
0.0529736
0.0537367
0.0544817
0.0552209
0.0559807
0.0567421
0.0575339
0.0583147
0.0110317
0.0244223
0.042226
0.0583292
0.0663117
0.0634987
0.0454752
0.0204556
-0.0116414
-0.0432845
-0.066617
-0.0745349
-0.0692049
-0.0470416
-0.017976
0.0106562
0.0389086
0.051656
0.0550114
0.0500549
0.0425815
0.0353629
0.0318765
0.0326041
0.0356676
0.0398004
0.0433313
0.0462625
0.0485389
0.0502367
0.0515106
0.0524953
0.0533158
0.0540448
0.0547384
0.0554316
0.0561317
0.0568597
0.0575936
0.0583592
0.0591145
0.0137136
0.0244055
0.0450683
0.0625146
0.0751097
0.0776497
0.066979
0.0411251
0.0121432
-0.0206961
-0.0490532
-0.0654367
-0.06784
-0.0571117
-0.0347442
-0.00795913
0.0153152
0.0369744
0.0445139
0.0437727
0.0364718
0.0279311
0.0224754
0.0230546
0.0279461
0.0348212
0.0407877
0.0449754
0.0480676
0.0502643
0.0517858
0.0528815
0.0537117
0.0544137
0.0550549
0.0556865
0.0563361
0.0570036
0.057705
0.0584153
0.0591568
0.0598879
0.0156924
0.0220539
0.0440621
0.0622532
0.0774787
0.0866358
0.081897
0.0632623
0.0318058
0.00104527
-0.0302
-0.0543471
-0.0645481
-0.064674
-0.0508464
-0.0285751
-0.00476561
0.013171
0.0284495
0.0319585
0.0272807
0.0177672
0.00982524
0.00874593
0.0139274
0.0252409
0.0357324
0.0426478
0.0471048
0.050079
0.0520262
0.0532909
0.0541785
0.0548479
0.0554372
0.0560016
0.0565824
0.0571977
0.0578398
0.0585199
0.0592094
0.0599283
0.0606363
0.0151313
0.0199237
0.0403422
0.0582216
0.0749002
0.0876317
0.0911367
0.079019
0.053566
0.0184886
-0.0127681
-0.0414861
-0.0606571
-0.071198
-0.0661749
-0.0495265
-0.0281086
-0.00704063
0.00575658
0.0151809
0.0140676
0.00505241
-0.00537823
-0.0098282
-0.00475599
0.00782873
0.0256385
0.0379031
0.0452414
0.0495506
0.0521481
0.053733
0.0546999
0.0553734
0.0558914
0.0563829
0.0568863
0.0574294
0.0580207
0.0586448
0.0593074
0.059978
0.0606757
0.0613607
0.0121482
0.0176929
0.0354692
0.0518371
0.0688049
0.0825706
0.0917884
0.0882418
0.070227
0.0387484
0.00147021
-0.0298624
-0.056369
-0.0759368
-0.0799531
-0.071295
-0.0525027
-0.0315448
-0.0128717
-0.0054335
-0.00294362
-0.00960042
-0.0223783
-0.0308145
-0.0283603
-0.0150605
0.00896145
0.0282043
0.04125
0.0483324
0.0520772
0.0541387
0.0553112
0.0559739
0.0564484
0.056837
0.0572522
0.0577137
0.0582335
0.0588109
0.0594227
0.0600707
0.0607234
0.0614
0.0620612
0.0086417
0.0149454
0.0305656
0.0448242
0.0608862
0.0753381
0.0858355
0.0893463
0.0797542
0.0557854
0.0189069
-0.0197715
-0.0514369
-0.0787405
-0.0917724
-0.0912451
-0.0783402
-0.0575422
-0.037045
-0.0213642
-0.020065
-0.0261904
-0.0388916
-0.0527058
-0.0548594
-0.0421776
-0.0153514
0.0123393
0.0328222
0.0455038
0.0515266
0.0544841
0.0559466
0.0567084
0.0570904
0.0573962
0.0576869
0.0580516
0.0584916
0.0590024
0.0595743
0.0601777
0.0608124
0.061447
0.0621014
0.062737
0.00616215
0.0122106
0.0257606
0.0382928
0.0527875
0.0666979
0.078439
0.0851565
0.0825022
0.0667356
0.0357658
-0.00633056
-0.0460656
-0.0794922
-0.101491
-0.109387
-0.102974
-0.0848949
-0.0625351
-0.0430563
-0.032649
-0.0389045
-0.0554279
-0.0717525
-0.0819406
-0.0726916
-0.0472858
-0.011692
0.0177005
0.0392744
0.0498735
0.0545213
0.0566303
0.0575005
0.0578951
0.0580412
0.0582191
0.0584495
0.0587919
0.0592306
0.0597444
0.0603167
0.0609137
0.0615349
0.0621492
0.0627791
0.0633872
0.0047122
0.0100385
0.02145
0.0325448
0.0454251
0.058145
0.0699592
0.0785021
0.0807466
0.0717876
0.0480978
0.00977057
-0.0372163
-0.0776928
-0.108458
-0.124796
-0.125492
-0.111807
-0.0889468
-0.0663467
-0.0497816
-0.0478902
-0.0633625
-0.0890668
-0.104136
-0.105274
-0.0800132
-0.0440696
-0.00523367
0.0274824
0.0458143
0.0538508
0.0571296
0.0584281
0.0587652
0.0588588
0.0588302
0.0589286
0.0591394
0.0594874
0.0599423
0.060468
0.0610437
0.0616339
0.0622386
0.0628292
0.0634322
0.0640098
0.00388939
0.00835112
0.0180034
0.0276798
0.0389423
0.0504342
0.0614961
0.0708045
0.0756833
0.072494
0.0559405
0.0234479
-0.021968
-0.0728131
-0.110589
-0.136374
-0.144455
-0.135948
-0.115232
-0.0896046
-0.0691021
-0.059053
-0.0683282
-0.0930171
-0.122671
-0.130136
-0.11834
-0.0788163
-0.0330389
0.00874464
0.0375681
0.0516094
0.0571949
0.059242
0.0598425
0.0597338
0.0596023
0.0594718
0.0595455
0.0597758
0.0601544
0.0606385
0.0611811
0.0617596
0.0623393
0.062923
0.063486
0.0640584
0.0646023
0.00330378
0.00717538
0.015324
0.0236697
0.0334658
0.0436169
0.0538346
0.0628429
0.0692959
0.0698468
0.0599395
0.0346493
-0.00672668
-0.0576797
-0.109421
-0.141241
-0.158259
-0.155801
-0.138247
-0.112331
-0.0875446
-0.071377
-0.072798
-0.0952578
-0.123284
-0.150873
-0.14345
-0.115186
-0.0662333
-0.0155998
0.0238021
0.0465205
0.0562464
0.0597999
0.0608199
0.0608634
0.0604171
0.0601487
0.0599955
0.0600954
0.0603809
0.0608098
0.0613305
0.0618901
0.0624666
0.0630294
0.0635868
0.064117
0.0646549
0.0651621
0.00286487
0.00631955
0.0132677
0.0204492
0.0289289
0.0378707
0.0469901
0.0555526
0.0623024
0.0653995
0.0606713
0.0428396
0.0085199
-0.0403342
-0.0938818
-0.141767
-0.16606
-0.169201
-0.156259
-0.131714
-0.104188
-0.0827861
-0.0769021
-0.0937843
-0.122716
-0.150726
-0.168335
-0.142016
-0.0995986
-0.0450197
0.00428862
0.0373266
0.053522
0.0596067
0.0616792
0.0618618
0.061486
0.06085
0.0605281
0.0604307
0.060609
0.0609783
0.0614698
0.0620279
0.0625983
0.0631643
0.0637028
0.0642269
0.0647191
0.0652187
0.0656866
0.00253371
0.00567825
0.0116863
0.0179083
0.0252497
0.0330794
0.0412069
0.048993
0.0557258
0.059944
0.0590708
0.0480175
0.0217972
-0.0204096
-0.0737639
-0.125653
-0.166166
-0.177664
-0.16745
-0.145535
-0.117326
-0.0919925
-0.0799243
-0.091049
-0.115346
-0.148105
-0.170142
-0.170998
-0.127128
-0.074519
-0.0198658
0.0232416
0.0480251
0.0582687
0.0618566
0.0629033
0.062384
0.0617326
0.0610638
0.0607929
0.0608204
0.0611194
0.0615914
0.0621482
0.0627358
0.063306
0.0638509
0.0643556
0.0648394
0.0652889
0.0657471
0.0661731
0.00228785
0.00518391
0.0104683
0.0159095
0.0223045
0.029164
0.0363587
0.043425
0.0497525
0.0544784
0.0558634
0.0503278
0.0324087
-0.00129071
-0.0488099
-0.102713
-0.146314
-0.17775
-0.171559
-0.152661
-0.125272
-0.098307
-0.0821203
-0.0866843
-0.105725
-0.136803
-0.165972
-0.17418
-0.156565
-0.101279
-0.0454103
0.00467977
0.0386482
0.0551193
0.0611557
0.0632667
0.0634409
0.0624481
0.0616822
0.0611151
0.0609994
0.0612103
0.0616603
0.0622403
0.0628537
0.0634554
0.0640108
0.0645214
0.0649827
0.06542
0.065823
0.0662369
0.0666193
0.00209761
0.00480607
0.00952039
0.0143454
0.0199579
0.0259981
0.0323741
0.0387325
0.0446361
0.0493829
0.0519808
0.050212
0.0396182
0.0155586
-0.0236621
-0.072518
-0.122189
-0.15217
-0.170331
-0.151592
-0.127232
-0.100474
-0.0831883
-0.0796926
-0.0941599
-0.122478
-0.153368
-0.171192
-0.161195
-0.129201
-0.0716578
-0.0170562
0.0251739
0.0490695
0.0590727
0.0626977
0.063837
0.0632516
0.0621265
0.0614109
0.0610758
0.0612073
0.0616479
0.0622615
0.0629386
0.0635886
0.0641838
0.0647061
0.0651693
0.0655788
0.0659645
0.066318
0.0666857
0.0670237
0.0019602
0.00450651
0.00878922
0.0131148
0.0181006
0.023451
0.029127
0.0348517
0.040293
0.0449415
0.0480562
0.0484546
0.0433808
0.0281799
-0.000604941
-0.0424277
-0.0873005
-0.127646
-0.14436
-0.146974
-0.122143
-0.0976324
-0.0798033
-0.0704442
-0.0803068
-0.104895
-0.137099
-0.16058
-0.162972
-0.136774
-0.0962646
-0.041314
0.00717002
0.039337
0.0547225
0.060838
0.0631607
0.0634074
0.0624775
0.0614763
0.0610069
0.061034
0.0614838
0.0621781
0.062945
0.0636912
0.0643493
0.0649124
0.0653832
0.0657873
0.0661382
0.0664685
0.0667709
0.0670916
0.0673851
0.00184783
0.0042842
0.0082144
0.0121548
0.0166271
0.0214157
0.0264936
0.0316655
0.0366705
0.0411266
0.0444923
0.0459926
0.0442485
0.0361242
0.0170342
-0.0152975
-0.0538274
-0.0910273
-0.118159
-0.122834
-0.113862
-0.0900198
-0.0711475
-0.0589685
-0.0641529
-0.084932
-0.115667
-0.144826
-0.156339
-0.142688
-0.107569
-0.0630718
-0.0150601
0.0244939
0.0468699
0.0569137
0.0611415
0.0625638
0.062171
0.061261
0.0606066
0.060587
0.0610836
0.0618976
0.0628332
0.0637192
0.0644939
0.0651244
0.065629
0.0660319
0.0663675
0.0666552
0.0669283
0.0671797
0.0674537
0.0677033
0.00177888
0.00410047
0.00778105
0.0113971
0.015468
0.019788
0.0243717
0.0290604
0.0336708
0.037901
0.0413577
0.0434764
0.0434943
0.0398317
0.0292207
0.0067008
-0.0230301
-0.0551046
-0.0833384
-0.0965829
-0.0915709
-0.0780544
-0.0585371
-0.0444104
-0.047104
-0.0634141
-0.0918449
-0.122212
-0.142824
-0.140889
-0.116288
-0.0824947
-0.0331666
0.00339293
0.0343026
0.0492895
0.0569289
0.0601653
0.0608716
0.0602857
0.059694
0.0596709
0.0602809
0.0613222
0.0624999
0.0636307
0.0645795
0.0653312
0.0658967
0.0663196
0.0666417
0.0669026
0.0671252
0.0673417
0.0675433
0.0677716
0.0679786
0.00171224
0.00398359
0.00743439
0.0108189
0.0145495
0.0184973
0.0226618
0.0269435
0.0311942
0.035198
0.038644
0.0411379
0.0421289
0.0409231
0.0357219
0.0235929
0.00275964
-0.0202889
-0.0477603
-0.0650869
-0.0666702
-0.0568971
-0.0407302
-0.028891
-0.0285819
-0.0421404
-0.0667608
-0.0972715
-0.122842
-0.132196
-0.119519
-0.0959656
-0.0577558
-0.0131511
0.0136229
0.0378954
0.0487099
0.0553427
0.0577983
0.0580831
0.0577999
0.0579653
0.0588432
0.0602308
0.061837
0.0633226
0.0645659
0.0655046
0.0661792
0.0666463
0.0669694
0.0672023
0.0673866
0.0675453
0.0677071
0.0678612
0.0680457
0.0682116
0.00169258
0.0038727
0.00720021
0.0103599
0.0138426
0.0174691
0.0212953
0.0252234
0.0291628
0.0329365
0.0363263
0.0390181
0.0406459
0.040711
0.0386308
0.0326436
0.020996
0.00476473
-0.0154322
-0.0330038
-0.0395693
-0.0338449
-0.0223553
-0.00779265
-0.0108268
-0.0204993
-0.0427361
-0.0713249
-0.0993647
-0.117195
-0.116687
-0.103186
-0.0735665
-0.0436311
-0.00363921
0.0170951
0.0370952
0.0464385
0.0520604
0.0538736
0.0542867
0.0549601
0.0563107
0.0583343
0.060581
0.062677
0.0643612
0.0656101
0.0664602
0.0670094
0.0673522
0.0675644
0.0677057
0.0678153
0.0679135
0.0680243
0.0681342
0.068277
0.0684037
0.00166076
0.00383761
0.0070004
0.0100411
0.0132833
0.0166716
0.0202002
0.0238377
0.0274958
0.0310596
0.034348
0.0371476
0.0391591
0.0400709
0.0394862
0.0369904
0.0313937
0.0214664
0.00826899
-0.00657485
-0.0127947
-0.0114927
-0.0023013
0.00726944
0.0144124
-0.00130113
-0.019347
-0.0465204
-0.075313
-0.0983261
-0.10786
-0.102916
-0.0865467
-0.0611351
-0.0377535
-0.00260768
0.0158645
0.0336157
0.0422453
0.0466233
0.0482959
0.0497336
0.0520705
0.0550293
0.0583905
0.0614232
0.0638494
0.0655758
0.0667144
0.067405
0.067792
0.067995
0.0680935
0.0681465
0.0681867
0.0682299
0.0682942
0.0683633
0.068467
0.0685562
0.00378348
0.00691741
0.00977992
0.012888
0.0160403
0.0193446
0.0227193
0.0261409
0.0295
0.0326794
0.0354989
0.0377643
0.039209
0.0396022
0.0387165
0.0363448
0.0317832
0.0241066
0.0154951
0.00919263
0.00884108
0.0149402
0.0241719
0.0282271
0.025851
0.000261314
-0.0226399
-0.0517503
-0.078014
-0.0954178
-0.0980539
-0.0939901
-0.0783942
-0.0566504
-0.0365443
-0.00699078
0.0125985
0.02809
0.0352598
0.0386269
0.0412871
0.044824
0.0494856
0.0545526
0.0591795
0.062779
0.0652988
0.0668953
0.0678182
0.0682958
0.0684995
0.0685596
0.0685495
0.068522
0.0685007
0.0684957
0.0685186
0.0685506
0.0686173
0.0686707
0.00682748
0.0096598
0.0125716
0.0155884
0.0186657
0.021839
0.025038
0.0282189
0.0312697
0.0340753
0.0364669
0.0382806
0.0393064
0.0394179
0.0385779
0.0367304
0.0334931
0.0290271
0.0253934
0.0246648
0.0287366
0.0363773
0.0427541
0.0396846
0.0272703
-0.00415546
-0.0287104
-0.0568669
-0.0804408
-0.0913164
-0.0989562
-0.0925847
-0.0773921
-0.0562664
-0.0417343
-0.0117839
0.00709943
0.0192513
0.0246959
0.0281638
0.0335346
0.0399917
0.0479818
0.0551859
0.0607706
0.064567
0.0669213
0.0682293
0.0688581
0.0690937
0.0691109
0.0690361
0.0689292
0.0688326
0.0687595
0.0687135
0.0687
0.068698
0.0687297
0.0687484
0.0095463
0.012417
0.0152316
0.018175
0.0211377
0.024163
0.0271651
0.030096
0.0328445
0.0353053
0.0373299
0.0387969
0.0395729
0.0396408
0.0390998
0.0380287
0.0364777
0.0351431
0.0352624
0.0383753
0.0443537
0.0507714
0.0527009
0.0422713
0.0216922
-0.012309
-0.0369266
-0.0634439
-0.0837472
-0.100649
-0.104158
-0.0961354
-0.0801973
-0.0575887
-0.0443195
-0.0176245
-0.00221944
0.00580076
0.010335
0.0159688
0.0250957
0.0363947
0.0484055
0.0571418
0.0630316
0.0666369
0.0685801
0.0694838
0.0697784
0.0697694
0.0696134
0.0694207
0.0692334
0.0690812
0.0689666
0.0688867
0.0688413
0.0688078
0.0688058
0.0687905
0.0122829
0.0150503
0.0177903
0.0206265
0.0234621
0.0263215
0.0291179
0.0318017
0.0342682
0.0364273
0.0381616
0.039401
0.0400913
0.0403097
0.0402441
0.0401297
0.0402671
0.0412779
0.0440311
0.0489467
0.0546143
0.0580489
0.0550641
0.0383887
0.0119181
-0.0228974
-0.0486283
-0.0750799
-0.0984739
-0.111934
-0.112956
-0.102638
-0.0836402
-0.0621273
-0.0454387
-0.0276494
-0.017146
-0.0127723
-0.00701996
0.002151
0.0169731
0.0358409
0.0504709
0.0600922
0.0657521
0.0687784
0.0701323
0.0705782
0.070539
0.0703061
0.0700024
0.069715
0.0694666
0.069273
0.0691269
0.0690192
0.0689453
0.068882
0.0688467
0.0687973
0.0149014
0.0175896
0.0202271
0.022947
0.0256409
0.0283267
0.0309182
0.0333686
0.035584
0.0374959
0.0390259
0.0401542
0.0408985
0.0414079
0.0419359
0.0427829
0.0442625
0.0468665
0.0509413
0.0559344
0.0602703
0.0596544
0.0516834
0.0300471
-0.00174481
-0.0373637
-0.0662716
-0.0952059
-0.116438
-0.126753
-0.124117
-0.108614
-0.0865241
-0.0631624
-0.0510222
-0.0438581
-0.0384168
-0.0356846
-0.0255954
-0.010906
0.0152701
0.0378734
0.0541779
0.0637809
0.0685966
0.0707718
0.0714591
0.0714565
0.0711185
0.0706989
0.0702811
0.0699255
0.0696359
0.0694147
0.0692457
0.0691152
0.069015
0.0689223
0.0688532
0.0687687
0.0174307
0.0200146
0.0225449
0.0251367
0.0276824
0.0301945
0.0325905
0.034829
0.0368326
0.038559
0.0399685
0.0410867
0.0419923
0.042878
0.0440164
0.0456763
0.0481054
0.0515393
0.055827
0.0601699
0.062147
0.057381
0.0442047
0.0174381
-0.0202777
-0.0576931
-0.0913528
-0.119533
-0.137042
-0.142734
-0.132667
-0.111549
-0.0861576
-0.0659586
-0.0634379
-0.0676543
-0.0653122
-0.0602754
-0.0418855
-0.0133636
0.0177397
0.0423969
0.0592397
0.0676691
0.0712172
0.0724464
0.0724859
0.0720913
0.0715125
0.0709534
0.0704589
0.0700625
0.0697508
0.0695139
0.0693289
0.0691786
0.0690525
0.0689294
0.0688255
0.0687041
0.0198506
0.0223278
0.0247426
0.0272013
0.0295986
0.0319433
0.0341589
0.0362135
0.0380504
0.0396515
0.0410144
0.0422021
0.0433348
0.0446162
0.0462899
0.0485595
0.051538
0.0551696
0.0589953
0.061972
0.060676
0.0519233
0.0328372
-0.000225638
-0.0449033
-0.0844048
-0.120812
-0.144959
-0.156973
-0.15392
-0.1353
-0.109758
-0.0858605
-0.0762015
-0.0835394
-0.0984541
-0.0945833
-0.0817002
-0.0504897
-0.0110062
0.0227225
0.0495994
0.0647174
0.0712072
0.073344
0.0737034
0.0731847
0.0724816
0.0717312
0.0710839
0.0705504
0.0701392
0.0698217
0.0695786
0.0693818
0.0692124
0.0690591
0.0689036
0.0687628
0.0686019
0.0221631
0.0245271
0.0268239
0.0291497
0.0314032
0.0335913
0.0356466
0.0375502
0.0392642
0.0407942
0.0421701
0.0434781
0.0448583
0.0464959
0.0485784
0.0512206
0.0543838
0.0577508
0.0606496
0.0612571
0.0566493
0.0431102
0.0167235
-0.0237016
-0.0756833
-0.114955
-0.14978
-0.167832
-0.169895
-0.156301
-0.131477
-0.106427
-0.0906105
-0.095365
-0.110975
-0.131964
-0.11981
-0.094136
-0.0501754
-0.00606514
0.0329436
0.0576226
0.0696485
0.0739924
0.0748224
0.0744959
0.0735638
0.0726457
0.0717958
0.0711107
0.070573
0.0701692
0.0698596
0.0696164
0.0694088
0.0692189
0.0690356
0.0688442
0.0686637
0.0684604
0.0243657
0.0266155
0.0287956
0.0309925
0.03311
0.0351562
0.0370756
0.0388601
0.0404914
0.0419953
0.0434235
0.0448719
0.0464793
0.0483921
0.0507269
0.0534929
0.0565223
0.059227
0.0606902
0.0585905
0.0500866
0.0302157
-0.00465776
-0.0524175
-0.109435
-0.144831
-0.173327
-0.181672
-0.171554
-0.14986
-0.124708
-0.105266
-0.105138
-0.123487
-0.14218
-0.16115
-0.133739
-0.0938467
-0.0410908
0.00783384
0.0444168
0.0649081
0.0734082
0.0759255
0.0756335
0.0748425
0.0736532
0.072615
0.0717344
0.0710576
0.0705473
0.0701684
0.069875
0.0696336
0.0694134
0.0691989
0.0689812
0.0687496
0.0685259
0.068277
0.0264606
0.0285985
0.0306661
0.0327404
0.0347329
0.0366554
0.0384625
0.0401579
0.0417406
0.0432491
0.0447479
0.0463291
0.0481126
0.0501927
0.0526101
0.0552578
0.057848
0.059531
0.0591426
0.0540567
0.0402874
0.0129376
-0.0304961
-0.0836147
-0.140055
-0.16841
-0.185827
-0.180416
-0.162259
-0.138856
-0.11798
-0.113992
-0.129819
-0.156063
-0.172059
-0.179453
-0.133051
-0.0811468
-0.0243042
0.0236399
0.0548994
0.0704471
0.0758508
0.0771242
0.0759378
0.0748079
0.0734969
0.0724292
0.0715796
0.0709518
0.0704931
0.0701511
0.0698769
0.0696351
0.0693971
0.0691519
0.0688943
0.0686176
0.0683466
0.0680489
0.0284525
0.0304832
0.0324439
0.0344043
0.0362858
0.0381025
0.0398197
0.0414521
0.0430106
0.0445401
0.0461087
0.0477921
0.0496798
0.0518064
0.0541363
0.0564425
0.0583103
0.0587067
0.0561147
0.0472046
0.0272069
-0.0079325
-0.0580779
-0.111519
-0.162113
-0.177522
-0.181574
-0.166638
-0.14655
-0.12688
-0.120779
-0.134363
-0.158426
-0.187343
-0.19352
-0.183514
-0.119395
-0.0601174
-0.00459508
0.0379129
0.0630615
0.073774
0.0771713
0.0774185
0.0758153
0.0744649
0.0731514
0.0721316
0.0713667
0.0708205
0.07043
0.0701298
0.0698721
0.0696234
0.0693593
0.0690762
0.0687718
0.0684453
0.0681225
0.0677732
0.0303477
0.0322768
0.034138
0.035996
0.0377799
0.0395078
0.0411555
0.0427442
0.0442926
0.0458464
0.0474675
0.0492066
0.0511166
0.0531681
0.0552501
0.0570291
0.0579503
0.0568161
0.0515837
0.0381516
0.0116763
-0.0300745
-0.0828009
-0.128405
-0.170883
-0.170745
-0.163183
-0.14702
-0.131355
-0.124215
-0.13684
-0.158223
-0.187983
-0.209367
-0.198586
-0.171711
-0.0975712
-0.0369055
0.0138441
0.0492389
0.0681238
0.0751387
0.0773564
0.07686
0.0752831
0.0738889
0.07267
0.0717685
0.071132
0.0706905
0.0703755
0.0701145
0.0698645
0.0695981
0.0692978
0.0689682
0.0686102
0.0682288
0.0678504
0.0674463
0.0321528
0.0339872
0.0357583
0.0375247
0.0392242
0.0408794
0.0424729
0.0440303
0.045574
0.0471434
0.0487876
0.0505273
0.0523759
0.0542399
0.0559398
0.0570454
0.0568588
0.0539584
0.0457575
0.0277257
-0.00488394
-0.0494663
-0.0989043
-0.131208
-0.162467
-0.150779
-0.139765
-0.129907
-0.124845
-0.134126
-0.155788
-0.185657
-0.213172
-0.216226
-0.186121
-0.146869
-0.0740667
-0.0164442
0.0283383
0.0564782
0.0702987
0.0752743
0.0766362
0.0759184
0.0744487
0.073154
0.0721131
0.0713875
0.0709112
0.0705861
0.0703436
0.0701109
0.0698543
0.0695566
0.0692084
0.0688233
0.0684052
0.0679642
0.0675272
0.0670642
0.0338747
0.0356234
0.037313
0.0389983
0.0406262
0.0422212
0.0437712
0.0453035
0.0468392
0.0484065
0.0500378
0.051721
0.0534308
0.0550132
0.0562301
0.0565589
0.0551627
0.0504045
0.0392897
0.0163297
-0.0201641
-0.0613419
-0.101975
-0.122432
-0.140606
-0.126125
-0.121562
-0.120057
-0.125767
-0.148576
-0.179502
-0.211479
-0.226024
-0.206811
-0.16275
-0.117087
-0.0531346
-0.000896935
0.0375915
0.0598527
0.0704417
0.0746346
0.0755223
0.0747319
0.0734162
0.0723311
0.0715411
0.0710354
0.0707373
0.0705272
0.0703431
0.0701202
0.0698382
0.0694935
0.0690852
0.0686361
0.0681522
0.0676479
0.0671508
0.0666262
0.0355221
0.0371927
0.038809
0.0404241
0.0419904
0.0435343
0.0450472
0.0465548
0.0480726
0.0496148
0.0511955
0.0527689
0.0542755
0.0555067
0.0561783
0.055686
0.0530905
0.0465659
0.032416
0.00492843
-0.028613
-0.0636009
-0.0920186
-0.103067
-0.112284
-0.106769
-0.106423
-0.113486
-0.135974
-0.167825
-0.200956
-0.225391
-0.218952
-0.183534
-0.138181
-0.0905004
-0.0375872
0.00892744
0.0417788
0.0606055
0.069412
0.0735596
0.0740699
0.0733041
0.0722715
0.0714935
0.0710151
0.0707579
0.0706387
0.0705272
0.0703762
0.0701384
0.0698091
0.0694012
0.0689214
0.0684009
0.0678465
0.0672766
0.0667172
0.0661323
0.0371015
0.0387016
0.0402535
0.0418067
0.043319
0.0448184
0.0462966
0.0477745
0.0492604
0.0507536
0.0522477
0.053668
0.0549247
0.0557686
0.0558784
0.0546059
0.0509421
0.0428249
0.0256685
0.00129247
-0.0286004
-0.0559848
-0.0724299
-0.0783746
-0.0843303
-0.0883825
-0.0959858
-0.119352
-0.150258
-0.185991
-0.212467
-0.21969
-0.196504
-0.157894
-0.120957
-0.0702327
-0.0291266
0.0136478
0.0423887
0.0602683
0.0683728
0.0719244
0.0722817
0.0717343
0.0711011
0.070718
0.0705962
0.0705959
0.0706354
0.0705903
0.0704377
0.0701558
0.0697569
0.0692704
0.0687093
0.0681118
0.0674839
0.0668471
0.0662223
0.0655788
0.0386195
0.040157
0.0416509
0.043149
0.0446136
0.0460719
0.0475138
0.0489544
0.0503935
0.0518146
0.0531929
0.0544307
0.0554144
0.055874
0.0554641
0.0535408
0.049036
0.0400014
0.0236883
0.00391106
-0.0215402
-0.0397174
-0.0479634
-0.0541085
-0.0590193
-0.0773292
-0.0981593
-0.129116
-0.16403
-0.195512
-0.209746
-0.200707
-0.172468
-0.142428
-0.109459
-0.0594423
-0.0270584
0.015242
0.0415174
0.0589847
0.0668106
0.0698047
0.0702617
0.0701136
0.0700008
0.0700858
0.0703418
0.0705801
0.0707351
0.0707106
0.0705155
0.0701587
0.0696693
0.0690912
0.0684416
0.0677637
0.0670606
0.0663577
0.0656673
0.0649656
0.0400825
0.0415633
0.0430049
0.0444536
0.0458746
0.0472923
0.0486941
0.0500892
0.0514667
0.0527976
0.0540411
0.055085
0.0558002
0.055919
0.0550954
0.0527515
0.0479564
0.0395989
0.0259209
0.00784743
-0.00779726
-0.0185674
-0.023894
-0.0330166
-0.0413349
-0.0773452
-0.103813
-0.138774
-0.170983
-0.192269
-0.194619
-0.179034
-0.157944
-0.131823
-0.108066
-0.0581904
-0.0278251
0.0157142
0.041047
0.0575407
0.0646103
0.0672719
0.0681087
0.0685493
0.0690775
0.0696811
0.0703002
0.0707242
0.0709306
0.0708715
0.070591
0.0701304
0.069533
0.0688538
0.0681116
0.0673521
0.0665739
0.0658061
0.0650514
0.0642927
0.0414952
0.0429243
0.0443187
0.0457224
0.0471012
0.0484774
0.0498351
0.0511762
0.0524807
0.0537106
0.0548127
0.0556712
0.0561523
0.0560172
0.0549576
0.0525867
0.0483542
0.0413798
0.0301983
0.017904
0.00934394
0.00295244
-0.00343662
-0.0181677
-0.0336564
-0.0800978
-0.109461
-0.14282
-0.167556
-0.178829
-0.175954
-0.162917
-0.150601
-0.13011
-0.116974
-0.0612805
-0.0294825
0.0154665
0.0408216
0.0554185
0.0616861
0.0644254
0.065946
0.0671761
0.0684523
0.0695824
0.0704977
0.071022
0.0712004
0.071047
0.070641
0.0700527
0.0693351
0.0685496
0.0677136
0.0668735
0.0660223
0.0651915
0.0643749
0.0635614
0.0428615
0.0442437
0.0455948
0.0469558
0.0482932
0.0496267
0.0509357
0.0522167
0.0534419
0.0545692
0.0555372
0.0562398
0.0565532
0.0562953
0.055258
0.0533217
0.0502429
0.0450232
0.0381291
0.0316845
0.026403
0.0214253
0.0115073
-0.0103073
-0.0322251
-0.0838886
-0.111007
-0.137579
-0.155704
-0.163731
-0.160514
-0.15858
-0.151109
-0.141505
-0.126751
-0.068729
-0.0261366
0.0163616
0.0397083
0.0521195
0.0580632
0.0613907
0.0639363
0.066172
0.0682485
0.0698384
0.0709277
0.0714443
0.0715087
0.0712048
0.0706407
0.0699082
0.0690639
0.0681712
0.0672431
0.0663257
0.0654049
0.0645144
0.0636389
0.0627733
0.0441853
0.0455244
0.0468348
0.0481547
0.0494513
0.0507404
0.0519976
0.0532159
0.054362
0.0553941
0.0562504
0.0568474
0.0570872
0.0568694
0.0561335
0.0549861
0.0533106
0.0506931
0.0475835
0.044438
0.0409009
0.0347545
0.0204972
-0.00702187
-0.0370662
-0.0860823
-0.105914
-0.126964
-0.143791
-0.152021
-0.159544
-0.165119
-0.16627
-0.155916
-0.133863
-0.0725879
-0.0211391
0.0164221
0.0366242
0.0473949
0.0538351
0.0583334
0.0623299
0.0657508
0.0685545
0.0704481
0.0715509
0.0719398
0.0718102
0.07131
0.0705662
0.0696815
0.0687103
0.0677136
0.0666981
0.0657078
0.064722
0.0637757
0.062845
0.0619312
0.0454698
0.0467684
0.0480401
0.0493207
0.0505765
0.0518203
0.053025
0.0541825
0.0552561
0.0562104
0.056992
0.0575487
0.0578264
0.057835
0.0576242
0.0574605
0.0573995
0.0571709
0.0564768
0.0550331
0.0512187
0.0423885
0.0248128
-0.00658353
-0.0413147
-0.0813634
-0.0978862
-0.119054
-0.137743
-0.155376
-0.173806
-0.184234
-0.185915
-0.167038
-0.13206
-0.0649062
-0.0178827
0.013456
0.0308745
0.0412122
0.049135
0.0555858
0.0614876
0.0660814
0.069388
0.0713587
0.0722974
0.0724429
0.0720557
0.0713297
0.0703967
0.0693605
0.0682679
0.0671736
0.0660775
0.0650201
0.0639746
0.0629774
0.061996
0.0610384
0.0467172
0.0479776
0.0492132
0.0504554
0.0516707
0.0528703
0.0540249
0.0551275
0.0561418
0.0570454
0.0577992
0.0583912
0.0588252
0.0591944
0.0596544
0.0605485
0.0619116
0.0632113
0.0637305
0.0623853
0.0571344
0.0453931
0.0260908
-0.00601457
-0.0392154
-0.0745372
-0.0946132
-0.119459
-0.145459
-0.1744
-0.19603
-0.208852
-0.203049
-0.166589
-0.11927
-0.0593459
-0.0189543
0.00607481
0.0222435
0.0337149
0.0443844
0.0538056
0.0617294
0.067212
0.0706848
0.0724684
0.0730725
0.0728831
0.0721991
0.071236
0.0701168
0.0689374
0.0677333
0.0665504
0.0653818
0.0642641
0.0631649
0.0621222
0.0610952
0.060099
0.0479297
0.0491548
0.0503556
0.0515609
0.0527375
0.0538956
0.0550056
0.056063
0.0570383
0.0579235
0.0587018
0.0594032
0.060088
0.0609038
0.062074
0.0638756
0.066148
0.0681085
0.0686862
0.066499
0.0596663
0.0457287
0.0254903
-0.00530436
-0.0390692
-0.0741632
-0.100294
-0.132447
-0.167186
-0.199789
-0.22496
-0.231475
-0.20769
-0.15373
-0.10413
-0.059381
-0.0265486
-0.00626808
0.0111091
0.0254872
0.0408386
0.0536713
0.0631732
0.0690664
0.0722948
0.0736366
0.0737733
0.0731955
0.0722026
0.0710087
0.0697171
0.0684089
0.0671061
0.0658452
0.0646127
0.0634418
0.0622955
0.0612132
0.0601467
0.0591179
0.0491101
0.0503017
0.0514697
0.0526403
0.0537813
0.0549022
0.0559752
0.0570023
0.0579618
0.0588635
0.0597171
0.0605879
0.0615784
0.0628591
0.0646498
0.0670398
0.0696764
0.0715244
0.0714475
0.0682168
0.060264
0.0453139
0.0245002
-0.00612254
-0.0442521
-0.0820641
-0.117584
-0.157657
-0.196393
-0.232481
-0.251712
-0.241549
-0.195524
-0.135976
-0.0969106
-0.0678913
-0.0416244
-0.0229214
-0.00202216
0.0187567
0.0398954
0.0554713
0.0657452
0.0714186
0.074005
0.07471
0.074308
0.0733283
0.0720397
0.0706363
0.069194
0.067775
0.0663881
0.0650603
0.063773
0.0625564
0.06137
0.0602547
0.0591555
0.0581011
0.0502606
0.0514208
0.0525584
0.0536974
0.0548063
0.0558962
0.0569433
0.0579563
0.0589245
0.0598759
0.0608448
0.0619196
0.0632245
0.064912
0.0671283
0.0697546
0.0722871
0.0735992
0.0726385
0.068581
0.0597663
0.0444248
0.0222283
-0.0110453
-0.056403
-0.0995336
-0.146091
-0.190415
-0.231405
-0.265157
-0.265016
-0.233042
-0.174032
-0.124247
-0.100558
-0.0871859
-0.0634635
-0.0433369
-0.0139316
0.0164328
0.0419703
0.0591251
0.0691332
0.0739333
0.0755841
0.0755567
0.0746057
0.073247
0.0716972
0.0701164
0.0685497
0.0670394
0.0655831
0.0641994
0.062866
0.0616113
0.0603923
0.0592514
0.0581272
0.0570554
0.0513832
0.0525148
0.053625
0.0547357
0.0558173
0.0568845
0.0579173
0.0589326
0.0599323
0.0609595
0.0620662
0.0633488
0.0649296
0.0669008
0.069312
0.0718582
0.0740328
0.0746936
0.0728078
0.0679953
0.0584916
0.042134
0.0166984
-0.0219289
-0.0775363
-0.125738
-0.181411
-0.225543
-0.265021
-0.282649
-0.258779
-0.210073
-0.156071
-0.124616
-0.115889
-0.116644
-0.0897444
-0.0628466
-0.017878
0.0188683
0.0469867
0.0641365
0.0728123
0.0762521
0.0768392
0.0760801
0.0746212
0.0729368
0.0711749
0.0694537
0.0677903
0.066208
0.0646959
0.0632665
0.0618956
0.0606104
0.0593669
0.0582088
0.0570685
0.0559887
0.0524809
0.0535869
0.0546724
0.0557585
0.0568193
0.0578719
0.058902
0.0599349
0.0609838
0.0621008
0.063347
0.0648113
0.0665885
0.0686911
0.0710844
0.0733156
0.0750822
0.074934
0.0724762
0.0667328
0.0560592
0.0374249
0.00664361
-0.0396286
-0.106892
-0.157223
-0.216294
-0.253259
-0.282725
-0.274355
-0.235904
-0.187013
-0.150151
-0.139967
-0.142312
-0.150962
-0.113452
-0.0673102
-0.0154741
0.0256263
0.054253
0.0695968
0.076205
0.0780967
0.0776429
0.0762193
0.0743387
0.0724018
0.0704828
0.0686587
0.0669247
0.0652878
0.0637321
0.062266
0.0608657
0.0595581
0.0582992
0.0571333
0.0559872
0.05491
0.0535566
0.0546395
0.0557033
0.0567699
0.0578156
0.0588615
0.0598995
0.0609618
0.0620689
0.0632759
0.0646439
0.0662366
0.0681104
0.0701941
0.0724101
0.0741863
0.0753964
0.0744703
0.0713541
0.0645521
0.0519668
0.0295543
-0.00835498
-0.0633345
-0.140178
-0.188099
-0.241553
-0.261968
-0.275075
-0.248697
-0.210078
-0.174292
-0.160415
-0.170469
-0.176039
-0.180465
-0.123454
-0.064128
-0.00803813
0.0357924
0.0621327
0.0745603
0.0788675
0.0793146
0.0779172
0.075959
0.0737713
0.0716599
0.0696379
0.0677456
0.0659636
0.0642864
0.0626969
0.061202
0.0597804
0.0584591
0.0571949
0.0560323
0.0548922
0.0538297
0.0546126
0.055675
0.0567208
0.0577721
0.0588081
0.0598547
0.0609085
0.0620057
0.0631705
0.0644553
0.0659093
0.0675622
0.0694318
0.0713706
0.0733006
0.0745568
0.0750175
0.0734604
0.0694829
0.0612784
0.0458848
0.018464
-0.0274009
-0.0902173
-0.169395
-0.210672
-0.252731
-0.258196
-0.247204
-0.220733
-0.191896
-0.17841
-0.187344
-0.211173
-0.210353
-0.197601
-0.119156
-0.0549442
0.00573173
0.0468634
0.0691329
0.0783679
0.0806347
0.0798002
0.0776501
0.0753294
0.0729518
0.0707383
0.0686614
0.0667301
0.0649173
0.0632105
0.0615947
0.0600783
0.0586438
0.0573186
0.0560611
0.0549144
0.0537939
0.0527598
0.055651
0.0566963
0.0577268
0.0587665
0.0597977
0.0608502
0.0619232
0.0630545
0.0642685
0.0656061
0.0670997
0.0687421
0.070518
0.0722205
0.0737799
0.0744932
0.0742344
0.0719808
0.0669079
0.0568677
0.0379332
0.00495685
-0.0489013
-0.114359
-0.187365
-0.217027
-0.236472
-0.232251
-0.217757
-0.199537
-0.191043
-0.201443
-0.226424
-0.253163
-0.236452
-0.201011
-0.104038
-0.0333237
0.0214291
0.0569091
0.074389
0.0808355
0.081326
0.0795134
0.0769074
0.0743842
0.0719222
0.0696692
0.0675763
0.0656274
0.0637951
0.0620656
0.0604292
0.0588981
0.0574601
0.0561429
0.0549058
0.0537898
0.0527041
0.0517135
0.0566743
0.0577045
0.058722
0.0597537
0.0607835
0.0618438
0.062935
0.0640942
0.0653399
0.0666983
0.0681823
0.0697494
0.0713597
0.0727667
0.0738888
0.0740632
0.0731347
0.0700641
0.0637246
0.0514829
0.0287811
-0.0109169
-0.0686221
-0.127378
-0.19109
-0.201836
-0.207705
-0.202461
-0.197319
-0.196156
-0.212585
-0.237693
-0.27111
-0.285343
-0.241333
-0.188835
-0.0809931
-0.0118382
0.0357819
0.0646439
0.0775506
0.0818674
0.0808621
0.0785837
0.0757836
0.0731881
0.0707292
0.0684864
0.0664043
0.0644508
0.0626043
0.0608552
0.0592027
0.0576645
0.0562343
0.054939
0.0537385
0.0526698
0.0516363
0.0507049
0.0576837
0.0587006
0.0597069
0.0607327
0.0617621
0.0628291
0.063934
0.0651087
0.0663635
0.0677084
0.069136
0.070575
0.0719664
0.0730479
0.0737018
0.0733729
0.0717555
0.067836
0.060118
0.0454964
0.0184171
-0.0260183
-0.0783317
-0.125536
-0.17813
-0.175292
-0.178055
-0.184751
-0.193714
-0.212879
-0.245971
-0.284655
-0.310906
-0.296116
-0.224595
-0.159671
-0.0578469
0.00532086
0.0469759
0.0693588
0.0788154
0.0814258
0.079592
0.0771762
0.0743696
0.0718111
0.0694205
0.0672216
0.0651643
0.06321
0.0613484
0.0595804
0.0579163
0.0563805
0.0549719
0.0537156
0.0525704
0.051568
0.050606
0.0497495
0.0586798
0.0596847
0.0606809
0.061701
0.0627287
0.0637991
0.0649087
0.066083
0.0673227
0.0686208
0.0699521
0.0712254
0.0723644
0.0731146
0.07332
0.0725014
0.070226
0.0654678
0.0563404
0.0394138
0.00847709
-0.0285755
-0.0770306
-0.110547
-0.151367
-0.149188
-0.160595
-0.17923
-0.202426
-0.244305
-0.291602
-0.331583
-0.331718
-0.278223
-0.193492
-0.124251
-0.0386784
0.0177995
0.0539263
0.0712239
0.0784858
0.0799315
0.077846
0.0754254
0.0727592
0.0703193
0.0680401
0.0659022
0.0638702
0.0619096
0.0600274
0.0582399
0.0565705
0.0550498
0.0536805
0.0524835
0.051415
0.0504998
0.04963
0.0488662
0.0596628
0.0606563
0.0616418
0.0626549
0.0636783
0.0647455
0.0658485
0.0670053
0.0682059
0.0694287
0.0706336
0.0717186
0.0725926
0.0730183
0.0728136
0.071543
0.0686866
0.0631785
0.0527927
0.0347659
0.00659953
-0.0264207
-0.065028
-0.0878412
-0.119635
-0.132013
-0.152439
-0.184287
-0.230719
-0.287661
-0.340024
-0.35926
-0.321801
-0.24207
-0.162274
-0.0941925
-0.0253622
0.0253148
0.0563747
0.071036
0.0768133
0.077744
0.0757349
0.0734674
0.0710413
0.0687739
0.0666263
0.0645488
0.0625289
0.0605484
0.0586371
0.0568307
0.0551659
0.0536775
0.0523694
0.0512557
0.0502878
0.0494821
0.0487247
0.0480772
0.0606323
0.0616135
0.0625866
0.0635907
0.0646049
0.0656606
0.0667448
0.0678673
0.0690078
0.0701335
0.0711929
0.0720812
0.0726956
0.0728245
0.0722633
0.0706188
0.0673088
0.0612916
0.0504998
0.0337509
0.0094911
-0.0214093
-0.0436751
-0.0644695
-0.0925979
-0.124179
-0.156603
-0.208139
-0.269912
-0.332728
-0.370279
-0.352581
-0.285124
-0.203517
-0.141259
-0.0741199
-0.0188396
0.0281549
0.0550864
0.0695905
0.0743843
0.0751165
0.0734103
0.0714166
0.0692966
0.0672291
0.0652091
0.0631727
0.0611387
0.0591183
0.0571696
0.0553489
0.0537044
0.0522714
0.0510512
0.0500483
0.0492065
0.0485334
0.047905
0.0474009
0.0615865
0.0625537
0.0635127
0.0645038
0.0655029
0.0665384
0.0675919
0.0686649
0.0697289
0.0707441
0.0716503
0.072347
0.0727254
0.0726007
0.0717626
0.0698672
0.0663268
0.0603438
0.050518
0.0357614
0.0152295
-0.00531491
-0.0213551
-0.0450885
-0.0740028
-0.128842
-0.176296
-0.241327
-0.308923
-0.359882
-0.363764
-0.315657
-0.242435
-0.178759
-0.132618
-0.0639447
-0.0191337
0.0274025
0.0520497
0.0672906
0.071543
0.072261
0.071005
0.069375
0.0675984
0.0657296
0.0638073
0.0617725
0.0596871
0.0576049
0.0556145
0.0537915
0.0521904
0.0508426
0.049742
0.0488797
0.0481906
0.0476744
0.0471899
0.0468482
0.0625233
0.0634747
0.0644165
0.06539
0.0663679
0.0673748
0.0683865
0.0693984
0.0703757
0.0712746
0.0720314
0.0725539
0.0727356
0.072422
0.0714141
0.0694508
0.0660487
0.0608092
0.0527993
0.0408755
0.0272986
0.0129768
-0.0026832
-0.0318319
-0.065707
-0.145322
-0.201921
-0.272441
-0.330241
-0.352654
-0.326472
-0.270013
-0.213744
-0.167918
-0.137566
-0.0638393
-0.0243544
0.0250943
0.0496479
0.0643794
0.0684441
0.0693349
0.068641
0.0674386
0.0660089
0.0643086
0.0624231
0.0603309
0.0581514
0.0559888
0.0539614
0.052158
0.0506332
0.0494072
0.0484615
0.0477709
0.0472612
0.0469275
0.046608
0.0464306
0.0634407
0.0643735
0.0652947
0.0662462
0.0671969
0.0681674
0.0691289
0.0700724
0.0709587
0.0717442
0.0723654
0.0727443
0.0727817
0.0723652
0.0713294
0.0695453
0.0667087
0.0627631
0.0571412
0.0494618
0.0406219
0.0292976
0.0107788
-0.0258496
-0.0674161
-0.16271
-0.222115
-0.286384
-0.319255
-0.315539
-0.28055
-0.236486
-0.202885
-0.172354
-0.156992
-0.0728812
-0.0309917
0.0225791
0.0480774
0.0610268
0.065189
0.0664762
0.0664455
0.0656945
0.0645805
0.062978
0.0610354
0.0588142
0.0564998
0.0542485
0.0522023
0.0504535
0.0490475
0.0479857
0.0472325
0.0467458
0.0464425
0.0463076
0.0461774
0.0461731
0.0643362
0.0652472
0.0661449
0.0670701
0.0679883
0.0689162
0.0698224
0.0706945
0.0714919
0.0721746
0.0726838
0.0729595
0.0729199
0.0725053
0.0716146
0.0702739
0.0683517
0.0661195
0.0632495
0.0591244
0.0528271
0.0419682
0.0186924
-0.0264109
-0.0738721
-0.174768
-0.220838
-0.266393
-0.28167
-0.270282
-0.245481
-0.22644
-0.210425
-0.193256
-0.184104
-0.0881905
-0.0314263
0.0216383
0.0460851
0.057312
0.0619269
0.0638322
0.0645399
0.0642401
0.0633497
0.0617137
0.0595985
0.0571734
0.0546948
0.0523646
0.0503359
0.0486911
0.0474551
0.0466035
0.0460823
0.0458321
0.04576
0.0458322
0.0459044
0.0460961
0.0652071
0.066094
0.0669655
0.0678605
0.068742
0.069624
0.0704728
0.071275
0.0719918
0.0725894
0.0730182
0.0732405
0.0732037
0.0729078
0.0723363
0.071648
0.0708895
0.0705242
0.0699547
0.0679469
0.0624721
0.0498046
0.0218984
-0.0297442
-0.0850096
-0.171979
-0.203692
-0.230069
-0.239708
-0.237559
-0.234137
-0.236583
-0.233882
-0.231314
-0.206779
-0.100071
-0.0268825
0.0214728
0.0429524
0.0533913
0.0588605
0.0615416
0.0630518
0.0631729
0.0622981
0.0604553
0.058041
0.0553475
0.0526992
0.0503255
0.0483708
0.0468923
0.0458838
0.0452915
0.0450437
0.0450576
0.0452303
0.0455195
0.0458167
0.0461908
0.0660519
0.0669127
0.0677556
0.0686175
0.0694602
0.0702949
0.0710876
0.0718263
0.0724759
0.0730119
0.0733982
0.0736251
0.0736743
0.0736098
0.0735054
0.0736026
0.0740817
0.0752593
0.0760518
0.0747138
0.0685394
0.0529273
0.0223778
-0.0332051
-0.0907869
-0.152866
-0.174487
-0.19594
-0.213058
-0.226833
-0.244589
-0.263065
-0.281348
-0.26771
-0.209577
-0.0933694
-0.0205311
0.0194283
0.0388508
0.0494911
0.0561729
0.0597793
0.0621299
0.0624566
0.0613496
0.0591029
0.0562685
0.0532727
0.0504857
0.0481324
0.0463276
0.0450881
0.0443696
0.0440889
0.0441503
0.0444423
0.044867
0.045398
0.0459115
0.0463707
0.0668696
0.0677023
0.0685151
0.0693427
0.0701459
0.0709345
0.0716759
0.0723612
0.0729611
0.0734636
0.0738495
0.0741396
0.0743519
0.0746141
0.0750581
0.0759645
0.077506
0.0796058
0.0807546
0.0788197
0.0711215
0.0525312
0.0219809
-0.029844
-0.0798143
-0.12795
-0.150678
-0.178294
-0.207765
-0.239205
-0.277759
-0.31824
-0.333714
-0.278203
-0.184751
-0.0794001
-0.0177731
0.0148992
0.0342244
0.0457339
0.054088
0.0588804
0.0618767
0.0619973
0.060373
0.0575139
0.0541764
0.0508985
0.0480445
0.0458017
0.0442404
0.0433208
0.04296
0.0430378
0.0434247
0.0440001
0.044703
0.0454891
0.0460961
0.0466542
0.0676593
0.0684629
0.0692455
0.0700386
0.0708034
0.0715497
0.0722474
0.0728923
0.0734632
0.0739627
0.0743898
0.074795
0.0752347
0.0758725
0.0768734
0.0784714
0.0807085
0.0830512
0.0837335
0.0805022
0.071218
0.0505962
0.0210362
-0.0233914
-0.0690981
-0.112553
-0.142209
-0.18097
-0.224949
-0.282474
-0.340592
-0.381965
-0.361024
-0.256512
-0.14987
-0.070685
-0.0206381
0.00846526
0.0291457
0.0421645
0.0532227
0.0592445
0.0622169
0.0616707
0.0591579
0.0555216
0.051671
0.0482053
0.0453792
0.0433713
0.0421594
0.0416489
0.0417079
0.0421656
0.0428799
0.0437704
0.0447912
0.0456787
0.0463852
0.0470415
0.0684211
0.069196
0.0699487
0.0707084
0.0714378
0.0721475
0.0728113
0.0734307
0.0739947
0.0745205
0.0750273
0.0755876
0.0762895
0.0773029
0.0787807
0.0808417
0.0833301
0.0853775
0.0851225
0.0805124
0.0702082
0.0494849
0.0217324
-0.0175406
-0.0642552
-0.110671
-0.15196
-0.205788
-0.271903
-0.344078
-0.413845
-0.423184
-0.34431
-0.214488
-0.125921
-0.0714016
-0.028035
0.000303509
0.0233718
0.0400287
0.0543399
0.0608278
0.0628985
0.0611729
0.0574443
0.0529709
0.0486771
0.0451467
0.0425347
0.0409014
0.0401574
0.0401393
0.0406467
0.0414843
0.0425644
0.0438519
0.0449934
0.0459741
0.0467793
0.0475332
0.0691561
0.069903
0.0706272
0.071356
0.0720546
0.0727348
0.0733757
0.0739857
0.0745648
0.0751424
0.0757569
0.0764945
0.0774576
0.0787938
0.0805979
0.0828434
0.0852072
0.0866562
0.0853692
0.0795551
0.0687639
0.0491942
0.0226613
-0.0156034
-0.0680631
-0.122288
-0.182662
-0.253303
-0.330956
-0.418007
-0.468772
-0.41728
-0.291728
-0.175306
-0.12065
-0.0823715
-0.040748
-0.0120904
0.018717
0.0415569
0.0574779
0.0631221
0.0635825
0.0600601
0.0549871
0.0497472
0.045219
0.0418034
0.0395823
0.0384829
0.0383193
0.0388342
0.0397888
0.0410548
0.0426392
0.044069
0.0453032
0.0463759
0.0472791
0.0481275
0.0698659
0.0705861
0.0712841
0.0719856
0.0726587
0.0733175
0.0739472
0.074563
0.0751756
0.0758244
0.0765615
0.0774753
0.0786632
0.0802254
0.082173
0.0843458
0.0863701
0.0869743
0.0847825
0.0783038
0.067249
0.0484713
0.0213789
-0.0197109
-0.0840954
-0.148214
-0.232278
-0.311
-0.397539
-0.473779
-0.465517
-0.363776
-0.234847
-0.158254
-0.129902
-0.10745
-0.0670788
-0.0290303
0.0193962
0.0470137
0.0623423
0.0659478
0.0635522
0.0579441
0.0515917
0.0458034
0.0412849
0.0382522
0.0366364
0.0362246
0.0366998
0.0377478
0.0392122
0.0411174
0.042879
0.0443958
0.045721
0.0468847
0.0478826
0.0488212
0.0705522
0.0712481
0.0719228
0.0726011
0.0732545
0.0739004
0.07453
0.0751645
0.0758242
0.0765539
0.0774128
0.0784785
0.0798261
0.081494
0.0834105
0.0853147
0.0867594
0.0864426
0.0835559
0.0766427
0.0652564
0.0463317
0.0166122
-0.0311566
-0.114535
-0.186493
-0.286619
-0.36535
-0.440671
-0.472519
-0.408836
-0.295898
-0.203425
-0.162044
-0.15321
-0.153965
-0.104841
-0.0339828
0.0259168
0.0558196
0.0678817
0.0678332
0.0621667
0.0545183
0.0471441
0.0411524
0.0369859
0.0346358
0.033838
0.0341978
0.0353176
0.0369807
0.0392595
0.0413849
0.0432311
0.0448325
0.0462477
0.0474981
0.0485865
0.0496106
0.0712175
0.0718918
0.0725463
0.0732057
0.0738456
0.0744864
0.0751252
0.0757878
0.0765015
0.0773112
0.0782751
0.0794493
0.0808749
0.0825279
0.0842667
0.0857535
0.0864516
0.0853727
0.0818827
0.0745797
0.0624857
0.0424058
0.00782892
-0.0514996
-0.155185
-0.227863
-0.327869
-0.396815
-0.435298
-0.414663
-0.336215
-0.248106
-0.198923
-0.187121
-0.196665
-0.212632
-0.11221
-0.0248802
0.0378249
0.0670827
0.0728736
0.0678485
0.0589586
0.0495747
0.0416391
0.0359166
0.0325136
0.0311426
0.0312771
0.0324315
0.0343043
0.0370057
0.0395635
0.041768
0.0436951
0.04538
0.0468808
0.0482126
0.0493856
0.050491
0.0718644
0.0725197
0.0731571
0.0738022
0.0744341
0.0750763
0.075731
0.0764263
0.0771933
0.0780716
0.0791106
0.0803379
0.0817576
0.083289
0.0847345
0.0857218
0.0857377
0.0840189
0.0799297
0.0721095
0.0589446
0.0366075
-0.00595417
-0.082212
-0.190956
-0.256818
-0.344013
-0.381261
-0.383744
-0.341693
-0.278433
-0.234898
-0.217004
-0.243634
-0.256675
-0.249038
-0.101112
-0.00853683
0.0563387
0.0773224
0.0752553
0.0653212
0.0535819
0.0430587
0.0352257
0.0303421
0.0281109
0.0279085
0.0290128
0.0310984
0.0342996
0.0373554
0.0399872
0.0422657
0.0442723
0.0460354
0.0476161
0.0490225
0.0502733
0.0514558
0.072495
0.0731339
0.0737574
0.0743921
0.0750206
0.0756687
0.0763425
0.0770699
0.0778822
0.0788086
0.0798846
0.0811064
0.0824436
0.0837678
0.0848537
0.0853375
0.0847698
0.0824705
0.0777871
0.0693277
0.0547259
0.0285444
-0.0274424
-0.109332
-0.20842
-0.252068
-0.312337
-0.329322
-0.316428
-0.286613
-0.259316
-0.244946
-0.266729
-0.332383
-0.305558
-0.251729
-0.0798284
0.0257563
0.075675
0.0835137
0.0740476
0.0597171
0.0458809
0.0351538
0.0282229
0.0247474
0.0239568
0.0249679
0.0272616
0.0310534
0.0347076
0.0378295
0.0405284
0.0428795
0.0449592
0.0467948
0.0484467
0.0499189
0.0512421
0.0526669
0.0731113
0.0737363
0.0743483
0.0749759
0.0756039
0.0762601
0.0769525
0.0777063
0.0785496
0.0794976
0.0805695
0.0817306
0.0829236
0.083985
0.0846966
0.0847033
0.0836207
0.0808202
0.0755589
0.0663651
0.0496526
0.0176746
-0.0481077
-0.11735
-0.206708
-0.235843
-0.264415
-0.270658
-0.270281
-0.263826
-0.265719
-0.284207
-0.36118
-0.405203
-0.30955
-0.206077
-0.0261993
0.0641123
0.0895089
0.084893
0.0685192
0.0506786
0.0360866
0.0262968
0.0210488
0.0193599
0.020136
0.0226573
0.0271636
0.0315352
0.0352456
0.0384254
0.041189
0.0436056
0.0457523
0.0476503
0.0493607
0.0508925
0.0524707
0.0541725
0.0737149
0.0743278
0.0749301
0.0755526
0.0761815
0.0768452
0.0775521
0.0783223
0.079178
0.0801187
0.0811471
0.0822016
0.0832087
0.0839847
0.0843341
0.0839163
0.0823898
0.0791684
0.0733555
0.0632987
0.0438089
0.00722103
-0.0500705
-0.10926
-0.189988
-0.199503
-0.215689
-0.232651
-0.246949
-0.270714
-0.29982
-0.377814
-0.453685
-0.421087
-0.264431
-0.128563
0.024256
0.0895823
0.0958014
0.0805559
0.0579155
0.0384643
0.0248082
0.0170396
0.0140107
0.0143192
0.0170867
0.0224866
0.0277394
0.0321541
0.0359107
0.0391452
0.0419651
0.0444409
0.0466426
0.0485862
0.0503464
0.0521438
0.0540039
0.0557875
0.0743066
0.0749087
0.0755023
0.0761202
0.0767495
0.0774176
0.0781319
0.0789053
0.0797528
0.080658
0.0816095
0.0825252
0.0833249
0.0838191
0.0838353
0.0830642
0.0811723
0.077624
0.0713003
0.0603981
0.03905
0.00427063
-0.046201
-0.0899726
-0.154766
-0.16222
-0.183736
-0.213518
-0.253694
-0.305046
-0.383109
-0.486323
-0.497365
-0.367244
-0.189767
-0.0515268
0.0604654
0.105351
0.094205
0.0688102
0.0425759
0.0239658
0.0127638
0.00777451
0.00732102
0.0102819
0.0168279
0.0231829
0.0284613
0.0329069
0.0367052
0.0399845
0.0428543
0.0453752
0.0476096
0.0495889
0.0516406
0.0537155
0.0556474
0.0574957
0.0748867
0.0754785
0.0760633
0.0766759
0.0773032
0.0779705
0.0786827
0.0794448
0.0802638
0.0811092
0.0819585
0.0827179
0.083306
0.0835427
0.0832709
0.0822286
0.0800662
0.0763119
0.0696581
0.0585681
0.0376953
0.00808692
-0.0352354
-0.0635732
-0.114025
-0.13714
-0.168288
-0.21803
-0.287333
-0.372086
-0.502886
-0.556966
-0.460486
-0.280134
-0.131027
0.00792485
0.0882875
0.110623
0.0813501
0.0494079
0.0240281
0.0081927
0.00044355
-0.00119115
0.00192089
0.00994427
0.0176879
0.0240378
0.0293261
0.0337965
0.0376245
0.0409421
0.0438455
0.0463818
0.048637
0.0509441
0.0532797
0.0554004
0.057384
0.0592787
0.0754546
0.0760358
0.0766106
0.0772161
0.0778374
0.0784971
0.0791968
0.079933
0.0807055
0.0814728
0.0822047
0.0828043
0.0831917
0.08321
0.0827102
0.0814912
0.0791808
0.0754213
0.0689359
0.0587204
0.0402621
0.016812
-0.0100912
-0.0384612
-0.0806446
-0.124856
-0.17037
-0.245086
-0.342335
-0.488047
-0.592391
-0.533104
-0.369133
-0.207297
-0.0895986
0.0472755
0.105063
0.098386
0.0557965
0.0251296
0.00346149
-0.0082768
-0.0117128
-0.00848612
0.00148884
0.011023
0.0187188
0.0250477
0.0303374
0.0348179
0.0386692
0.0420058
0.0449044
0.0474412
0.0500732
0.0526745
0.0550354
0.0571797
0.0591951
0.0611192
0.0760092
0.0765785
0.0771417
0.0777368
0.0783472
0.0789917
0.0796683
0.0803657
0.0810776
0.0817553
0.0823646
0.0828126
0.0830239
0.0828742
0.082221
0.0809368
0.0786533
0.0752164
0.069607
0.0611836
0.0479938
0.0318993
0.0127281
-0.0172807
-0.0568629
-0.127912
-0.190865
-0.292638
-0.440136
-0.575837
-0.57299
-0.437348
-0.28523
-0.158045
-0.0723402
0.0692603
0.0935768
0.0681448
0.0253176
-0.00202
-0.0187195
-0.0249218
-0.02166
-0.00900056
0.00286202
0.0122864
0.0199192
0.0262169
0.03149
0.035974
0.0398258
0.0431314
0.0460074
0.0489843
0.0519252
0.0545265
0.0568866
0.0590337
0.0610627
0.0630001
0.0765488
0.0771044
0.0776534
0.0782342
0.0788283
0.07945
0.080094
0.0807421
0.081384
0.0819679
0.0824582
0.0827735
0.0828446
0.0825869
0.0818701
0.0806571
0.0786418
0.0759213
0.071871
0.0662442
0.0590393
0.0480466
0.0310381
-0.00117583
-0.0414002
-0.148187
-0.230743
-0.37026
-0.508493
-0.559349
-0.472533
-0.346091
-0.232633
-0.132187
-0.0762673
0.0666734
0.0522953
0.0258855
-0.00912656
-0.0319795
-0.0419123
-0.0386701
-0.0221731
-0.00722617
0.00444395
0.0137384
0.0212953
0.0275399
0.0327897
0.0372501
0.0410383
0.0442903
0.047688
0.050993
0.0539044
0.0564751
0.0588118
0.0609432
0.0629692
0.064905
0.0770713
0.0776108
0.0781427
0.0787051
0.0792774
0.0798692
0.0804728
0.0810647
0.0816327
0.082125
0.0825082
0.0827176
0.0826938
0.0823969
0.0817226
0.080741
0.0792652
0.0776292
0.0757158
0.0733952
0.0705159
0.0622349
0.0447954
0.00861912
-0.0356466
-0.180654
-0.284496
-0.412278
-0.488687
-0.462449
-0.375315
-0.287846
-0.209063
-0.129829
-0.0839033
0.0187256
0.00339595
-0.0194277
-0.0486417
-0.0645332
-0.0612636
-0.0390393
-0.0198288
-0.00520571
0.00623519
0.015389
0.0228422
0.0290263
0.0342205
0.0385752
0.042272
0.0461465
0.049895
0.0531354
0.0559812
0.0584967
0.0607902
0.0628897
0.0648978
0.0668188
0.0775744
0.0780951
0.0786069
0.0791467
0.0796921
0.0802485
0.0808063
0.0813388
0.0818336
0.0822427
0.0825377
0.0826743
0.0826081
0.082348
0.0818341
0.0812467
0.0805476
0.0802716
0.0805565
0.0811742
0.0804867
0.0728867
0.0534458
0.0113385
-0.0433201
-0.213046
-0.301386
-0.379707
-0.401755
-0.359838
-0.316307
-0.268055
-0.213454
-0.144785
-0.0868918
-0.0370958
-0.0479612
-0.0722108
-0.0945265
-0.0918375
-0.0611342
-0.0358586
-0.0171996
-0.00295032
0.00825617
0.0172333
0.0245737
0.0306591
0.0356937
0.039907
0.044353
0.0486032
0.0522426
0.0553755
0.058129
0.0605684
0.0628021
0.064856
0.0668334
0.0687277
0.0780558
0.0785551
0.079044
0.0795575
0.0800719
0.0805887
0.0810981
0.0815715
0.0819982
0.0823375
0.0825685
0.0826699
0.0826183
0.0824735
0.0822353
0.0821752
0.0824151
0.0835368
0.0856044
0.0880899
0.0881796
0.0794585
0.0575189
0.00573658
-0.0580861
-0.210924
-0.268783
-0.305955
-0.30923
-0.309411
-0.30259
-0.286756
-0.247195
-0.153134
-0.106951
-0.0883705
-0.108991
-0.138664
-0.134575
-0.0900668
-0.0567338
-0.0323371
-0.0143099
-0.000422691
0.0105016
0.01929
0.0264724
0.0323281
0.0371577
0.0422752
0.0471222
0.0512067
0.0546863
0.057683
0.0603217
0.0626684
0.0648291
0.0668261
0.0687617
0.0706193
0.0785136
0.078989
0.0794525
0.0799365
0.0804171
0.0808921
0.081353
0.0817707
0.0821387
0.0824251
0.0826198
0.0827256
0.0827452
0.0827877
0.0829155
0.08346
0.0846366
0.0869173
0.0900675
0.0934987
0.0932182
0.0822535
0.0583436
-0.00932849
-0.0797152
-0.177257
-0.211102
-0.242097
-0.272758
-0.301582
-0.329421
-0.344643
-0.297857
-0.17347
-0.151392
-0.162202
-0.200242
-0.20139
-0.130184
-0.0837385
-0.0518097
-0.0285519
-0.0110844
0.00237069
0.0129949
0.0215417
0.0284043
0.0339716
0.0398955
0.0454357
0.050043
0.0539022
0.057191
0.0600277
0.0625352
0.0647771
0.0668544
0.0687858
0.0706704
0.0724824
0.078946
0.0793954
0.0798317
0.0802842
0.0807293
0.0811623
0.0815768
0.0819453
0.0822664
0.0825193
0.0827063
0.0828545
0.0829957
0.0832779
0.0838174
0.0849537
0.0868994
0.0898994
0.0934415
0.0969809
0.0947349
0.0812802
0.0574618
-0.00780127
-0.0764762
-0.137242
-0.176115
-0.222035
-0.272653
-0.329548
-0.411164
-0.452519
-0.328253
-0.194646
-0.223897
-0.298658
-0.300673
-0.192929
-0.119984
-0.0769461
-0.0466559
-0.0243358
-0.00753449
0.00545504
0.0157198
0.0238303
0.0302964
0.037187
0.0435466
0.0487492
0.0530468
0.0566484
0.0597219
0.062383
0.0647483
0.0668767
0.0688635
0.0707221
0.0725483
0.0743076
0.0793518
0.0797737
0.0801815
0.0806016
0.081011
0.0814034
0.0817759
0.0821034
0.0823914
0.0826303
0.0828366
0.0830594
0.0833572
0.0839014
0.0848349
0.0864503
0.0888764
0.0921098
0.0953953
0.0975645
0.0926341
0.0759808
0.0483068
-0.00609505
-0.0674324
-0.124831
-0.173569
-0.233525
-0.305235
-0.430073
-0.569307
-0.539956
-0.32216
-0.240267
-0.376771
-0.45632
-0.274648
-0.175926
-0.110139
-0.0699939
-0.0409868
-0.0197105
-0.00363977
0.00881807
0.0184996
0.0260726
0.034134
0.0414546
0.0473454
0.0521297
0.0560853
0.0594048
0.0622491
0.0647254
0.0669421
0.068952
0.0708432
0.0726241
0.074386
0.076087
0.0797305
0.0801243
0.0805027
0.08089
0.0812652
0.0816199
0.0819561
0.0822521
0.0825209
0.082764
0.0830117
0.0833298
0.0837959
0.0845834
0.085832
0.0877317
0.0902989
0.0932424
0.0955239
0.0949109
0.0878976
0.0689831
0.0396725
-0.00857291
-0.0689825
-0.134978
-0.195207
-0.275876
-0.413687
-0.630881
-0.722734
-0.515156
-0.300453
-0.401608
-0.591969
-0.38227
-0.248448
-0.158719
-0.100493
-0.0623403
-0.0348332
-0.014683
0.000595165
0.0122835
0.0212459
0.0307265
0.0391789
0.0458537
0.0511841
0.0555202
0.0591113
0.0621379
0.0647467
0.0670349
0.0691005
0.0709897
0.0727824
0.0744823
0.0761755
0.0778138
0.0800817
0.0804484
0.0807972
0.0811519
0.0814951
0.0818162
0.0821226
0.0823967
0.0826589
0.0829205
0.0832231
0.0836417
0.0842636
0.0852345
0.0866612
0.0886058
0.090948
0.093034
0.0937058
0.0901511
0.0809615
0.0601912
0.0294877
-0.0180522
-0.0819975
-0.159274
-0.245291
-0.385096
-0.635167
-0.848888
-0.700586
-0.453506
-0.428295
-0.689343
-0.741295
-0.613191
-0.334148
-0.221396
-0.143126
-0.089861
-0.0539969
-0.0282426
-0.00925098
0.0050362
0.0157698
0.0269796
0.0367551
0.0443205
0.0502486
0.0549958
0.0588658
0.062087
0.0648192
0.0671934
0.0692948
0.0712102
0.0729786
0.0746719
0.076289
0.0779105
0.0794827
0.0804052
0.0807446
0.081066
0.0813901
0.0817039
0.0819961
0.0822793
0.0825399
0.0828052
0.0830935
0.0834535
0.08396
0.0846924
0.0857535
0.0871877
0.0889151
0.0906562
0.0914543
0.0902568
0.0842982
0.0724881
0.0502557
0.0173704
-0.0324543
-0.103846
-0.204076
-0.349997
-0.590884
-0.845884
-0.842368
-0.598459
-0.497457
-0.771663
-0.934345
-0.960188
-0.772152
-0.505812
-0.297498
-0.199509
-0.127143
-0.0782588
-0.0451248
-0.0211717
-0.00340974
0.00963365
0.0229431
0.0342564
0.0428155
0.0493887
0.0545617
0.0587171
0.0621247
0.0649816
0.0674264
0.0695722
0.0714915
0.0732602
0.0749098
0.0765042
0.0780378
0.0795857
0.0810897
0.0807042
0.0810156
0.0813112
0.0816068
0.0818946
0.0821625
0.0824284
0.0826819
0.0829554
0.0832707
0.0836776
0.0842396
0.0850145
0.0860467
0.0873013
0.088552
0.0893896
0.0886921
0.0855266
0.0773188
0.0631241
0.0390526
0.00352421
-0.050702
-0.13837
-0.28678
-0.510394
-0.739333
-0.868158
-0.681393
-0.585719
-0.803845
-1.1061
-1.18116
-1.05762
-0.901349
-0.61336
-0.428243
-0.268611
-0.17773
-0.110709
-0.0661118
-0.0356704
-0.0132708
0.00288306
0.0187407
0.031808
0.0414524
0.0486953
0.0542949
0.0587211
0.0623025
0.0652642
0.0677722
0.0699422
0.0718697
0.0736146
0.075242
0.0767762
0.0782735
0.0797239
0.0811972
0.0826316
0.080979
0.0812636
0.0815349
0.0818044
0.0820693
0.0823171
0.08257
0.0828196
0.083101
0.0834347
0.0838647
0.0844336
0.0851657
0.0860377
0.0869289
0.0874816
0.0872567
0.0849726
0.079833
0.0696079
0.0531347
0.0269593
-0.0119518
-0.0736442
-0.195059
-0.388858
-0.610806
-0.692934
-0.646501
-0.59899
-0.783934
-1.17765
-1.36084
-1.21659
-0.996233
-0.947194
-0.718941
-0.501595
-0.367827
-0.239245
-0.154645
-0.0938921
-0.0534089
-0.02464
-0.00430584
0.0146045
0.029626
0.0404033
0.0483049
0.0542972
0.0589593
0.0626785
0.0657184
0.0682613
0.070442
0.072354
0.0740761
0.0756563
0.0771491
0.0785725
0.0799751
0.0813437
0.0827421
0.0841066
0.0812301
0.0814901
0.0817389
0.0819847
0.0822298
0.0824603
0.0827022
0.0829472
0.0832298
0.0835646
0.0839826
0.0844981
0.0850934
0.0856758
0.0860457
0.0857292
0.0843063
0.0805127
0.0735214
0.0614435
0.0427998
0.0144214
-0.0294958
-0.101514
-0.265434
-0.434873
-0.542975
-0.506367
-0.494774
-0.680415
-1.10224
-1.42225
-1.37669
-1.1252
-1.04334
-1.02547
-0.835713
-0.551164
-0.419658
-0.325879
-0.207369
-0.129579
-0.0763455
-0.0378802
-0.0114451
0.0109885
0.028055
0.0399343
0.0484101
0.0547133
0.0595364
0.0633341
0.0664015
0.0689433
0.0711008
0.0729799
0.0746535
0.0761849
0.0776111
0.0789771
0.0802948
0.0816061
0.0828944
0.0842187
0.0855134
0.0814594
0.0816966
0.0819247
0.0821491
0.0823764
0.0825912
0.0828215
0.083057
0.083328
0.0836386
0.0840013
0.0843973
0.0847637
0.084944
0.084675
0.08348
0.0807897
0.0755568
0.0668656
0.0531253
0.0324164
0.00176442
-0.0488051
-0.1275
-0.286497
-0.366424
-0.337515
-0.302464
-0.47095
-0.884548
-1.31479
-1.44525
-1.26642
-1.12565
-1.05693
-0.654447
-0.471356
-0.373615
-0.289209
-0.177977
-0.103772
-0.0534664
-0.0180472
0.00871096
0.0276688
0.0404364
0.0492898
0.0557371
0.060594
0.06437
0.0673909
0.0698724
0.0719653
0.0737743
0.0753795
0.0768355
0.0781918
0.0794755
0.080723
0.0819406
0.0831642
0.0843747
0.085626
0.0868516
0.0816685
0.0818846
0.0820938
0.0822985
0.0825091
0.0827077
0.0829228
0.0831396
0.0833811
0.0836369
0.0838971
0.0841085
0.0841652
0.0838609
0.0828957
0.080768
0.0768824
0.0703378
0.0601403
0.0449989
0.0223177
-0.0103119
-0.0647252
-0.133299
-0.241648
-0.191948
-0.119612
-0.227676
-0.554437
-1.01773
-1.34315
-1.33522
-1.22916
-1.20338
-0.567971
-0.456053
-0.334755
-0.243109
-0.141868
-0.0685152
-0.0221473
0.00891943
0.0293506
0.0425054
0.0513291
0.0576354
0.0623141
0.065918
0.0687797
0.0711197
0.0730849
0.07478
0.0762786
0.0776382
0.0788981
0.0800951
0.0812479
0.0823851
0.0835086
0.0846485
0.0857839
0.0869637
0.0881215
0.0818589
0.0820553
0.082247
0.0824329
0.0826268
0.0828068
0.0830004
0.0831859
0.0833762
0.0835444
0.0836558
0.0836256
0.0833106
0.0824738
0.0807836
0.0777512
0.0727751
0.0650915
0.0536443
0.0374105
0.0131742
-0.019534
-0.0680947
-0.109873
-0.12441
-0.022644
-0.0517482
-0.259067
-0.652816
-1.05072
-1.24549
-1.26715
-1.49345
-0.544159
-0.446046
-0.291505
-0.184527
-0.0867624
-0.0194968
0.0152832
0.0343677
0.0469818
0.0550745
0.0607565
0.064936
0.0681404
0.0706851
0.072768
0.074523
0.076041
0.0773891
0.0786147
0.0797568
0.0808413
0.0818945
0.0829277
0.083963
0.0849983
0.0860589
0.0871219
0.0882323
0.0893237
0.0820318
0.0822097
0.0823849
0.0825522
0.0827281
0.0828853
0.0830488
0.0831881
0.0833039
0.0833522
0.0832741
0.0829585
0.0822338
0.0808459
0.078448
0.0745843
0.0686678
0.0600698
0.0476949
0.0307928
0.00644281
-0.0222699
-0.0541524
-0.0642066
-0.00591073
-0.00417574
-0.0721623
-0.364951
-0.724129
-1.00842
-1.17141
-1.67907
-0.5308
-0.413633
-0.236304
-0.103831
-0.0145384
0.0312019
0.0453025
0.0550629
0.0612424
0.0655661
0.0687558
0.0712414
0.0732462
0.0749182
0.0763511
0.0776123
0.078749
0.0797983
0.0807867
0.081738
0.082667
0.0835911
0.0845158
0.0854573
0.0864104
0.0873956
0.0883895
0.0894325
0.0904595
0.0821883
0.0823487
0.0825079
0.082656
0.0828114
0.0829402
0.0830635
0.0831407
0.0831598
0.08306
0.0827613
0.0821329
0.0809848
0.0790588
0.07601
0.0714288
0.0647715
0.0555242
0.0426435
0.0258606
0.00413684
-0.0166349
-0.0311459
-0.0357503
-0.0179192
-0.0324718
-0.196258
-0.471278
-0.744198
-0.97427
-1.6306
-0.483792
-0.356132
-0.150803
-0.00677558
0.0435477
0.0650994
0.0686569
0.0708007
0.0726326
0.0741473
0.0754609
0.0766306
0.0776858
0.078654
0.0795544
0.0804054
0.0812215
0.0820166
0.0828011
0.0835863
0.0843782
0.0851873
0.0860138
0.0868692
0.0877457
0.0886599
0.0895877
0.0905657
0.0915303
0.0823293
0.0824728
0.0826164
0.0827439
0.0828756
0.0829695
0.0830421
0.0830423
0.0829454
0.0826759
0.0821377
0.0811875
0.0796272
0.0772057
0.0735989
0.0684539
0.0612934
0.0516973
0.0389425
0.0236388
0.00713046
-0.00682705
-0.0145737
-0.0441466
-0.0950373
-0.101579
-0.162666
-0.321549
-0.526424
-0.751271
-1.4469
-0.412827
-0.247127
-0.0419362
0.0825039
0.0911054
0.120828
0.0897385
0.0849659
0.082677
0.0815328
0.081085
0.0810248
0.0812034
0.0815242
0.0819362
0.082408
0.0829235
0.0834736
0.0840549
0.0846654
0.0853072
0.0859791
0.086686
0.087424
0.0882006
0.0890059
0.0898531
0.090718
0.0916336
0.092538
0.0824558
0.0825829
0.0827108
0.0828161
0.0829202
0.082973
0.082985
0.0828955
0.0826684
0.082217
0.0814343
0.0801718
0.0782339
0.0753881
0.0713496
0.0658233
0.0584153
0.0488699
0.0371823
0.0246945
0.0125819
-0.00100039
-0.0185655
-0.0517251
-0.067434
-0.111277
-0.192764
-0.280605
-0.398769
-0.559171
-1.16632
-0.316619
-0.106014
0.0705671
0.173188
0.11703
0.151638
0.186999
0.105242
0.0964329
0.09141
0.0884092
0.0866376
0.0856105
0.0850636
0.0848302
0.0848116
0.0849444
0.0851896
0.0855216
0.0859249
0.0863885
0.0869071
0.0874745
0.0880908
0.0887493
0.0894538
0.090193
0.0909772
0.0917824
0.0926381
0.0934845
0.0825686
0.0826797
0.0827919
0.0828734
0.0829465
0.0829524
0.082896
0.0827081
0.0823433
0.0817079
0.0806898
0.0791428
0.0768847
0.0737127
0.0693907
0.0636757
0.0563205
0.0474384
0.0376745
0.0275719
0.0151026
-0.000987975
-0.0080962
-0.0293227
-0.0443603
-0.0874788
-0.184881
-0.301591
-0.351922
-0.437997
-0.8414
-0.171425
0.0384485
0.180122
0.252547
0.130774
0.163133
0.191406
0.241363
0.114868
0.104169
0.0977542
0.0936636
0.0910526
0.0893725
0.0883119
0.0876714
0.0873267
0.0871963
0.0872269
0.0873824
0.087639
0.0879792
0.0883928
0.0888695
0.0894058
0.0899927
0.0906313
0.0913093
0.0920343
0.0927827
0.0935811
0.0943719
0.082669
0.0827647
0.0828615
0.0829177
0.0829574
0.0829119
0.0827823
0.0824923
0.0819903
0.0811797
0.0799494
0.0781634
0.0756632
0.072281
0.0678274
0.0621447
0.0552733
0.0476755
0.0394725
0.029178
0.0155007
0.0132197
0.00403771
-0.0117702
-0.0198568
-0.0578006
-0.134241
-0.286944
-0.363631
-0.377401
-0.520388
-0.00170692
0.176942
0.275425
0.315396
0.136922
0.164628
0.188043
0.225824
0.282608
0.120393
0.109285
0.102291
0.097648
0.0945466
0.0924505
0.0910413
0.0901112
0.0895257
0.089195
0.089058
0.0890723
0.0892091
0.0894467
0.0897711
0.0901693
0.0906351
0.0911577
0.0917361
0.0923573
0.0930267
0.0937213
0.0944649
0.0952023
0.0827588
0.0828399
0.0829222
0.0829524
0.0829572
0.0828587
0.0826549
0.0822651
0.0816344
0.0806682
0.0792626
0.0772996
0.074649
0.0711755
0.0667574
0.0614268
0.055485
0.0489884
0.0406388
0.0303713
0.0281378
0.0232057
0.0157738
0.00766609
0.00624767
-0.0272673
-0.0786941
-0.204353
-0.361109
-0.367722
-0.205693
0.166709
0.297115
0.350625
0.356196
0.138924
0.161948
0.180712
0.210295
0.251476
0.310172
0.123301
0.112545
0.105493
0.10065
0.0973039
0.0949662
0.0933343
0.0922069
0.0914494
0.0909697
0.0907041
0.0906072
0.0906472
0.0907999
0.0910489
0.0913793
0.0917829
0.0922478
0.0927712
0.0933397
0.0939569
0.0946003
0.0952916
0.095978
0.0828401
0.0829082
0.0829774
0.0829825
0.0829525
0.0828025
0.0825281
0.082047
0.0813044
0.0802127
0.0786812
0.076614
0.0739065
0.0704712
0.0663286
0.0616958
0.0565723
0.0500094
0.0421373
0.0412376
0.0369823
0.03401
0.0293056
0.0253995
0.0311617
-0.000963106
-0.0407559
-0.094763
-0.272719
-0.37415
0.0709877
0.312722
0.391667
0.398686
0.372924
0.138675
0.157631
0.172875
0.195881
0.226657
0.269628
0.323434
0.124548
0.11453
0.107715
0.102898
0.0994766
0.0970231
0.095263
0.0940096
0.0931341
0.0925472
0.0921851
0.0920019
0.0919646
0.0920475
0.092233
0.0925049
0.0928536
0.0932667
0.0937396
0.0942591
0.0948272
0.0954222
0.0960637
0.096701
0.0829161
0.0829738
0.0830322
0.0830147
0.0829527
0.0827558
0.0824189
0.0818612
0.0810317
0.0798543
0.0782549
0.0761575
0.0734943
0.0702819
0.0666819
0.0626894
0.0575692
0.0515251
0.051334
0.0485033
0.0462348
0.044569
0.0429382
0.0439969
0.0526507
0.0228208
-0.0107981
-0.0490085
-0.135251
-0.329904
0.289886
0.42918
0.451394
0.416798
0.365803
0.137285
0.152912
0.165375
0.183607
0.207182
0.23902
0.279772
0.322387
0.124777
0.115645
0.109227
0.104574
0.101188
0.0987077
0.0968887
0.0955634
0.0946125
0.0939514
0.093519
0.0932701
0.0931716
0.0931976
0.0933297
0.0935512
0.0938515
0.0942178
0.0946444
0.0951184
0.0956401
0.0961893
0.0967831
0.0973737
0.0829909
0.0830416
0.0830933
0.0830573
0.0829685
0.082733
0.0823466
0.0817332
0.080849
0.0796323
0.078024
0.0759764
0.0735006
0.07072
0.0676351
0.063692
0.0590975
0.0590946
0.0572376
0.0559342
0.0548529
0.0553951
0.0572303
0.0621594
0.0752304
0.0609641
0.0185231
-0.0425588
-0.0862931
-0.375285
0.46662
0.504465
0.471823
0.405844
0.337135
0.135367
0.148327
0.158639
0.173264
0.191751
0.216252
0.246954
0.281897
0.308319
0.124401
0.116178
0.110228
0.105817
0.102538
0.100091
0.0982633
0.0969066
0.0959129
0.0952039
0.0947221
0.0944242
0.0942779
0.0942578
0.0943451
0.0945231
0.0947806
0.0951046
0.0954887
0.0959201
0.0963983
0.0969038
0.0974523
0.097998
0.0830697
0.0831181
0.0831684
0.08312
0.0830124
0.0827502
0.0823318
0.0816892
0.0807876
0.0795789
0.0780253
0.0761395
0.0740142
0.0716557
0.0686544
0.0651942
0.065305
0.0639745
0.0633232
0.0629574
0.0636288
0.0664972
0.0706316
0.08069
0.111889
0.111388
0.0448954
-0.0425765
-0.0777335
-0.560112
0.58263
0.526558
0.454948
0.368315
0.291674
0.133264
0.144098
0.152719
0.164633
0.179419
0.198621
0.22271
0.250406
0.277067
0.281533
0.123682
0.116325
0.110864
0.106733
0.103605
0.101231
0.0994299
0.0980716
0.0970598
0.0963234
0.0958089
0.0954756
0.0952926
0.0952353
0.0952852
0.0954256
0.095645
0.0959306
0.0962754
0.0966671
0.0971042
0.0975681
0.0980733
0.098576
0.0831587
0.083211
0.0832665
0.0832141
0.0830981
0.0828245
0.0823959
0.0817542
0.0808734
0.0797236
0.0783124
0.0767152
0.0749404
0.0726877
0.070119
0.0702922
0.0693734
0.069035
0.0690923
0.0701057
0.0724468
0.0771671
0.0836735
0.107017
0.161251
0.174059
0.0936952
-0.0234068
-0.0674899
-0.705663
0.616894
0.502343
0.404115
0.310577
0.233482
0.131158
0.140292
0.147578
0.157411
0.169449
0.184833
0.203876
0.226249
0.250305
0.263711
0.245149
0.122786
0.116225
0.111241
0.107405
0.104451
0.102175
0.100424
0.0990859
0.0980746
0.0973263
0.0967922
0.0964344
0.0962238
0.0961367
0.0961551
0.0962629
0.0964483
0.096699
0.0970074
0.0973618
0.09776
0.0981843
0.0986482
0.0991098
0.0832653
0.0833288
0.0833975
0.0833514
0.0832401
0.0829734
0.0825591
0.0819493
0.0811302
0.080108
0.078938
0.0776339
0.0759788
0.0741085
0.0743241
0.0737068
0.0735882
0.0738514
0.0749392
0.077245
0.0809831
0.0874764
0.101677
0.143907
0.18854
0.163734
0.0437635
-0.0398131
-0.667794
0.573196
0.435507
0.327778
0.238438
0.129146
0.136912
0.143129
0.151348
0.161298
0.173831
0.189224
0.207485
0.228079
0.244604
0.246094
0.121818
0.115969
0.111438
0.107894
0.105124
0.102961
0.101276
0.0999726
0.0989753
0.098227
0.0976835
0.0973098
0.0970788
0.0969679
0.0969599
0.0970392
0.0971942
0.0974129
0.0976875
0.0980068
0.098368
0.0987546
0.099179
0.099601
0.0833977
0.0834812
0.0835723
0.0835447
0.083453
0.0832136
0.0828386
0.0822938
0.0815901
0.0807721
0.0798506
0.078672
0.0773542
0.0776042
0.0772122
0.0772447
0.0776337
0.0787193
0.0807834
0.0841617
0.0893223
0.100582
0.127205
0.166543
0.204702
0.136825
0.0162313
-0.515667
0.464394
0.339158
0.234789
0.127272
0.133929
0.139281
0.146228
0.154562
0.164929
0.177556
0.192592
0.210044
0.226233
0.237186
0.120838
0.115623
0.11151
0.108246
0.105662
0.103619
0.10201
0.100751
0.0997775
0.099038
0.0984928
0.09811
0.0978643
0.0977346
0.0977043
0.0977586
0.0978861
0.0980753
0.0983182
0.0986043
0.0989304
0.0992809
0.0996675
0.100052
0.0835649
0.083678
0.0838019
0.0838063
0.0837506
0.0835592
0.0832503
0.0828124
0.0822832
0.0816782
0.0808845
0.0800034
0.0802879
0.0800715
0.0802105
0.0806741
0.0817229
0.0835744
0.0865092
0.090915
0.0994362
0.118179
0.145595
0.179659
0.208051
0.108246
-0.319252
0.310739
0.224628
0.125555
0.131305
0.135949
0.141881
0.148942
0.157627
0.168131
0.180629
0.195361
0.21023
0.224041
0.119887
0.115228
0.111497
0.108498
0.106095
0.104174
0.102645
0.101438
0.100494
0.0997699
0.099229
0.0988422
0.0985863
0.0984416
0.0983924
0.0984246
0.0985271
0.0986889
0.098902
0.0991566
0.0994492
0.0997651
0.100115
0.100463
0.0837765
0.0839298
0.0840974
0.0841481
0.0841452
0.0840234
0.0838133
0.0835274
0.0831819
0.0827049
0.0821727
0.082493
0.0824167
0.0826375
0.0831464
0.0841432
0.085805
0.0883557
0.0921283
0.0987585
0.112335
0.132264
0.15846
0.185206
0.204781
-0.0989711
0.120759
0.123996
0.128998
0.133058
0.138169
0.144212
0.151571
0.160409
0.170905
0.183367
0.196569
0.210589
0.118984
0.114814
0.111429
0.108676
0.106445
0.104645
0.103199
0.102046
0.101137
0.100432
0.0998996
0.0995128
0.0992502
0.0990936
0.0990282
0.0990406
0.0991201
0.0992563
0.0994413
0.0996659
0.0999265
0.100209
0.100525
0.100837
0.0840422
0.0842466
0.084469
0.0845805
0.0846478
0.0846212
0.0845443
0.0844189
0.0841993
0.0839528
0.0843101
0.0843495
0.0846354
0.0851743
0.0861203
0.0876132
0.0898487
0.0930748
0.0983921
0.108361
0.12353
0.143697
0.165765
0.18567
0.198069
0.122589
0.126969
0.130543
0.134981
0.1402
0.146496
0.154012
0.162906
0.173497
0.185062
0.198138
0.118141
0.114399
0.111326
0.108798
0.106732
0.105047
0.103683
0.102587
0.101715
0.101033
0.100511
0.100127
0.0998608
0.0996948
0.0996152
0.0996097
0.0996679
0.0997799
0.0999383
0.100134
0.100364
0.100614
0.100896
0.101175
0.0843715
0.0846381
0.0849261
0.085113
0.0852698
0.0853643
0.085429
0.0854251
0.0854107
0.0858112
0.0859468
0.0862886
0.0868491
0.0877496
0.0891019
0.0910696
0.0938561
0.098175
0.105717
0.117386
0.133282
0.151234
0.168826
0.182981
0.190155
0.121324
0.125184
0.128347
0.132231
0.136773
0.142208
0.148656
0.156258
0.165311
0.175382
0.187142
0.117363
0.113996
0.111202
0.108882
0.106968
0.105395
0.104111
0.10307
0.102236
0.101578
0.10107
0.100691
0.100423
0.100249
0.100157
0.100135
0.100173
0.100262
0.100395
0.100563
0.100763
0.100983
0.101232
0.101478
0.0847737
0.0851128
0.0854773
0.0857548
0.0860196
0.0862428
0.086424
0.0866043
0.0870483
0.0872702
0.0876598
0.0882395
0.0891018
0.0903386
0.0920856
0.0945086
0.0980762
0.103902
0.113084
0.125688
0.140345
0.155523
0.168982
0.17859
0.182143
0.120191
0.123611
0.126426
0.129846
0.133828
0.138555
0.144135
0.150676
0.158467
0.167225
0.177624
0.11665
0.113612
0.111069
0.108937
0.107165
0.105696
0.104489
0.103504
0.102708
0.102075
0.101582
0.101209
0.100939
0.100759
0.100655
0.100618
0.100637
0.100705
0.100813
0.100954
0.101126
0.101315
0.101533
0.101747
0.0852565
0.0856794
0.0861305
0.0865114
0.0868903
0.0872283
0.0875728
0.088068
0.0883636
0.0888004
0.0893967
0.0902301
0.0913729
0.0929397
0.095064
0.0980558
0.102648
0.11001
0.120127
0.132112
0.144995
0.157333
0.167265
0.173441
0.174584
0.119176
0.122224
0.124741
0.12777
0.131282
0.135423
0.140285
0.145965
0.152702
0.160326
0.169453
0.116001
0.113251
0.110933
0.108972
0.107331
0.10596
0.104827
0.103894
0.103136
0.102528
0.10205
0.101684
0.101414
0.101228
0.101114
0.101062
0.101064
0.10111
0.101194
0.10131
0.101453
0.101614
0.101801
0.101984
0.0858263
0.086344
0.086889
0.0873782
0.0878652
0.0883529
0.0888987
0.089268
0.0897458
0.0903625
0.0911734
0.0922426
0.0936623
0.0955429
0.0980874
0.101781
0.107775
0.116007
0.125853
0.136734
0.147666
0.157374
0.164446
0.168108
0.167699
0.118269
0.120998
0.123258
0.125957
0.129072
0.132721
0.136985
0.141944
0.147799
0.154462
0.162454
0.115412
0.112917
0.110799
0.108993
0.107472
0.106194
0.105129
0.104247
0.103525
0.102942
0.102479
0.102119
0.10185
0.101659
0.101536
0.10147
0.101453
0.101479
0.10154
0.10163
0.101747
0.101879
0.102036
0.102189
0.0864893
0.0871046
0.0877504
0.0883472
0.0889684
0.089573
0.0900061
0.090531
0.0911651
0.0919645
0.0929747
0.0942767
0.0959581
0.0981538
0.101183
0.106135
0.112913
0.12107
0.130239
0.1398
0.148802
0.156225
0.161053
0.162922
0.161547
0.117458
0.119912
0.12195
0.124367
0.127144
0.130377
0.134138
0.138494
0.143616
0.14945
0.156452
0.114879
0.112609
0.11067
0.109006
0.107595
0.106401
0.105401
0.104567
0.10388
0.10332
0.102871
0.102519
0.102251
0.102055
0.101922
0.101842
0.101809
0.101814
0.101853
0.101918
0.102008
0.102112
0.10224
0.102363
0.0872534
0.087961
0.0887106
0.0894358
0.0901059
0.0906079
0.0911728
0.0918341
0.0926242
0.0935927
0.0947992
0.0963197
0.0982409
0.100774
0.104918
0.110569
0.11738
0.12513
0.133415
0.141583
0.14881
0.154323
0.157436
0.158052
0.156103
0.116734
0.118951
0.120795
0.122968
0.125455
0.128335
0.13167
0.135514
0.140024
0.145147
0.151291
0.114398
0.112327
0.110549
0.109012
0.107702
0.106587
0.105646
0.104858
0.104204
0.103666
0.103231
0.102886
0.102618
0.102417
0.102274
0.102181
0.102131
0.102116
0.102133
0.102173
0.102237
0.102314
0.102413
0.102507
0.0881135
0.0889213
0.0897839
0.0905144
0.0910835
0.091699
0.0923814
0.0931765
0.0941106
0.0952448
0.0966338
0.0983397
0.100498
0.10401
0.108775
0.114515
0.121092
0.128255
0.135542
0.142358
0.148024
0.151989
0.153816
0.153574
0.15131
0.116087
0.118097
0.119772
0.121735
0.123971
0.126549
0.129519
0.13293
0.136909
0.141431
0.146839
0.113966
0.112072
0.110437
0.109016
0.107798
0.106754
0.10587
0.105123
0.104499
0.103983
0.103561
0.103221
0.102953
0.102747
0.102595
0.102488
0.102421
0.102387
0.102381
0.102398
0.102436
0.102485
0.102555
0.102622
0.0890657
0.0899905
0.0908182
0.0914512
0.0921142
0.0928324
0.0936287
0.0945469
0.0956208
0.0969075
0.0984417
0.100317
0.103328
0.107392
0.112272
0.117887
0.124079
0.130532
0.136802
0.142371
0.146708
0.149445
0.150324
0.149509
0.147099
0.11551
0.117339
0.118864
0.120644
0.122663
0.12498
0.127638
0.130677
0.134207
0.138218
0.142983
0.113577
0.11184
0.110335
0.109018
0.107883
0.106906
0.106073
0.105365
0.10477
0.104272
0.103863
0.103528
0.103259
0.103047
0.102885
0.102765
0.102681
0.102628
0.1026
0.102592
0.102604
0.102627
0.102668
0.10271
0.0901263
0.0910014
0.091724
0.0924381
0.0931869
0.0940036
0.0949043
0.0959405
0.0971416
0.0985438
0.1002
0.102814
0.106319
0.110506
0.115329
0.120695
0.126385
0.132079
0.137369
0.14183
0.145063
0.146843
0.147033
0.145846
0.1434
0.114995
0.116664
0.118058
0.119678
0.121507
0.123598
0.125985
0.128705
0.13185
0.135415
0.139633
0.113227
0.111632
0.110242
0.10902
0.107961
0.107045
0.106258
0.105587
0.105017
0.104538
0.104138
0.103807
0.103537
0.103319
0.103147
0.103013
0.102912
0.102839
0.102789
0.102758
0.102743
0.10274
0.102755
0.10277
0.091122
0.0918921
0.0926768
0.0934663
0.0942965
0.0952031
0.0962026
0.097345
0.0986386
0.100131
0.102424
0.105481
0.109107
0.11328
0.117946
0.122958
0.128083
0.133016
0.137401
0.140903
0.143236
0.14428
0.143978
0.142561
0.140148
0.114535
0.116063
0.117341
0.11882
0.120482
0.122376
0.124528
0.126972
0.129785
0.132961
0.136709
0.112914
0.111445
0.110158
0.109022
0.108032
0.107172
0.106428
0.10579
0.105243
0.10478
0.104389
0.104061
0.103789
0.103565
0.103381
0.103233
0.103115
0.103022
0.102949
0.102894
0.102853
0.102826
0.102812
0.102793
0.0920021
0.0928269
0.0936696
0.0945302
0.0954343
0.0964246
0.0975118
0.0987296
0.10009
0.102131
0.104823
0.107994
0.11163
0.115708
0.120125
0.124719
0.129256
0.133459
0.137032
0.139722
0.141332
0.141816
0.14117
0.139623
0.137284
0.114125
0.115527
0.116702
0.118056
0.119572
0.121293
0.12324
0.125444
0.127968
0.130816
0.134151
0.112634
0.111278
0.110084
0.109026
0.108098
0.107288
0.106584
0.105974
0.10545
0.105
0.104617
0.104291
0.104016
0.103784
0.103589
0.103426
0.10329
0.103177
0.103082
0.103002
0.102938
0.102884
0.102832
0.0929235
0.0937998
0.0946967
0.0956219
0.0965937
0.0976572
0.0988051
0.100074
0.101905
0.104307
0.107103
0.110298
0.11388
0.117783
0.121892
0.126032
0.129987
0.133513
0.136374
0.138387
0.139422
0.139487
0.138606
0.136998
0.134758
0.113759
0.115049
0.116133
0.117376
0.118763
0.120332
0.122098
0.124092
0.126364
0.128923
0.131896
0.112384
0.11113
0.110018
0.109031
0.10816
0.107395
0.106726
0.106143
0.105638
0.1052
0.104823
0.104498
0.104218
0.103978
0.103772
0.103594
0.103439
0.103305
0.103187
0.103085
0.102995
0.102906
0.0938809
0.0948057
0.0957511
0.0967348
0.0977645
0.0988785
0.100065
0.101738
0.103898
0.106391
0.109217
0.112384
0.115844
0.119519
0.123279
0.126956
0.130354
0.133269
0.135517
0.136972
0.137557
0.137311
0.136276
0.134652
0.132524
0.113434
0.114623
0.115625
0.11677
0.118041
0.119476
0.121084
0.122894
0.124945
0.127251
0.129914
0.11216
0.110998
0.109961
0.109037
0.108217
0.107493
0.106856
0.106298
0.105809
0.105381
0.105008
0.104683
0.104398
0.104149
0.10393
0.103735
0.103562
0.103407
0.103268
0.103141
0.103016
0.0948698
0.0958385
0.0968263
0.0978597
0.0989281
0.100073
0.101605
0.103579
0.105817
0.108343
0.111157
0.114238
0.117528
0.120935
0.124328
0.12755
0.13043
0.132803
0.134531
0.135532
0.135766
0.135293
0.134164
0.132555
0.130546
0.113144
0.114243
0.115172
0.116229
0.117397
0.118712
0.120181
0.121828
0.123686
0.12577
0.128162
0.111961
0.110881
0.109912
0.109044
0.108271
0.107584
0.106976
0.106438
0.105964
0.105544
0.105174
0.104847
0.104556
0.104297
0.104064
0.103852
0.10366
0.103485
0.103322
0.103161
0.0958848
0.0968924
0.0979145
0.0989813
0.100071
0.101514
0.103323
0.105361
0.10763
0.110152
0.112906
0.11586
0.118943
0.122059
0.125081
0.12787
0.130278
0.132178
0.133469
0.134104
0.134069
0.133433
0.132252
0.13068
0.128791
0.112886
0.113903
0.114766
0.115744
0.116822
0.118031
0.119375
0.120879
0.122566
0.124455
0.126609
0.111784
0.110778
0.109869
0.109053
0.108321
0.107668
0.107085
0.106566
0.106103
0.10569
0.105322
0.104991
0.104693
0.104422
0.104174
0.103945
0.103735
0.103537
0.103342
0.0969208
0.0979603
0.0990029
0.100087
0.101435
0.103132
0.104991
0.107057
0.109326
0.111805
0.114463
0.117256
0.120107
0.122922
0.125582
0.127966
0.129953
0.131445
0.132372
0.132714
0.132474
0.131726
0.130524
0.129002
0.12723
0.112656
0.113599
0.114405
0.11531
0.116308
0.117422
0.118655
0.120031
0.121568
0.123284
0.125229
0.111627
0.110687
0.109833
0.109063
0.108368
0.107744
0.107185
0.10668
0.106228
0.10582
0.105451
0.105115
0.104808
0.104525
0.104262
0.104017
0.103785
0.103556
0.0979719
0.099032
0.100081
0.101392
0.102972
0.104708
0.106589
0.108656
0.110893
0.113297
0.115828
0.118436
0.121042
0.123555
0.125871
0.127884
0.129498
0.130643
0.131271
0.13138
0.130987
0.130163
0.128963
0.127499
0.125838
0.112452
0.113329
0.114082
0.114923
0.115847
0.116876
0.118011
0.119274
0.120677
0.12224
0.124001
0.111488
0.110608
0.109803
0.109074
0.108412
0.107815
0.107272
0.106783
0.106339
0.105934
0.105563
0.105221
0.104904
0.104607
0.104329
0.104064
0.103803
0.0990296
0.100098
0.101344
0.102869
0.104475
0.106226
0.108106
0.110146
0.112323
0.114626
0.117008
0.119415
0.121771
0.123991
0.125984
0.127663
0.128953
0.129803
0.130186
0.130113
0.129606
0.128735
0.127552
0.12615
0.124595
0.11227
0.113087
0.113793
0.114576
0.115435
0.116387
0.117435
0.118595
0.11988
0.121308
0.122906
0.111366
0.110538
0.109777
0.109085
0.108453
0.107878
0.107352
0.106875
0.106436
0.106032
0.105658
0.105308
0.10498
0.10467
0.104374
0.104082
0.100086
0.101335
0.102776
0.104316
0.105928
0.107673
0.10953
0.11152
0.113614
0.115795
0.118012
0.12021
0.122318
0.12426
0.125956
0.127337
0.128346
0.128949
0.129134
0.128918
0.12833
0.127433
0.126277
0.12494
0.123483
0.112109
0.112873
0.113535
0.114266
0.115066
0.115949
0.116918
0.117987
0.119166
0.120473
0.121927
0.111258
0.110478
0.109756
0.109096
0.108492
0.107933
0.107427
0.106956
0.106521
0.106116
0.105736
0.105377
0.105038
0.104712
0.104391
0.10131
0.10274
0.10418
0.105718
0.10732
0.109041
0.110854
0.112774
0.114766
0.11681
0.118852
0.12084
0.122708
0.124388
0.125814
0.126933
0.127701
0.128098
0.128123
0.127797
0.127153
0.126246
0.125125
0.123852
0.122488
0.111966
0.112682
0.113306
0.113988
0.114736
0.115556
0.116454
0.117442
0.118527
0.119725
0.121052
0.111163
0.110425
0.109739
0.109109
0.108525
0.107989
0.10749
0.107026
0.106592
0.106184
0.105798
0.10543
0.105077
0.104728
0.102697
0.104119
0.105545
0.107067
0.108641
0.110322
0.112073
0.113906
0.115783
0.117679
0.119542
0.121323
0.122962
0.124401
0.125585
0.126474
0.127037
0.127264
0.12716
0.126751
0.12607
0.125165
0.124083
0.122874
0.121594
0.11184
0.112513
0.113101
0.11374
0.11444
0.115203
0.116038
0.116952
0.117953
0.119054
0.120267
0.11108
0.110379
0.109726
0.109123
0.108557
0.108035
0.107545
0.107085
0.106651
0.106239
0.105846
0.105466
0.105091
0.104059
0.105461
0.106861
0.108353
0.109886
0.11151
0.113185
0.114919
0.11667
0.118413
0.120097
0.121678
0.123102
0.12432
0.12529
0.125979
0.126368
0.126455
0.12625
0.125779
0.125075
0.124181
0.123141
0.121993
0.120791
0.111728
0.112363
0.112919
0.113519
0.114175
0.114887
0.115665
0.116512
0.117437
0.118451
0.119564
0.111007
0.11034
0.109717
0.10913
0.108587
0.108074
0.107591
0.107134
0.106698
0.106281
0.105877
0.105479
0.105387
0.106757
0.108119
0.109568
0.111048
0.112603
0.114191
0.115815
0.117434
0.119022
0.120532
0.121922
0.123146
0.124166
0.124945
0.125462
0.125705
0.125678
0.125393
0.124878
0.124163
0.123286
0.122287
0.121199
0.12007
0.111629
0.112232
0.112757
0.113322
0.113938
0.114604
0.115329
0.116117
0.116974
0.117909
0.118933
0.110945
0.110308
0.109705
0.109141
0.10861
0.108108
0.10763
0.107173
0.106734
0.106309
0.105889
0.10667
0.107999
0.109313
0.110708
0.112123
0.113599
0.115091
0.1166
0.118084
0.119518
0.120859
0.122071
0.123113
0.123953
0.124566
0.124936
0.125057
0.124937
0.124591
0.124044
0.123326
0.122471
0.121515
0.120483
0.11942
0.111543
0.112116
0.112613
0.113147
0.113726
0.114351
0.115029
0.115761
0.116558
0.117422
0.118365
0.110891
0.110278
0.109698
0.109151
0.108632
0.108136
0.107661
0.107203
0.106758
0.106319
0.107901
0.109178
0.110436
0.111769
0.113111
0.1145
0.11589
0.11728
0.118629
0.119914
0.121094
0.122139
0.123015
0.123697
0.124165
0.124409
0.124429
0.124234
0.123841
0.123273
0.12256
0.121729
0.120815
0.119837
0.118835
0.111468
0.112014
0.112487
0.112991
0.113538
0.114124
0.114759
0.115443
0.116184
0.116984
0.117856
0.110844
0.110253
0.109694
0.10916
0.108649
0.108158
0.107684
0.107223
0.106767
0.109072
0.110291
0.111486
0.112748
0.114011
0.115307
0.116592
0.117862
0.119078
0.120219
0.121249
0.122141
0.122868
0.123409
0.123751
0.123888
0.123825
0.12357
0.123142
0.122563
0.121859
0.121055
0.12018
0.119254
0.118308
0.111402
0.111926
0.112375
0.112854
0.11337
0.113922
0.114518
0.115157
0.115848
0.11659
0.117397
0.110804
0.110234
0.10969
0.109167
0.108663
0.108176
0.1077
0.10723
0.110179
0.111333
0.112459
0.113645
0.114824
0.116025
0.117202
0.118354
0.119441
0.120446
0.121335
0.122088
0.12268
0.123098
0.123332
0.12338
0.123248
0.122946
0.122493
0.121909
0.121218
0.120441
0.119605
0.118728
0.117833
0.111345
0.111849
0.112278
0.112733
0.113221
0.113742
0.114302
0.114901
0.115546
0.116236
0.116985
0.11077
0.110218
0.109687
0.109173
0.108674
0.108187
0.107706
0.111216
0.112301
0.113354
0.114461
0.115552
0.116656
0.117727
0.118763
0.119727
0.120603
0.121364
0.12199
0.122463
0.122773
0.122915
0.122887
0.122699
0.122361
0.121891
0.121307
0.120631
0.119883
0.119084
0.118253
0.117405
0.111298
0.111783
0.112193
0.112627
0.11309
0.113583
0.11411
0.114671
0.115275
0.115918
0.116615
0.110743
0.110205
0.109685
0.109178
0.108682
0.108192
0.112182
0.113194
0.114171
0.115197
0.1162
0.117207
0.118174
0.119097
0.119945
0.120701
0.121344
0.121856
0.122224
0.122441
0.122503
0.122413
0.12218
0.121815
0.121334
0.120754
0.120095
0.119375
0.118612
0.117824
0.11702
0.111258
0.111728
0.11212
0.112535
0.112975
0.113442
0.113939
0.114467
0.115033
0.115633
0.116282
0.11072
0.110195
0.109683
0.109181
0.108685
0.113074
0.114011
0.114913
0.115855
0.11677
0.117681
0.118547
0.119364
0.120102
0.120749
0.121284
0.121694
0.12197
0.122106
0.122101
0.12196
0.12169
0.121305
0.120818
0.120246
0.119606
0.118914
0.118184
0.117437
0.116673
0.111226
0.111681
0.112058
0.112456
0.112875
0.113318
0.113787
0.114285
0.114816
0.115378
0.115983
0.110703
0.110187
0.109682
0.109182
0.113893
0.114755
0.115579
0.116439
0.117268
0.118086
0.118855
0.119571
0.120207
0.120753
0.121191
0.121511
0.121706
0.121773
0.121711
0.121527
0.12123
0.12083
0.120342
0.11978
0.119159
0.118494
0.117798
0.117088
0.116363
0.111201
0.111644
0.112007
0.112388
0.112788
0.113209
0.113654
0.114124
0.114623
0.115149
0.115715
0.110689
0.110183
0.109682
0.114638
0.115425
0.116174
0.116953
0.117697
0.118427
0.119103
0.119725
0.120267
0.120721
0.121073
0.121313
0.121437
0.121444
0.121336
0.121118
0.120799
0.12039
0.119903
0.119353
0.118752
0.118114
0.117448
0.116774
0.116084
0.111183
0.111614
0.111965
0.112332
0.112714
0.113116
0.113538
0.113982
0.114452
0.114946
0.115475
0.11068
0.110181
0.115312
0.116025
0.116701
0.117401
0.118064
0.118708
0.119299
0.119833
0.120289
0.12066
0.120934
0.121104
0.121167
0.121124
0.120976
0.12073
0.120395
0.119981
0.119499
0.118962
0.118381
0.117769
0.117133
0.116491
0.115836
0.111171
0.111591
0.111933
0.112286
0.112653
0.113036
0.113437
0.113858
0.114301
0.114766
0.115261
0.110677
0.115917
0.116559
0.117163
0.117787
0.118373
0.118937
0.119447
0.1199
0.120278
0.120574
0.120779
0.120888
0.120899
0.120813
0.120633
0.120366
0.120019
0.119603
0.119128
0.118605
0.118044
0.117457
0.116849
0.116238
0.115615
0.111167
0.111576
0.111908
0.11225
0.112603
0.112969
0.11335
0.11375
0.114169
0.114607
0.115071
0.116456
0.117028
0.117564
0.118116
0.118629
0.119118
0.119553
0.119932
0.120239
0.120469
0.120613
0.120669
0.120635
0.120513
0.120307
0.120023
0.119669
0.119254
0.118788
0.118279
0.117738
0.117175
0.116594
0.116011
0.115418
0.11157
0.111893
0.112223
0.112563
0.112914
0.113278
0.113657
0.114054
0.114468
0.114904
0.116931
0.117437
0.117908
0.118392
0.118837
0.119257
0.119623
0.119935
0.120178
0.120349
0.120439
0.120449
0.120377
0.120225
0.119999
0.119703
0.119344
0.118933
0.118476
0.117983
0.117461
0.116922
0.116366
0.115809
0.115246
0.111887
0.112206
0.112533
0.112871
0.113219
0.11358
0.113955
0.114347
0.114757
0.117346
0.117791
0.118201
0.118621
0.119002
0.119357
0.119661
0.119912
0.120098
0.120217
0.120261
0.120231
0.120127
0.119951
0.119708
0.119403
0.119044
0.118637
0.118191
0.117714
0.117212
0.116694
0.116164
0.115631
0.115094
0.1122
0.112514
0.112838
0.113172
0.113516
0.113872
0.114243
0.114629
0.117706
0.118092
0.118446
0.118806
0.119129
0.119425
0.119671
0.119868
0.120004
0.120076
0.12008
0.120017
0.119886
0.11969
0.119435
0.119125
0.118766
0.118366
0.117932
0.11747
0.116987
0.116491
0.115984
0.115475
0.114963
0.112507
0.112816
0.113136
0.113466
0.113805
0.114156
0.11452
0.118014
0.118346
0.118647
0.118952
0.119221
0.119464
0.119659
0.119807
0.119898
0.11993
0.119899
0.119807
0.119654
0.119444
0.119179
0.118866
0.118511
0.118119
0.117696
0.117251
0.116787
0.116311
0.115826
0.115339
0.11485
0.112809
0.113112
0.113427
0.113751
0.114085
0.114428
0.118274
0.118556
0.118808
0.119064
0.119283
0.119478
0.119627
0.119732
0.119783
0.11978
0.119721
0.119605
0.119434
0.119211
0.118941
0.118627
0.118276
0.117893
0.117484
0.117054
0.116608
0.116153
0.115689
0.115222
0.114756
0.113103
0.113401
0.11371
0.114028
0.114352
0.118491
0.118726
0.118934
0.119144
0.119319
0.11947
0.119578
0.119645
0.119662
0.119629
0.119545
0.119409
0.119225
0.118993
0.118719
0.118407
0.118062
0.117689
0.117293
0.116879
0.116451
0.116014
0.115571
0.115124
0.114678
0.113391
0.113682
0.113984
0.114293
0.118667
0.118861
0.119029
0.119197
0.119332
0.119445
0.119516
0.11955
0.119537
0.119479
0.119374
0.119223
0.119027
0.11879
0.118515
0.118206
0.117868
0.117505
0.117123
0.116724
0.116314
0.115896
0.115472
0.115044
0.114617
0.113671
0.113955
0.114248
0.118808
0.118964
0.119095
0.119226
0.119326
0.119404
0.119444
0.119448
0.11941
0.119331
0.119209
0.119045
0.118841
0.1186
0.118326
0.118022
0.117692
0.117341
0.116972
0.116589
0.116196
0.115796
0.11539
0.11498
0.11457
0.113943
0.114218
0.118916
0.119038
0.119137
0.119235
0.119303
0.119351
0.119363
0.119343
0.119283
0.119186
0.11905
0.118877
0.118668
0.118426
0.118154
0.117856
0.117535
0.117195
0.11684
0.116473
0.116096
0.115713
0.115326
0.114932
0.114538
0.114207
0.118996
0.119088
0.119158
0.119226
0.119267
0.119288
0.119277
0.119235
0.119158
0.119046
0.118899
0.118719
0.118507
0.118265
0.117997
0.117706
0.117395
0.117067
0.116726
0.116374
0.116014
0.115648
0.115276
0.1149
0.114526
0.119051
0.119115
0.11916
0.119203
0.119219
0.119218
0.119186
0.119126
0.119034
0.118911
0.118756
0.118571
0.118358
0.118118
0.117856
0.117572
0.117272
0.116956
0.116629
0.116293
0.115949
0.115599
0.115244
0.114889
0.119083
0.119124
0.119147
0.119167
0.119163
0.119142
0.119093
0.119018
0.118915
0.118783
0.118622
0.118435
0.118222
0.117986
0.117729
0.117455
0.117165
0.116862
0.11655
0.116229
0.1159
0.115566
0.115231
0.119097
0.119117
0.119121
0.119121
0.119099
0.119062
0.118999
0.118913
0.1188
0.118661
0.118497
0.118309
0.118098
0.117867
0.117618
0.117353
0.117074
0.116785
0.116487
0.11618
0.115867
0.115553
0.119093
0.119096
0.119084
0.119068
0.119031
0.11898
0.118906
0.11881
0.11869
0.118547
0.118381
0.118194
0.117987
0.117762
0.117521
0.117266
0.117
0.116724
0.116438
0.116147
0.115854
0.119077
0.119064
0.119038
0.119009
0.11896
0.118898
0.118814
0.118711
0.118587
0.118441
0.118276
0.118091
0.117888
0.11767
0.117438
0.117194
0.11694
0.116676
0.116406
0.116135
0.119048
0.119023
0.118986
0.118945
0.118887
0.118816
0.118725
0.118617
0.11849
0.118344
0.11818
0.117999
0.117802
0.117592
0.11737
0.117137
0.116894
0.116645
0.116394
0.119011
0.118975
0.11893
0.11888
0.118813
0.118736
0.118641
0.118529
0.118401
0.118256
0.118094
0.117918
0.117729
0.117527
0.117315
0.117093
0.116864
0.116633
0.118966
0.118922
0.11887
0.118813
0.118741
0.118659
0.11856
0.118448
0.11832
0.118176
0.118019
0.117849
0.117667
0.117475
0.117273
0.117064
0.116853
0.118916
0.118866
0.118808
0.118746
0.118671
0.118585
0.118486
0.118373
0.118246
0.118107
0.117955
0.117792
0.117618
0.117435
0.117245
0.117053
0.118862
0.118807
0.118746
0.118681
0.118603
0.118516
0.118417
0.118305
0.118182
0.118047
0.117901
0.117746
0.117581
0.117409
0.117235
0.118806
0.118748
0.118685
0.118618
0.118539
0.118452
0.118354
0.118245
0.118126
0.117997
0.117858
0.11771
0.117555
0.117399
0.118749
0.11869
0.118627
0.118558
0.11848
0.118394
0.118298
0.118193
0.118079
0.117956
0.117824
0.117686
0.117546
0.118692
0.118633
0.11857
0.118502
0.118426
0.118342
0.11825
0.11815
0.118041
0.117925
0.117802
0.117677
0.118637
0.118579
0.118517
0.118451
0.118377
0.118297
0.11821
0.118115
0.118012
0.117904
0.117794
0.118584
0.118526
0.118469
0.118405
0.118335
0.118259
0.118177
0.118087
0.117993
0.117896
0.118534
0.118479
0.118425
0.118364
0.118299
0.118228
0.118151
0.118069
0.117985
0.118487
0.118437
0.118386
0.118331
0.11827
0.118204
0.118134
0.118062
0.118446
0.1184
0.118354
0.118303
0.118248
0.118188
0.118128
0.118409
0.118368
0.118327
0.118281
0.118232
0.118182
0.118378
0.118342
0.118307
0.118267
0.118227
0.118352
0.118322
0.118293
0.118262
0.118332
0.118309
0.118287
0.118319
0.118304
0.118313
)
;

boundaryField
{
    inlet
    {
        type            zeroGradient;
    }
    outlet
    {
        type            fixedValue;
        value           uniform 0;
    }
    upperWall
    {
        type            symmetryPlane;
    }
    lowerWall
    {
        type            symmetryPlane;
    }
    cylinder
    {
        type            zeroGradient;
    }
    frontAndBack
    {
        type            empty;
    }
}


// ************************************************************************* //
