/*--------------------------------*- C++ -*----------------------------------*\
| =========                 |                                                 |
| \\      /  F ield         | OpenFOAM: The Open Source CFD Toolbox           |
|  \\    /   O peration     | Version:  2506                                  |
|   \\  /    A nd           | Website:  www.openfoam.com                      |
|    \\/     M anipulation  |                                                 |
\*---------------------------------------------------------------------------*/
FoamFile
{
    version     2.0;
    format      ascii;
    arch        "LSB;label=32;scalar=64";
    class       volVectorField;
    location    "450";
    object      momentError;
}
// * * * * * * * * * * * * * * * * * * * * * * * * * * * * * * * * * * * * * //

dimensions      [0 1 -2 0 0 0 0];

internalField   nonuniform List<vector> 
1340
(
(5.95729e-05 -2.19884e-07 1.26144e-15)
(0.000125381 -6.92786e-06 -2.16467e-15)
(0.000300943 -0.00013327 -1.10575e-14)
(0.00213942 -0.00125671 -2.14939e-14)
(0.000103992 6.06474e-07 -1.55111e-15)
(0.000173885 2.64161e-06 -6.65813e-17)
(0.000351515 1.72359e-05 3.77994e-15)
(0.00153436 0.00021285 9.20406e-15)
(0.000110888 -7.6209e-05 3.78337e-17)
(0.000235409 -2.92931e-05 1.44771e-14)
(0.00025528 -1.27143e-05 8.75013e-15)
(0.00121762 0.000234562 -1.03382e-13)
(-0.000410357 -0.00181091 7.59218e-15)
(-1.43453e-06 -0.000255511 -1.28909e-14)
(0.000374804 0.000686223 -2.99124e-14)
(0.00113048 0.000191726 -1.0866e-16)
(0.000169149 0.00262116 -6.88096e-16)
(0.00021335 0.000280347 1.03203e-14)
(0.000375648 -0.000744024 -1.0869e-14)
(0.000957147 0.000286112 5.48364e-15)
(0.000405077 -0.000884977 -1.19133e-14)
(0.00013604 1.10094e-05 3.46404e-15)
(0.000166476 0.000164801 4.41783e-14)
(0.00129464 -0.000471219 3.1055e-14)
(0.000111969 0.000105297 7.24372e-15)
(8.96275e-05 -5.18447e-07 -1.54303e-15)
(0.000212547 -4.78042e-05 -2.47425e-15)
(0.000692353 0.000421713 -4.22935e-14)
(7.82179e-05 -1.50336e-07 -3.4232e-15)
(0.000127816 -2.18983e-05 -6.46716e-15)
(0.000231948 5.79017e-05 3.78678e-15)
(0.000302078 0.000598915 -2.25906e-14)
(8.12154e-05 1.36376e-05 -1.09981e-15)
(0.000128977 6.17794e-06 8.89002e-16)
(0.000252694 3.18206e-05 -8.14326e-15)
(0.000652697 0.000196271 7.93274e-15)
(8.01526e-05 1.25607e-05 -4.81406e-16)
(0.000128122 4.99113e-06 -2.28725e-14)
(0.000244967 4.41437e-05 6.30249e-16)
(0.000530611 0.000243225 1.68674e-14)
(8.06613e-05 1.241e-05 2.33572e-15)
(0.000127811 8.44465e-06 2.05435e-14)
(0.000238748 4.66451e-05 7.8745e-15)
(0.000478287 0.000231932 -7.15153e-14)
(8.08138e-05 1.32269e-05 7.27911e-15)
(0.000126543 1.10895e-05 -4.67787e-15)
(0.000228822 5.30771e-05 -2.28054e-14)
(0.000417989 0.000236593 4.09798e-14)
(8.08727e-05 1.3886e-05 -1.25874e-14)
(0.000124943 1.4378e-05 4.02365e-15)
(0.000218002 5.85926e-05 2.53904e-14)
(0.000364261 0.000237295 6.16966e-14)
(8.06723e-05 1.47731e-05 7.45358e-16)
(0.0001226 1.76616e-05 2.6238e-15)
(0.000205875 6.43584e-05 -1.32532e-14)
(0.000315022 0.000237268 -6.36311e-15)
(8.02926e-05 1.59107e-05 7.28471e-16)
(0.000119919 2.12368e-05 -6.64007e-15)
(0.000193201 6.98351e-05 -2.43985e-14)
(0.000270707 0.000235033 -2.48137e-14)
(7.95864e-05 1.70775e-05 -1.03634e-15)
(0.000116481 2.47742e-05 4.81784e-16)
(0.000179829 7.48847e-05 1.92373e-14)
(0.000231047 0.000231048 4.77232e-14)
(7.86502e-05 1.86202e-05 3.09241e-15)
(0.000112739 2.84408e-05 -4.24571e-15)
(0.000166371 7.93292e-05 1.71493e-14)
(0.000195876 0.000225171 -1.92929e-14)
(7.73221e-05 2.01008e-05 1.59435e-15)
(0.000108306 3.19609e-05 7.50061e-15)
(0.00015267 8.30935e-05 3.81844e-15)
(0.000164823 0.000218015 -9.95272e-15)
(7.57465e-05 2.1642e-05 5.65206e-15)
(0.000103638 3.54157e-05 1.59035e-14)
(0.000139235 8.61094e-05 -1.01179e-14)
(0.000137665 0.000209335 -3.12922e-14)
(7.37741e-05 2.31238e-05 -9.50882e-15)
(9.83431e-05 3.86706e-05 -1.78575e-14)
(0.000125934 8.8443e-05 -1.3247e-14)
(0.000114065 0.000199843 1.15003e-14)
(7.15032e-05 2.49256e-05 5.55265e-15)
(9.28476e-05 4.19809e-05 4.16688e-15)
(0.000113177 8.99306e-05 1.99644e-14)
(9.36847e-05 0.000189399 1.62226e-14)
(6.87629e-05 2.67355e-05 -2.00696e-15)
(8.68923e-05 4.50518e-05 2.88752e-15)
(0.000100912 9.0744e-05 -5.29573e-15)
(7.61627e-05 0.00017882 -1.26031e-14)
(6.57768e-05 2.85373e-05 -7.54484e-18)
(8.09265e-05 4.76341e-05 -3.65812e-15)
(8.93567e-05 9.08193e-05 -1.08326e-14)
(6.11554e-05 0.000167914 -2.18459e-15)
(6.24264e-05 3.02641e-05 1.01937e-16)
(7.46447e-05 4.98722e-05 1.74195e-15)
(7.84416e-05 9.04024e-05 1.4781e-14)
(4.84754e-05 0.000157191 1.78732e-14)
(5.88865e-05 3.1865e-05 2.43617e-15)
(6.84386e-05 5.17321e-05 -5.36335e-15)
(6.83655e-05 8.91776e-05 -4.54198e-15)
(3.77458e-05 0.000146398 -1.11228e-14)
(5.50362e-05 3.34181e-05 -9.86163e-17)
(6.20831e-05 5.32021e-05 8.99569e-15)
(5.90839e-05 8.74808e-05 -1.18244e-14)
(2.88168e-05 0.000136046 -1.96159e-14)
(5.10713e-05 3.47266e-05 4.49176e-15)
(5.60147e-05 5.39314e-05 -1.1997e-14)
(5.06877e-05 8.50331e-05 -2.3178e-15)
(2.13395e-05 0.000125932 2.12686e-14)
(4.69654e-05 3.5831e-05 -8.96026e-15)
(4.99865e-05 5.42242e-05 2.83528e-15)
(4.30612e-05 8.22217e-05 1.39006e-15)
(1.52579e-05 0.000116297 -9.70507e-15)
(4.28793e-05 3.65025e-05 7.56004e-15)
(4.43581e-05 5.37803e-05 -1.63751e-16)
(3.6322e-05 7.87291e-05 7.08261e-15)
(1.02681e-05 0.000106933 1.40641e-14)
(3.88179e-05 3.69329e-05 -8.13955e-15)
(3.89093e-05 5.29412e-05 6.89113e-15)
(3.02992e-05 7.49995e-05 2.02215e-15)
(6.31597e-06 9.80832e-05 4.63227e-16)
(3.48815e-05 3.69524e-05 -1.75599e-15)
(3.3943e-05 5.15245e-05 2.6643e-15)
(2.51089e-05 7.07757e-05 1.1059e-15)
(3.15058e-06 8.9604e-05 -9.27279e-15)
(3.11344e-05 3.67646e-05 7.90577e-15)
(2.92574e-05 4.98251e-05 -1.50046e-15)
(2.05466e-05 6.64674e-05 -3.67959e-15)
(7.06233e-07 8.17275e-05 -1.35902e-14)
(2.76055e-05 3.61574e-05 1.32755e-15)
(2.512e-05 4.76807e-05 -1.19626e-16)
(1.67105e-05 6.19359e-05 1.74055e-15)
(-1.20989e-06 7.42746e-05 8.45881e-15)
(2.43364e-05 3.54162e-05 -6.34253e-15)
(2.12988e-05 4.53683e-05 -3.6223e-15)
(1.33434e-05 5.75429e-05 -1.62712e-15)
(-2.64254e-06 6.74475e-05 9.13748e-15)
(2.13086e-05 3.44216e-05 4.02122e-15)
(1.8015e-05 4.28497e-05 4.77809e-15)
(1.05772e-05 5.31355e-05 3.64605e-15)
(-3.72659e-06 6.10797e-05 -8.00827e-15)
(1.8585e-05 3.32967e-05 -2.96916e-15)
(1.50465e-05 4.0394e-05 -3.8735e-15)
(8.16164e-06 4.89478e-05 -2.11707e-15)
(-4.50391e-06 5.533e-05 1.06789e-14)
(1.60738e-05 3.21145e-05 -1.86155e-15)
(1.25878e-05 3.77568e-05 2.9658e-15)
(6.25802e-06 4.49061e-05 1.36687e-15)
(-5.06488e-06 4.99976e-05 -3.06838e-15)
(1.39988e-05 3.04252e-05 -7.37775e-16)
(1.04968e-05 3.51583e-05 -3.03734e-15)
(4.54809e-06 4.12034e-05 3.6698e-15)
(-5.41986e-06 4.52127e-05 -2.85048e-15)
(1.36837e-05 2.45344e-05 4.84957e-15)
(1.19431e-05 2.81034e-05 -2.38795e-16)
(9.30622e-06 3.34936e-05 2.1246e-15)
(2.87809e-06 3.73359e-05 -1.46879e-15)
(-5.56641e-06 4.08757e-05 -8.22411e-15)
(1.21098e-05 2.33424e-05 -6.37952e-15)
(1.01951e-05 2.65824e-05 1.84021e-15)
(7.52401e-06 3.09969e-05 1.71775e-15)
(1.7648e-06 3.40976e-05 -1.14235e-14)
(-5.66262e-06 3.69545e-05 1.80476e-15)
(1.06436e-05 2.21084e-05 1.45759e-15)
(8.6614e-06 2.49462e-05 -3.21838e-16)
(6.13594e-06 2.86471e-05 -8.76087e-16)
(9.28907e-07 3.10222e-05 1.00865e-14)
(-5.63943e-06 3.33459e-05 6.41116e-15)
(9.33906e-06 2.09241e-05 8.91732e-16)
(7.25334e-06 2.33787e-05 -6.22658e-16)
(4.87836e-06 2.64366e-05 -2.18186e-15)
(2.3396e-07 2.8244e-05 -7.18805e-17)
(-5.5451e-06 3.01318e-05 1.13481e-16)
(8.13407e-06 1.96928e-05 -3.52009e-15)
(6.12211e-06 2.17796e-05 -3.48853e-15)
(3.92956e-06 2.42952e-05 -3.82654e-15)
(-2.52358e-07 2.56365e-05 -2.07593e-15)
(-5.36748e-06 2.71682e-05 -2.49766e-15)
(7.10111e-06 1.8451e-05 -1.43803e-15)
(5.10081e-06 2.02006e-05 -4.17669e-16)
(3.06278e-06 2.23285e-05 3.37717e-15)
(-6.54701e-07 2.32808e-05 1.12256e-15)
(-5.15446e-06 2.45385e-05 -6.51175e-15)
(6.15709e-06 1.7194e-05 -4.27821e-15)
(4.27547e-06 1.86879e-05 3.39654e-15)
(2.43324e-06 2.04246e-05 1.8734e-15)
(-8.85571e-07 2.10838e-05 -1.79875e-15)
(-4.88199e-06 2.21196e-05 3.29874e-15)
(5.35386e-06 1.59473e-05 1.24486e-15)
(3.54898e-06 1.72221e-05 -1.67453e-15)
(1.86931e-06 1.86609e-05 -5.73275e-16)
(-1.09099e-06 1.91097e-05 2.40966e-15)
(-4.60863e-06 1.99837e-05 5.67522e-15)
(4.62633e-06 1.4742e-05 1.78144e-15)
(2.96042e-06 1.57877e-05 -1.43829e-15)
(1.47123e-06 1.70124e-05 -2.47509e-15)
(-1.16865e-06 1.72895e-05 -1.56042e-16)
(-4.29403e-06 1.80335e-05 -4.64045e-15)
(4.0315e-06 1.35924e-05 -5.82938e-16)
(2.45511e-06 1.44274e-05 8.81663e-17)
(1.09736e-06 1.55296e-05 3.19968e-15)
(-1.25336e-06 1.56621e-05 -1.99211e-15)
(-4.00539e-06 1.63191e-05 1.26535e-15)
(3.49069e-06 1.25356e-05 -2.2906e-15)
(2.02147e-06 1.32157e-05 1.52021e-16)
(8.26462e-07 1.41588e-05 3.73117e-15)
(-1.23529e-06 1.41772e-05 -3.22274e-15)
(-3.67986e-06 1.47545e-05 -2.51726e-15)
(3.02994e-06 1.15601e-05 1.71922e-15)
(1.68099e-06 1.20913e-05 4.62768e-16)
(6.09221e-07 1.29189e-05 7.62262e-16)
(-1.24253e-06 1.28512e-05 6.05316e-16)
(-3.3973e-06 1.33696e-05 -9.63449e-16)
(2.65282e-06 1.07074e-05 8.71182e-16)
(1.39738e-06 1.10358e-05 -2.2804e-15)
(4.57188e-07 1.1779e-05 -1.95364e-15)
(-1.16547e-06 1.16391e-05 1.88924e-15)
(-3.06904e-06 1.2111e-05 4.57287e-15)
(2.39089e-06 9.75927e-06 -1.12014e-15)
(1.28375e-06 1.01774e-05 3.02928e-15)
(3.26062e-07 1.06686e-05 9.01214e-17)
(-1.11564e-06 1.05564e-05 -2.19517e-15)
(-2.80071e-06 1.09897e-05 2.81491e-15)
(3.22408e-06 8.72466e-06 -2.12018e-15)
(2.10159e-06 8.86785e-06 3.54611e-16)
(1.3642e-06 9.75706e-06 1.34317e-15)
(9.11118e-08 9.48355e-06 1.38528e-16)
(-9.99436e-07 9.59558e-06 -3.53598e-15)
(-2.48635e-06 9.9756e-06 -3.18206e-15)
(2.94198e-06 7.98006e-06 1.27129e-15)
(1.93721e-06 8.09567e-06 2.98484e-15)
(1.31178e-06 8.88857e-06 6.32692e-17)
(4.23381e-08 8.60127e-06 -3.07456e-15)
(-9.27791e-07 8.71927e-06 9.1598e-16)
(-2.30983e-06 9.11667e-06 -2.43814e-15)
(2.75253e-06 7.245e-06 -1.76698e-15)
(1.7537e-06 7.36096e-06 -2.28282e-15)
(1.0946e-06 8.05259e-06 1.03148e-15)
(3.3047e-08 7.79584e-06 1.47179e-15)
(-8.93128e-07 7.91357e-06 -1.4304e-15)
(-2.06117e-06 8.33073e-06 2.62983e-16)
(2.4008e-06 6.53182e-06 7.03657e-16)
(1.59611e-06 6.64848e-06 -2.93924e-16)
(1.10365e-06 7.2528e-06 6.38971e-17)
(-1.09675e-08 7.06023e-06 -1.11179e-16)
(-8.51676e-07 7.17827e-06 1.74727e-15)
(-1.96003e-06 7.58246e-06 5.85363e-16)
(2.23336e-06 5.86347e-06 1.16527e-15)
(1.45764e-06 5.97e-06 6.73153e-16)
(8.59376e-07 6.58015e-06 -2.22892e-15)
(-7.36268e-08 6.41989e-06 -1.42325e-15)
(-8.42066e-07 6.51783e-06 -1.08054e-15)
(-1.77733e-06 6.90525e-06 2.50071e-16)
(1.87936e-06 5.27305e-06 -1.37791e-15)
(1.1979e-06 5.46215e-06 -1.88535e-15)
(7.82338e-07 5.98856e-06 -1.11305e-15)
(-1.04589e-07 5.86892e-06 2.91325e-15)
(-7.87488e-07 5.92574e-06 3.96772e-16)
(-1.67197e-06 6.23231e-06 2.95014e-16)
(1.60444e-06 4.76066e-06 -1.68283e-16)
(1.00709e-06 4.91859e-06 1.19804e-15)
(5.54903e-07 5.4514e-06 -6.80397e-16)
(-1.53432e-07 5.33787e-06 -5.54735e-16)
(-6.99392e-07 5.35248e-06 3.39658e-15)
(-1.45867e-06 5.6348e-06 -1.36974e-15)
(1.24144e-06 4.26057e-06 1.84824e-15)
(6.99256e-07 4.45531e-06 1.39735e-15)
(4.47351e-07 4.89714e-06 -2.44651e-15)
(-8.65487e-08 4.77166e-06 7.58291e-16)
(-5.82413e-07 4.79179e-06 -9.80929e-16)
(-1.31418e-06 5.05737e-06 1.06873e-15)
(9.45635e-07 3.79605e-06 -1.24001e-15)
(5.70611e-07 3.98409e-06 7.98676e-16)
(3.64811e-07 4.28215e-06 1.74161e-15)
(-8.97135e-08 4.21468e-06 -2.73668e-15)
(-5.18631e-07 4.28334e-06 1.4161e-15)
(-1.1573e-06 4.56032e-06 2.64388e-15)
(1.12545e-06 3.25694e-06 -4.96601e-16)
(7.10094e-07 3.36206e-06 4.34849e-16)
(5.473e-07 3.7617e-06 3.70477e-16)
(2.04459e-07 3.68911e-06 -1.01377e-15)
(-9.02768e-08 3.78193e-06 1.37261e-16)
(-4.94587e-07 3.83699e-06 1.55232e-15)
(-1.10741e-06 4.16571e-06 5.7121e-17)
(8.57645e-07 2.96578e-06 1.46591e-15)
(5.34095e-07 3.04544e-06 1.99525e-15)
(4.8255e-07 3.39306e-06 -1.83373e-15)
(1.21851e-07 3.33731e-06 -1.12616e-16)
(-1.58267e-07 3.41939e-06 -6.98136e-16)
(-5.32183e-07 3.51219e-06 -7.65333e-16)
(-1.02119e-06 3.79572e-06 2.45351e-15)
(7.10645e-07 2.69167e-06 -1.30464e-16)
(4.24434e-07 2.74308e-06 -1.01755e-15)
(3.01584e-07 3.08551e-06 -1.21596e-15)
(2.35494e-08 3.02985e-06 2.62866e-15)
(-2.24594e-07 3.12157e-06 1.13563e-15)
(-5.17244e-07 3.17898e-06 -3.14486e-15)
(-9.44913e-07 3.44014e-06 -2.3137e-15)
(5.13324e-07 2.42764e-06 6.42586e-16)
(2.60032e-07 2.47431e-06 -7.64171e-16)
(2.22509e-07 2.79381e-06 2.20354e-16)
(-6.686e-08 2.73584e-06 5.32786e-16)
(-2.58893e-07 2.80877e-06 -1.092e-15)
(-4.95692e-07 2.85763e-06 -2.18636e-15)
(-8.55289e-07 3.08853e-06 2.5219e-15)
(4.26044e-07 2.21276e-06 2.81697e-15)
(1.61373e-07 2.21422e-06 5.83733e-17)
(7.10928e-08 2.53449e-06 -1.85313e-15)
(-1.32392e-07 2.45006e-06 1.48385e-16)
(-2.78878e-07 2.50126e-06 1.29665e-15)
(-4.53745e-07 2.53466e-06 5.96326e-16)
(-7.52259e-07 2.73697e-06 -4.78346e-16)
(3.05683e-07 2.0272e-06 -3.40414e-16)
(5.6011e-08 2.01515e-06 3.26187e-16)
(3.8237e-08 2.27411e-06 -5.0115e-16)
(-1.56899e-07 2.15789e-06 -7.19069e-16)
(-2.54528e-07 2.1892e-06 4.86221e-16)
(-3.99966e-07 2.212e-06 -1.13231e-15)
(-6.68303e-07 2.39164e-06 1.82911e-16)
(2.92181e-07 1.8801e-06 1.68646e-15)
(6.13817e-08 1.8302e-06 8.08909e-16)
(1.69167e-08 2.08997e-06 2.24121e-16)
(-1.31523e-07 1.9382e-06 6.99874e-16)
(-2.35227e-07 1.95928e-06 -5.75985e-17)
(-3.61593e-07 1.96896e-06 8.10116e-16)
(-5.9439e-07 2.11591e-06 -3.77382e-17)
(2.59615e-07 1.7519e-06 7.4927e-16)
(5.8283e-08 1.72578e-06 1.82417e-15)
(5.6272e-08 1.94681e-06 -5.75335e-16)
(-1.11021e-07 1.79799e-06 -1.08864e-15)
(-2.04053e-07 1.8044e-06 6.13588e-16)
(-3.3315e-07 1.82648e-06 4.74139e-16)
(-5.45603e-07 1.95406e-06 4.45047e-16)
(2.40703e-07 1.64207e-06 8.21052e-16)
(6.70613e-08 1.60469e-06 -8.55036e-16)
(5.00492e-08 1.82067e-06 -4.58445e-16)
(-8.22981e-08 1.68409e-06 7.71337e-16)
(-1.79549e-07 1.6809e-06 1.90994e-15)
(-2.9839e-07 1.70784e-06 -8.10399e-16)
(-4.8938e-07 1.8266e-06 -2.539e-15)
(1.98492e-07 1.52403e-06 -1.06435e-17)
(6.86145e-08 1.52556e-06 -5.17742e-16)
(6.39136e-08 1.64536e-06 1.24854e-17)
(-6.07705e-08 1.54591e-06 7.25977e-16)
(-1.40385e-07 1.53587e-06 -1.38605e-16)
(-2.47874e-07 1.55412e-06 -4.51168e-16)
(-4.29241e-07 1.68032e-06 6.02238e-16)
(2.36295e-07 1.27773e-06 -1.4422e-15)
(1.40592e-07 1.28352e-06 -8.67092e-16)
(1.83058e-07 1.48067e-06 -5.64573e-17)
(3.60974e-08 1.3788e-06 4.67228e-16)
(-2.47396e-08 1.37011e-06 4.405e-16)
(-1.03783e-07 1.35223e-06 1.30018e-15)
(-1.96114e-07 1.37089e-06 -6.24634e-16)
(-3.65842e-07 1.48786e-06 -1.53133e-15)
(2.07258e-07 1.06404e-06 1.55501e-16)
(1.30464e-07 1.05537e-06 -3.97706e-17)
(1.35124e-07 1.24551e-06 -5.04324e-16)
(4.26588e-08 1.16479e-06 1.23246e-15)
(-8.22211e-09 1.16785e-06 3.81676e-16)
(-7.18149e-08 1.15771e-06 -1.26855e-15)
(-1.4793e-07 1.17894e-06 -6.36904e-16)
(-2.94411e-07 1.27316e-06 3.24235e-16)
(1.45048e-07 8.70994e-07 -9.35341e-16)
(8.48182e-08 8.77389e-07 4.77442e-18)
(1.23919e-07 1.03982e-06 3.80576e-16)
(3.07182e-08 9.71906e-07 -1.37287e-15)
(-4.41071e-09 9.80769e-07 2.70998e-15)
(-5.28121e-08 9.78227e-07 -3.04028e-16)
(-1.09306e-07 1.00444e-06 -1.15037e-15)
(-2.22614e-07 1.08605e-06 1.03809e-15)
(1.40771e-07 7.48922e-07 5.25165e-17)
(6.06299e-08 7.2816e-07 5.93261e-16)
(7.96495e-08 9.03146e-07 7.44865e-16)
(1.57376e-08 8.19954e-07 -1.08847e-15)
(-1.13656e-08 8.31019e-07 1.20605e-15)
(-4.72044e-08 8.31719e-07 -6.3508e-16)
(-8.59748e-08 8.62156e-07 -1.47679e-15)
(-1.66475e-07 9.33534e-07 1.68978e-15)
(1.21722e-07 6.67897e-07 1.74299e-16)
(5.32248e-08 6.55504e-07 6.63973e-16)
(7.77665e-08 8.10475e-07 1.31546e-15)
(-2.20356e-11 7.25586e-07 -2.56969e-17)
(-2.23738e-08 7.3395e-07 -1.89747e-15)
(-4.91038e-08 7.35197e-07 5.56121e-16)
(-6.99001e-08 7.67751e-07 -5.48047e-16)
(-1.2414e-07 8.24422e-07 -3.61696e-16)
(1.24123e-07 6.41441e-07 -6.26371e-16)
(3.6847e-08 6.25984e-07 -9.79124e-16)
(3.36619e-08 7.65863e-07 3.07386e-16)
(-1.01099e-08 6.79649e-07 1.49009e-15)
(-2.9119e-08 6.82322e-07 2.82959e-16)
(-4.79192e-08 6.79155e-07 -5.88839e-16)
(-5.95162e-08 7.06287e-07 1.33251e-16)
(-9.81006e-08 7.51699e-07 8.4434e-16)
(9.73918e-08 6.53342e-07 1.59278e-15)
(3.81709e-08 6.50107e-07 4.65309e-16)
(4.70165e-08 7.90076e-07 -1.30971e-15)
(-7.43314e-09 7.07958e-07 1.39634e-16)
(-2.23734e-08 7.12612e-07 -9.35911e-16)
(-3.54372e-08 7.11881e-07 -3.36779e-16)
(-3.30312e-08 7.37908e-07 1.7406e-15)
(-4.49656e-08 7.78568e-07 -1.12693e-16)
(7.72426e-08 7.05147e-07 -1.05418e-15)
(-5.26659e-09 6.88046e-07 -4.73446e-16)
(-1.49665e-08 8.28692e-07 1.0052e-15)
(-2.09753e-08 7.41705e-07 -4.35872e-16)
(-2.64147e-08 7.42399e-07 -3.63243e-16)
(-2.73268e-08 7.31679e-07 1.22524e-15)
(-1.64158e-08 7.51915e-07 -8.84997e-17)
(-1.27367e-08 8.26161e-07 -8.5499e-16)
(6.48831e-08 9.73034e-07 -6.32217e-16)
(1.24625e-08 9.7325e-07 -1.25381e-15)
(4.00794e-09 1.01292e-06 -6.62606e-16)
(3.33067e-10 9.59747e-07 2.37662e-15)
(1.40519e-09 9.47586e-07 -1.31034e-16)
(8.06712e-09 9.32152e-07 -6.26945e-16)
(3.43172e-08 9.53997e-07 -8.63899e-16)
(1.22463e-07 1.12355e-06 -3.35963e-15)
(-0.0294258 -0.011895 -1.46527e-14)
(0.00547544 0.00321318 1.77522e-14)
(0.00280237 0.00343862 -9.39182e-14)
(0.00157602 0.00288774 1.65252e-14)
(0.00093428 0.00269636 3.68614e-14)
(0.000605781 0.00243861 -1.78182e-14)
(0.000536538 0.00196524 -5.62096e-14)
(0.000427411 0.00161768 3.64425e-15)
(0.000356831 0.00158023 4.87591e-15)
(0.000304329 0.00138451 -2.55687e-14)
(0.000249857 0.00121408 -1.26923e-14)
(0.000205598 0.0010613 3.63806e-14)
(0.000167859 0.000926462 5.63703e-14)
(0.00013606 0.000808066 -3.54016e-14)
(0.000109138 0.000703957 2.21713e-14)
(8.66716e-05 0.000613523 9.86928e-15)
(6.7807e-05 0.000534585 -4.68482e-14)
(5.22439e-05 0.000466566 3.68868e-14)
(3.93442e-05 0.000407229 -5.08601e-14)
(2.88886e-05 0.000356355 3.02249e-14)
(2.03046e-05 0.00031251 -8.07053e-15)
(1.34565e-05 0.000275089 1.88468e-15)
(7.94309e-06 0.000242552 1.0875e-14)
(3.6601e-06 0.000214734 -9.95736e-15)
(2.60183e-07 0.000190587 -2.99937e-15)
(-2.30475e-06 0.000169832 -4.26654e-15)
(-4.2794e-06 0.00015153 1.61463e-14)
(-5.67678e-06 0.00013557 -1.03338e-14)
(-6.71077e-06 0.000121323 1.22514e-14)
(-7.35875e-06 0.000108773 2.20416e-15)
(-7.80957e-06 9.74879e-05 -1.40438e-14)
(-8.00981e-06 8.74996e-05 -1.23068e-14)
(-8.11582e-06 7.84885e-05 1.19066e-14)
(-8.06102e-06 7.05141e-05 8.64837e-15)
(-7.98758e-06 6.32987e-05 -2.95952e-15)
(-7.79991e-06 5.69174e-05 5.99332e-15)
(-7.62507e-06 5.11367e-05 -1.71106e-15)
(-7.35432e-06 4.60495e-05 -1.18976e-14)
(-7.15403e-06 4.13539e-05 3.52807e-15)
(-6.83792e-06 3.72101e-05 -2.02809e-16)
(-6.57866e-06 3.34047e-05 -7.94704e-16)
(-6.20949e-06 3.00554e-05 6.57843e-15)
(-5.90887e-06 2.69755e-05 -4.84521e-15)
(-5.5017e-06 2.42679e-05 -8.18251e-16)
(-5.17918e-06 2.17879e-05 7.70574e-16)
(-4.7634e-06 1.96179e-05 5.91776e-15)
(-4.43897e-06 1.76404e-05 -2.64767e-15)
(-4.03576e-06 1.59063e-05 5.59096e-15)
(-3.71955e-06 1.43243e-05 -1.04803e-15)
(-3.3395e-06 1.29261e-05 1.48379e-15)
(-3.02445e-06 1.16532e-05 1.41619e-15)
(-2.65828e-06 1.05255e-05 2.88969e-16)
(-2.35869e-06 9.5797e-06 1.53612e-15)
(-2.07013e-06 8.76641e-06 1.8666e-15)
(-1.82583e-06 8.03213e-06 -1.04594e-15)
(-1.62321e-06 7.35215e-06 -3.69643e-16)
(-1.48578e-06 6.64662e-06 -1.36936e-15)
(-1.33408e-06 5.99459e-06 1.9927e-15)
(-1.23309e-06 5.32435e-06 -3.96587e-15)
(-1.08705e-06 4.79309e-06 1.23544e-15)
(-1.00363e-06 4.30746e-06 -4.68299e-15)
(-9.00997e-07 3.89683e-06 -2.02103e-15)
(-8.02758e-07 3.54126e-06 1.71065e-16)
(-7.13351e-07 3.17221e-06 3.04078e-15)
(-6.21003e-07 2.81332e-06 3.48985e-15)
(-5.29289e-07 2.47322e-06 -7.68481e-16)
(-4.67185e-07 2.13471e-06 -2.94977e-15)
(-4.36105e-07 1.85837e-06 -1.35038e-15)
(-4.13239e-07 1.69414e-06 1.87342e-15)
(-3.81544e-07 1.54531e-06 5.28606e-15)
(-3.57477e-07 1.40568e-06 -2.39359e-15)
(-3.31264e-07 1.24281e-06 2.02682e-15)
(-2.90031e-07 1.05411e-06 -1.70056e-15)
(-2.3037e-07 8.7747e-07 -7.02325e-16)
(-1.88011e-07 7.23576e-07 -8.05717e-16)
(-1.36557e-07 6.11229e-07 3.81721e-15)
(-1.21409e-07 5.34411e-07 -3.98555e-16)
(-6.00934e-08 5.62764e-07 2.29187e-16)
(-4.34452e-08 6.04323e-07 8.96855e-16)
(2.70022e-07 1.08444e-06 9.78967e-15)
(-0.0203399 -0.000439561 3.87854e-15)
(-0.00313017 0.00041616 -4.31419e-15)
(-0.00172533 0.000569815 1.90312e-14)
(-0.00140342 0.000493489 -3.98161e-15)
(-0.000863716 0.000937919 -6.10719e-15)
(-0.00085128 0.000863976 1.9207e-15)
(-0.000775043 0.000450203 1.03852e-14)
(-0.000662822 0.000637735 -6.26954e-16)
(-0.000590172 0.000602707 -7.38938e-16)
(-0.000515238 0.000572626 3.53052e-15)
(-0.000448827 0.00053742 3.8645e-15)
(-0.000389998 0.000501964 -7.55573e-15)
(-0.000337833 0.000467274 -1.0068e-14)
(-0.000291536 0.0004327 6.31442e-15)
(-0.000250893 0.000399184 -3.51211e-15)
(-0.000215165 0.000366506 -2.51106e-15)
(-0.000184141 0.000335245 7.90592e-15)
(-0.000157128 0.00030538 -6.18789e-15)
(-0.000133965 0.000277234 9.16808e-15)
(-0.000113978 0.000250951 -5.8193e-15)
(-9.69962e-05 0.000226676 1.02457e-15)
(-8.24124e-05 0.000204474 -1.89168e-16)
(-7.01211e-05 0.000184206 -1.44331e-15)
(-5.9607e-05 0.000165984 8.80391e-16)
(-5.07742e-05 0.000149504 8.80573e-16)
(-4.32185e-05 0.000134768 1.41203e-15)
(-3.68939e-05 0.000121481 -3.25467e-15)
(-3.1481e-05 0.000109572 2.13334e-15)
(-2.69704e-05 9.87553e-05 -2.63765e-15)
(-2.31155e-05 8.90302e-05 -1.36697e-16)
(-1.99232e-05 8.01707e-05 2.30037e-15)
(-1.71924e-05 7.22088e-05 2.41279e-15)
(-1.49442e-05 6.4939e-05 -2.59798e-15)
(-1.30195e-05 5.84318e-05 -1.28332e-15)
(-1.1438e-05 5.24823e-05 1.29669e-15)
(-1.00716e-05 4.71721e-05 -1.35363e-15)
(-8.95975e-06 4.22929e-05 1.47431e-16)
(-7.94793e-06 3.80379e-05 1.87521e-15)
(-7.12069e-06 3.40945e-05 -4.04034e-16)
(-6.38171e-06 3.05636e-05 4.42816e-16)
(-5.7614e-06 2.73169e-05 6.25544e-16)
(-5.17848e-06 2.44405e-05 -1.92689e-15)
(-4.68309e-06 2.18163e-05 9.36376e-16)
(-4.19665e-06 1.9502e-05 4.4874e-16)
(-3.78724e-06 1.741e-05 -1.11699e-15)
(-3.37166e-06 1.55734e-05 -7.93063e-16)
(-3.02849e-06 1.39295e-05 8.67893e-17)
(-2.66849e-06 1.2477e-05 -2.06575e-16)
(-2.38004e-06 1.11742e-05 -3.61007e-16)
(-2.06572e-06 1.00048e-05 6.51158e-16)
(-1.81905e-06 8.95285e-06 -6.80029e-16)
(-1.53489e-06 8.04345e-06 1.20889e-15)
(-1.33583e-06 7.26768e-06 2.60171e-16)
(-1.04711e-06 6.63392e-06 -1.44142e-16)
(-8.57822e-07 6.07197e-06 4.2775e-16)
(-6.16818e-07 5.58649e-06 9.34444e-16)
(-4.91802e-07 5.07595e-06 2.08975e-16)
(-3.77706e-07 4.5559e-06 1.31799e-16)
(-3.32517e-07 4.05593e-06 1.87782e-15)
(-3.18423e-07 3.58372e-06 -1.4144e-15)
(-2.62887e-07 3.20799e-06 -7.77811e-16)
(-2.09824e-07 2.8781e-06 -1.48485e-15)
(-1.61549e-07 2.58014e-06 -9.69565e-16)
(-9.53347e-08 2.29923e-06 -2.74757e-15)
(-4.57544e-08 2.01751e-06 -8.1928e-16)
(-1.06442e-08 1.75436e-06 -2.07357e-16)
(7.92143e-09 1.51854e-06 6.69788e-16)
(-3.37907e-08 1.31655e-06 5.13567e-16)
(-6.05245e-08 1.15495e-06 -9.12842e-16)
(-6.79886e-08 1.02725e-06 -2.93811e-16)
(-7.03768e-08 9.06173e-07 8.62369e-16)
(-8.1651e-08 7.64836e-07 -3.37766e-16)
(-8.13137e-08 6.22647e-07 -5.07708e-16)
(-8.32567e-08 5.01508e-07 7.9841e-16)
(-9.19269e-08 3.89474e-07 5.88637e-17)
(-6.31782e-08 3.23529e-07 -5.37255e-16)
(-7.95862e-08 2.73687e-07 1.16849e-15)
(-7.19502e-08 2.93897e-07 -2.37685e-16)
(-8.88349e-08 2.62311e-07 -1.5325e-16)
(1.8073e-07 6.23519e-07 4.13602e-16)
(-0.0019334 -0.00106324 -1.25418e-16)
(-0.0004571 -0.000890863 -7.03028e-17)
(-0.000650536 -0.000817737 -8.54021e-17)
(-0.000672037 -0.000786274 1.09621e-16)
(-0.000644882 -0.000675792 -2.41306e-16)
(-0.000601557 -0.000423797 -1.69422e-16)
(-0.000550963 -0.000326537 1.61942e-17)
(-0.00054283 -0.000376526 -2.08807e-16)
(-0.00051029 -0.000301572 -2.36661e-16)
(-0.000474692 -0.000237229 1.07822e-16)
(-0.000439855 -0.000180724 -2.45491e-16)
(-0.000405761 -0.000131385 -2.05174e-16)
(-0.000372643 -8.79042e-05 1.7826e-16)
(-0.000340715 -5.0512e-05 3.57747e-16)
(-0.0003102 -1.86631e-05 -1.90614e-16)
(-0.000281232 7.77988e-06 1.89431e-16)
(-0.00025395 2.95324e-05 9.73215e-17)
(-0.000228408 4.67105e-05 -1.28023e-17)
(-0.000204686 5.99985e-05 -3.79873e-17)
(-0.000182774 6.98591e-05 1.52375e-16)
(-0.000162676 7.68461e-05 7.16399e-16)
(-0.000144327 8.14062e-05 -3.43104e-17)
(-0.0001277 8.38142e-05 2.03552e-16)
(-0.000112695 8.46391e-05 8.66948e-17)
(-9.92399e-05 8.40919e-05 -1.12867e-16)
(-8.72107e-05 8.25222e-05 -1.89417e-16)
(-7.6534e-05 8.00491e-05 -4.93161e-16)
(-6.70746e-05 7.6957e-05 -8.84369e-18)
(-5.87544e-05 7.33472e-05 1.30343e-18)
(-5.14429e-05 6.94234e-05 1.85337e-16)
(-4.50631e-05 6.52598e-05 2.37433e-16)
(-3.94956e-05 6.10247e-05 -1.10043e-15)
(-3.46602e-05 5.67559e-05 -1.24156e-15)
(-3.04616e-05 5.25748e-05 -6.14912e-16)
(-2.6819e-05 4.84824e-05 2.37204e-16)
(-2.36632e-05 4.4588e-05 6.74067e-16)
(-2.09245e-05 4.08158e-05 1.85443e-18)
(-1.85574e-05 3.73e-05 1.51627e-16)
(-1.64627e-05 3.39668e-05 4.91895e-16)
(-1.46414e-05 3.08924e-05 5.03397e-16)
(-1.30178e-05 2.79861e-05 4.43899e-17)
(-1.16052e-05 2.53505e-05 -2.36036e-16)
(-1.03272e-05 2.28893e-05 -1.62164e-16)
(-9.21297e-06 2.06854e-05 -7.96143e-16)
(-8.19469e-06 1.86606e-05 -1.40169e-15)
(-7.30516e-06 1.68633e-05 -6.92564e-16)
(-6.48896e-06 1.5232e-05 -2.66297e-16)
(-5.77399e-06 1.37806e-05 9.38563e-16)
(-5.12208e-06 1.24655e-05 1.38104e-15)
(-4.54531e-06 1.12811e-05 -3.26995e-17)
(-4.0285e-06 1.01999e-05 4.27575e-16)
(-3.56771e-06 9.23529e-06 -1.54517e-15)
(-3.13925e-06 8.40388e-06 -1.20155e-15)
(-2.73065e-06 7.69804e-06 1.63414e-16)
(-2.31099e-06 7.11901e-06 -8.58535e-16)
(-1.94614e-06 6.59074e-06 -2.68481e-16)
(-1.59094e-06 6.10176e-06 -3.01898e-16)
(-1.34186e-06 5.58323e-06 6.0526e-16)
(-1.1543e-06 5.05785e-06 2.97676e-15)
(-1.02459e-06 4.54938e-06 5.48499e-16)
(-9.17969e-07 4.08704e-06 3.30923e-15)
(-8.08495e-07 3.71235e-06 1.40988e-16)
(-6.87964e-07 3.38057e-06 3.43952e-16)
(-5.79058e-07 3.05363e-06 -1.47835e-15)
(-4.80626e-07 2.73879e-06 -2.43398e-16)
(-4.0385e-07 2.43934e-06 8.26616e-16)
(-3.4995e-07 2.16716e-06 -3.29699e-16)
(-3.31589e-07 1.95005e-06 6.27222e-16)
(-3.2965e-07 1.77381e-06 -2.15463e-16)
(-3.18776e-07 1.61693e-06 -6.75789e-16)
(-2.93976e-07 1.46899e-06 -9.31609e-16)
(-2.55675e-07 1.29366e-06 4.86597e-16)
(-2.15967e-07 1.09969e-06 1.62725e-15)
(-1.96638e-07 9.29211e-07 -1.57745e-15)
(-1.90735e-07 7.80562e-07 5.89785e-17)
(-1.19892e-07 7.1365e-07 -1.02051e-16)
(-1.43399e-07 6.65822e-07 -2.62294e-15)
(-1.48111e-07 6.89065e-07 2.06788e-15)
(-1.33484e-07 6.27903e-07 -2.08183e-17)
(8.16001e-08 9.58238e-07 -3.54632e-15)
(-0.000484688 -0.000297086 2.70506e-17)
(-0.000122007 -0.000226696 -3.3474e-17)
(-0.000195854 -0.000224487 2.89548e-18)
(-0.000140211 -0.00023104 -6.76631e-17)
(-0.000126955 -0.000178776 2.68809e-17)
(-0.000125695 -0.000169892 1.93318e-17)
(-0.000143946 -0.000178274 -1.76141e-17)
(-0.000153688 -0.000159371 -1.54374e-17)
(-0.000162434 -0.000153395 -1.57898e-16)
(-0.000168543 -0.000144809 -7.84985e-18)
(-0.000172922 -0.000134861 1.37252e-16)
(-0.00017558 -0.000124037 -1.08971e-17)
(-0.000176478 -0.000111687 5.45833e-17)
(-0.000175682 -9.87873e-05 -1.59494e-17)
(-0.00017329 -8.52516e-05 -3.62469e-19)
(-0.000169449 -7.17647e-05 -1.82609e-16)
(-0.000164326 -5.82283e-05 -3.47001e-16)
(-0.000158106 -4.52503e-05 -3.55225e-16)
(-0.000150977 -3.29072e-05 1.6675e-16)
(-0.000143149 -2.13944e-05 -2.7622e-17)
(-0.00013479 -1.08357e-05 5.20256e-16)
(-0.000126089 -1.17007e-06 -1.31798e-16)
(-0.000117195 7.34431e-06 -3.6805e-16)
(-0.000108305 1.48337e-05 2.92328e-16)
(-9.95118e-05 2.11213e-05 -5.0957e-17)
(-9.09631e-05 2.63753e-05 5.96118e-18)
(-8.27201e-05 3.05175e-05 -1.22717e-16)
(-7.49153e-05 3.36881e-05 -2.48837e-17)
(-6.75596e-05 3.58354e-05 4.52332e-17)
(-6.07334e-05 3.71502e-05 9.61548e-17)
(-5.44217e-05 3.76508e-05 4.51164e-16)
(-4.86612e-05 3.75336e-05 5.01554e-17)
(-4.34125e-05 3.68446e-05 3.21469e-16)
(-3.86773e-05 3.5766e-05 -2.00877e-16)
(-3.44067e-05 3.43168e-05 8.13608e-18)
(-3.05834e-05 3.26684e-05 7.7893e-17)
(-2.7164e-05 3.07972e-05 -5.12883e-16)
(-2.41175e-05 2.88771e-05 -1.94808e-16)
(-2.13874e-05 2.68727e-05 4.20336e-16)
(-1.89623e-05 2.49121e-05 -7.06528e-17)
(-1.67961e-05 2.29375e-05 -1.78462e-16)
(-1.48799e-05 2.10741e-05 4.92076e-16)
(-1.31659e-05 1.92623e-05 6.30314e-16)
(-1.16559e-05 1.76048e-05 7.65245e-16)
(-1.03027e-05 1.60371e-05 4.08739e-16)
(-9.11444e-06 1.46297e-05 1.88719e-16)
(-8.04841e-06 1.33244e-05 9.2612e-16)
(-7.11453e-06 1.21557e-05 -1.86337e-16)
(-6.27912e-06 1.10762e-05 -1.83818e-16)
(-5.54867e-06 1.00957e-05 -1.60865e-15)
(-4.90007e-06 9.1917e-06 2.98975e-16)
(-4.33871e-06 8.35182e-06 1.84171e-15)
(-3.8285e-06 7.62688e-06 -1.68112e-15)
(-3.35285e-06 6.97997e-06 -2.64767e-16)
(-2.89403e-06 6.45045e-06 2.50059e-16)
(-2.43637e-06 6.00857e-06 -7.89674e-16)
(-2.02089e-06 5.59084e-06 2.91539e-16)
(-1.64933e-06 5.19963e-06 -1.46663e-15)
(-1.38289e-06 4.76862e-06 -1.69825e-15)
(-1.18692e-06 4.32382e-06 -1.53519e-16)
(-1.02723e-06 3.9112e-06 -1.69807e-15)
(-8.79975e-07 3.54389e-06 4.94807e-17)
(-7.4688e-07 3.22487e-06 -3.89779e-16)
(-6.1729e-07 2.92831e-06 3.97926e-15)
(-5.10595e-07 2.63285e-06 6.34463e-16)
(-4.36531e-07 2.35456e-06 -8.2991e-17)
(-3.73932e-07 2.10446e-06 5.68448e-16)
(-3.43219e-07 1.90486e-06 -3.03857e-16)
(-3.26895e-07 1.73868e-06 7.13125e-16)
(-3.07676e-07 1.58408e-06 2.04475e-15)
(-2.80789e-07 1.42747e-06 1.64684e-15)
(-2.4007e-07 1.25139e-06 1.23136e-15)
(-2.02971e-07 1.07054e-06 4.16476e-16)
(-1.91963e-07 9.15428e-07 4.68262e-17)
(-1.91301e-07 7.63812e-07 -2.15141e-18)
(-1.13404e-07 7.12087e-07 5.31753e-16)
(-1.37524e-07 6.79664e-07 -4.11481e-15)
(-1.49156e-07 6.82292e-07 -3.44172e-15)
(-1.21732e-07 5.90006e-07 5.97682e-17)
(-2.23508e-08 8.82186e-07 5.79026e-16)
(-4.19145e-05 -0.000118767 9.00406e-17)
(0.000315271 -2.89866e-05 4.69759e-17)
(-0.000287822 -0.000104951 -6.59923e-18)
(-1.99486e-05 -0.000174847 -3.38457e-17)
(-5.66894e-05 -0.000112204 -3.38916e-16)
(-6.61696e-05 -8.93883e-05 -9.01109e-17)
(-6.83412e-05 -9.77215e-05 1.41106e-16)
(-7.32238e-05 -0.000102116 -1.12344e-17)
(-7.69884e-05 -9.76809e-05 6.37689e-17)
(-8.01638e-05 -9.37484e-05 -8.904e-17)
(-8.33105e-05 -8.99919e-05 -3.53528e-16)
(-8.62536e-05 -8.61037e-05 -1.29014e-16)
(-8.89724e-05 -8.15073e-05 1.7227e-16)
(-9.12708e-05 -7.65253e-05 4.09784e-17)
(-9.32025e-05 -7.11504e-05 -2.5331e-16)
(-9.4566e-05 -6.54186e-05 -7.67404e-17)
(-9.54493e-05 -5.93355e-05 6.1565e-17)
(-9.56621e-05 -5.30141e-05 2.29537e-16)
(-9.53445e-05 -4.65425e-05 -2.94312e-17)
(-9.43365e-05 -4.00335e-05 -1.04552e-16)
(-9.2791e-05 -3.35883e-05 -4.87484e-17)
(-9.05885e-05 -2.71578e-05 -1.51226e-16)
(-8.78934e-05 -2.08397e-05 -4.74472e-16)
(-8.46421e-05 -1.4691e-05 -4.86457e-18)
(-8.10077e-05 -8.85788e-06 -2.12185e-16)
(-7.69825e-05 -3.36173e-06 -1.53676e-16)
(-7.27127e-05 1.66893e-06 1.45376e-16)
(-6.82226e-05 6.25199e-06 -2.35252e-16)
(-6.36509e-05 1.01807e-05 -2.31641e-16)
(-5.90412e-05 1.35317e-05 -3.51113e-16)
(-5.44926e-05 1.61912e-05 -4.67733e-16)
(-5.00456e-05 1.82722e-05 3.80748e-16)
(-4.57597e-05 1.97124e-05 2.74156e-16)
(-4.16648e-05 2.06458e-05 -3.37072e-17)
(-3.77938e-05 2.10737e-05 7.7915e-16)
(-3.41609e-05 2.11409e-05 -2.76775e-16)
(-3.07839e-05 2.08129e-05 -1.06444e-15)
(-2.76631e-05 2.0276e-05 2.85764e-16)
(-2.47864e-05 1.94932e-05 -9.34545e-16)
(-2.21585e-05 1.86053e-05 1.22791e-16)
(-1.97619e-05 1.75678e-05 -3.14595e-16)
(-1.75988e-05 1.65209e-05 -4.9156e-16)
(-1.56399e-05 1.54116e-05 -2.25146e-16)
(-1.38906e-05 1.43599e-05 2.97784e-18)
(-1.23122e-05 1.33072e-05 7.94187e-16)
(-1.09137e-05 1.234e-05 4.9608e-17)
(-9.65526e-06 1.14046e-05 -3.30289e-16)
(-8.54751e-06 1.05515e-05 -4.54781e-16)
(-7.55287e-06 9.73797e-06 -4.796e-16)
(-6.68081e-06 8.98573e-06 -1.99444e-16)
(-5.90523e-06 8.27034e-06 -2.75706e-16)
(-5.22633e-06 7.60372e-06 -1.7037e-15)
(-4.63233e-06 6.97522e-06 1.84638e-16)
(-4.07666e-06 6.41747e-06 9.72236e-17)
(-3.56808e-06 5.93131e-06 4.05253e-16)
(-3.0564e-06 5.52237e-06 1.68925e-15)
(-2.56313e-06 5.18723e-06 1.61199e-15)
(-2.1224e-06 4.87361e-06 1.90661e-16)
(-1.76213e-06 4.56009e-06 -2.1355e-15)
(-1.46637e-06 4.19007e-06 -1.59253e-16)
(-1.23987e-06 3.80477e-06 -2.03078e-15)
(-1.05787e-06 3.47794e-06 2.82582e-16)
(-8.91159e-07 3.17975e-06 1.32741e-15)
(-7.44042e-07 2.88765e-06 -2.61627e-15)
(-6.28495e-07 2.61896e-06 -1.0525e-15)
(-5.48168e-07 2.35389e-06 4.1806e-17)
(-4.71911e-07 2.11106e-06 5.73118e-17)
(-4.18302e-07 1.92593e-06 8.20827e-16)
(-3.74614e-07 1.76738e-06 -1.97619e-16)
(-3.46884e-07 1.60883e-06 -5.1877e-16)
(-3.14738e-07 1.45112e-06 -4.00878e-16)
(-2.68852e-07 1.27345e-06 -1.62397e-15)
(-2.29057e-07 1.09603e-06 7.74923e-17)
(-2.15099e-07 9.471e-07 8.55854e-16)
(-1.87259e-07 7.9218e-07 -2.30722e-18)
(-1.48212e-07 7.36216e-07 7.87102e-17)
(-1.48922e-07 7.16589e-07 1.53816e-16)
(-1.52747e-07 7.09721e-07 1.06211e-15)
(-1.14706e-07 6.016e-07 -2.34898e-16)
(-7.16965e-08 8.71715e-07 2.95405e-16)
(-0.00151121 -0.000240367 4.7304e-17)
(0.00147064 0.000501398 -2.05472e-17)
(-0.000883657 0.000129966 1.01699e-17)
(0.000537097 -0.000454094 -1.82984e-17)
(-5.82938e-06 -5.0486e-05 1.21733e-16)
(-3.77535e-05 -1.68698e-05 -1.76531e-16)
(-4.09929e-05 -1.92315e-05 -1.16958e-16)
(-4.30904e-05 -2.26699e-05 1.29174e-16)
(-4.48411e-05 -2.37334e-05 9.65118e-17)
(-4.64149e-05 -2.47245e-05 2.98727e-17)
(-4.8155e-05 -2.60928e-05 -7.58221e-17)
(-4.99382e-05 -2.77334e-05 -1.95248e-16)
(-5.1818e-05 -2.90458e-05 8.90795e-17)
(-5.36103e-05 -3.02068e-05 9.1001e-17)
(-5.54098e-05 -3.08269e-05 8.4045e-17)
(-5.70356e-05 -3.1283e-05 8.5432e-17)
(-5.85781e-05 -3.11928e-05 8.51494e-17)
(-5.98412e-05 -3.08036e-05 1.15808e-16)
(-6.09377e-05 -2.97972e-05 3.66704e-16)
(-6.1683e-05 -2.8539e-05 -2.21439e-16)
(-6.21999e-05 -2.68292e-05 -3.32416e-16)
(-6.23109e-05 -2.48108e-05 3.46469e-16)
(-6.21385e-05 -2.23254e-05 1.25689e-16)
(-6.15264e-05 -1.95895e-05 -2.76874e-16)
(-6.0605e-05 -1.65094e-05 -1.2927e-16)
(-5.92592e-05 -1.32922e-05 6.35171e-17)
(-5.7621e-05 -9.99398e-06 -4.35096e-16)
(-5.56092e-05 -6.69659e-06 -1.42354e-16)
(-5.33567e-05 -3.46506e-06 -1.30199e-16)
(-5.08304e-05 -4.37906e-07 1.20467e-16)
(-4.81514e-05 2.29493e-06 -2.22414e-16)
(-4.53071e-05 4.70532e-06 5.64888e-18)
(-4.24077e-05 6.74003e-06 3.57715e-16)
(-3.94517e-05 8.4456e-06 5.0367e-17)
(-3.65272e-05 9.7642e-06 -9.01627e-17)
(-3.36332e-05 1.0787e-05 -3.67774e-17)
(-3.08391e-05 1.14582e-05 1.44023e-16)
(-2.81429e-05 1.1891e-05 1.35744e-16)
(-2.55812e-05 1.20457e-05 1.05493e-16)
(-2.31583e-05 1.20459e-05 -2.3595e-17)
(-2.08943e-05 1.18317e-05 3.39131e-16)
(-1.87945e-05 1.153e-05 4.75e-16)
(-1.68584e-05 1.10998e-05 -5.60506e-16)
(-1.50905e-05 1.06463e-05 -2.4238e-16)
(-1.34741e-05 1.01235e-05 5.34257e-16)
(-1.20178e-05 9.61835e-06 1.23331e-16)
(-1.06949e-05 9.08365e-06 2.84739e-16)
(-9.51395e-06 8.57886e-06 -2.06422e-16)
(-8.4454e-06 8.06117e-06 5.54338e-17)
(-7.49805e-06 7.56997e-06 4.32975e-16)
(-6.64671e-06 7.07531e-06 -3.36871e-16)
(-5.89746e-06 6.59411e-06 -1.45716e-15)
(-5.22477e-06 6.12746e-06 7.34974e-16)
(-4.62901e-06 5.66537e-06 2.7027e-16)
(-4.06639e-06 5.25984e-06 -7.6956e-16)
(-3.53408e-06 4.89658e-06 -5.55085e-16)
(-3.00793e-06 4.61323e-06 2.71745e-16)
(-2.52836e-06 4.40696e-06 5.04473e-17)
(-2.0876e-06 4.16688e-06 3.93601e-16)
(-1.71731e-06 3.889e-06 -4.58523e-17)
(-1.43045e-06 3.60775e-06 1.69269e-16)
(-1.19602e-06 3.31333e-06 -7.86982e-17)
(-1.01126e-06 3.0377e-06 1.0212e-15)
(-8.52918e-07 2.78847e-06 -8.42091e-16)
(-7.23979e-07 2.54405e-06 -6.1868e-16)
(-6.22762e-07 2.29605e-06 1.35901e-17)
(-5.45691e-07 2.0563e-06 -3.16232e-16)
(-4.75425e-07 1.87163e-06 1.27775e-16)
(-4.19448e-07 1.73099e-06 -1.25126e-17)
(-3.77072e-07 1.59224e-06 -4.168e-16)
(-3.38081e-07 1.42799e-06 7.73949e-17)
(-2.90744e-07 1.24865e-06 -1.69671e-15)
(-2.47968e-07 1.08298e-06 -4.74041e-17)
(-2.18708e-07 9.38334e-07 3.18137e-16)
(-1.87136e-07 7.8764e-07 -4.57412e-17)
(-1.71207e-07 7.34982e-07 6.13794e-17)
(-1.55559e-07 7.14982e-07 1.13565e-15)
(-1.4472e-07 6.97757e-07 -1.05574e-15)
(-0.000130197 -6.83755e-05 -5.13798e-18)
(-3.91496e-05 -7.63535e-05 -1.16467e-17)
(-4.9906e-05 3.76528e-05 8.38306e-18)
(-0.00013998 3.33927e-05 1.25059e-17)
(-4.75706e-05 -1.6397e-05 3.40762e-18)
(-4.61582e-05 -8.15919e-06 1.42947e-16)
(-4.53801e-05 -1.00731e-05 -1.54358e-16)
(-4.47868e-05 -1.2285e-05 4.56281e-18)
(-4.4134e-05 -1.31699e-05 9.19808e-17)
(-4.35254e-05 -1.40396e-05 -1.75361e-18)
(-4.30321e-05 -1.49038e-05 8.48438e-17)
(-4.27063e-05 -1.59096e-05 4.82561e-17)
(-4.25183e-05 -1.67732e-05 -1.82876e-17)
(-4.24713e-05 -1.76601e-05 1.96272e-17)
(-4.25411e-05 -1.82304e-05 1.35514e-18)
(-4.27093e-05 -1.87983e-05 7.43839e-17)
(-4.29736e-05 -1.91955e-05 1.99503e-17)
(-4.32834e-05 -1.9535e-05 1.27945e-16)
(-4.36445e-05 -1.95509e-05 -6.39494e-17)
(-4.39748e-05 -1.94807e-05 3.81975e-18)
(-4.43106e-05 -1.91624e-05 -4.47004e-16)
(-4.45529e-05 -1.87588e-05 -9.43169e-17)
(-4.47347e-05 -1.80289e-05 2.78551e-16)
(-4.47395e-05 -1.71268e-05 -2.34785e-16)
(-4.46227e-05 -1.59092e-05 5.67015e-17)
(-4.42684e-05 -1.44857e-05 1.85224e-16)
(-4.37496e-05 -1.27854e-05 4.95961e-17)
(-4.29745e-05 -1.09513e-05 4.85651e-17)
(-4.20169e-05 -8.94485e-06 2.18326e-16)
(-4.07999e-05 -6.88761e-06 1.4454e-16)
(-3.942e-05 -4.8528e-06 6.18949e-16)
(-3.78324e-05 -2.88364e-06 -2.20642e-16)
(-3.61228e-05 -1.04645e-06 -1.67317e-16)
(-3.4267e-05 6.20987e-07 1.34895e-16)
(-3.23401e-05 2.08306e-06 -8.33491e-17)
(-3.03309e-05 3.35618e-06 1.79497e-16)
(-2.83095e-05 4.38792e-06 3.04005e-17)
(-2.62708e-05 5.25473e-06 -4.35291e-16)
(-2.42671e-05 5.90526e-06 7.56329e-17)
(-2.23009e-05 6.41466e-06 1.43368e-16)
(-2.04128e-05 6.73589e-06 8.25931e-17)
(-1.86065e-05 6.96387e-06 -8.44058e-16)
(-1.69024e-05 7.04475e-06 2.28192e-17)
(-1.53051e-05 7.07026e-06 -3.48054e-16)
(-1.38172e-05 6.99397e-06 -1.45773e-16)
(-1.2446e-05 6.893e-06 5.21555e-17)
(-1.11794e-05 6.72031e-06 4.22614e-16)
(-1.00268e-05 6.53597e-06 3.63261e-16)
(-8.96741e-06 6.3027e-06 5.11183e-16)
(-8.01336e-06 6.05847e-06 1.79349e-15)
(-7.14334e-06 5.7806e-06 -3.8548e-16)
(-6.36588e-06 5.49291e-06 8.83479e-16)
(-5.6612e-06 5.17994e-06 1.38356e-15)
(-5.02591e-06 4.85701e-06 5.08641e-17)
(-4.4515e-06 4.52674e-06 9.34151e-16)
(-3.90014e-06 4.22886e-06 2.8406e-16)
(-3.38539e-06 4.01166e-06 -1.07459e-15)
(-2.88885e-06 3.84506e-06 2.42028e-17)
(-2.40701e-06 3.7025e-06 -1.7766e-16)
(-1.99283e-06 3.52798e-06 2.95946e-16)
(-1.62393e-06 3.31015e-06 9.04758e-16)
(-1.35682e-06 3.10261e-06 -9.89458e-17)
(-1.13027e-06 2.88972e-06 -2.14271e-15)
(-9.58247e-07 2.65308e-06 2.88229e-15)
(-8.04141e-07 2.43917e-06 1.39273e-15)
(-6.89559e-07 2.2204e-06 4.05112e-17)
(-6.10347e-07 1.9921e-06 -3.63743e-16)
(-5.33789e-07 1.81387e-06 -1.4963e-15)
(-4.79498e-07 1.67901e-06 2.96476e-16)
(-4.2032e-07 1.54442e-06 2.23503e-16)
(-3.70282e-07 1.39227e-06 1.33142e-16)
(-3.2607e-07 1.2163e-06 2.86571e-15)
(-2.73284e-07 1.05404e-06 -1.8572e-15)
(-2.3114e-07 9.1996e-07 -6.39281e-16)
(-1.98171e-07 7.75681e-07 -4.39798e-17)
(-1.85015e-07 7.15605e-07 -6.02479e-16)
(-9.14215e-05 -2.33812e-06 -1.16899e-16)
(-3.55703e-05 2.23576e-05 -7.68896e-17)
(-6.94666e-05 1.47794e-05 -1.35897e-18)
(-3.60792e-05 -3.67812e-06 7.75654e-18)
(-4.41841e-05 6.58188e-06 -2.33479e-17)
(-4.43092e-05 8.31707e-06 3.1421e-17)
(-4.26528e-05 6.48372e-06 9.67222e-17)
(-4.1144e-05 4.72149e-06 -8.23424e-17)
(-3.97165e-05 3.53904e-06 -7.33575e-17)
(-3.84312e-05 2.22462e-06 -2.11882e-17)
(-3.72996e-05 7.70842e-07 -4.17621e-17)
(-3.63387e-05 -7.45473e-07 3.11474e-17)
(-3.55264e-05 -2.1432e-06 -9.38538e-17)
(-3.48647e-05 -3.59413e-06 -1.26506e-16)
(-3.43318e-05 -4.93702e-06 1.63111e-17)
(-3.39117e-05 -6.25657e-06 4.79029e-18)
(-3.36011e-05 -7.38825e-06 -3.30517e-17)
(-3.33853e-05 -8.52982e-06 -1.7658e-16)
(-3.32573e-05 -9.48212e-06 -1.13795e-16)
(-3.31796e-05 -1.03851e-05 1.21055e-16)
(-3.31621e-05 -1.1026e-05 2.97632e-16)
(-3.31624e-05 -1.16294e-05 -1.61049e-16)
(-3.31957e-05 -1.20304e-05 7.08559e-17)
(-3.31926e-05 -1.22811e-05 4.94411e-17)
(-3.31789e-05 -1.22271e-05 -7.02577e-17)
(-3.30781e-05 -1.20082e-05 -4.57016e-17)
(-3.29188e-05 -1.14546e-05 1.40467e-16)
(-3.26229e-05 -1.07438e-05 -3.94512e-17)
(-3.22351e-05 -9.80616e-06 -1.04383e-16)
(-3.16796e-05 -8.75656e-06 -2.37121e-16)
(-3.10097e-05 -7.52219e-06 -3.31674e-16)
(-3.01745e-05 -6.2797e-06 2.2475e-17)
(-2.9231e-05 -5.00328e-06 -2.38893e-16)
(-2.81402e-05 -3.75548e-06 -3.51615e-16)
(-2.69658e-05 -2.57294e-06 -7.3203e-18)
(-2.56816e-05 -1.44625e-06 -3.71896e-17)
(-2.43499e-05 -4.20432e-07 9.91831e-18)
(-2.29525e-05 5.24445e-07 1.43615e-16)
(-2.15409e-05 1.3448e-06 2.12964e-16)
(-2.01058e-05 2.0898e-06 -2.01991e-16)
(-1.86904e-05 2.69508e-06 -2.87295e-16)
(-1.72923e-05 3.22341e-06 2.43524e-16)
(-1.5939e-05 3.62745e-06 3.10254e-16)
(-1.4632e-05 3.97022e-06 1.07013e-16)
(-1.33852e-05 4.20829e-06 -1.48906e-17)
(-1.22047e-05 4.40099e-06 -1.79167e-17)
(-1.10902e-05 4.50756e-06 -3.6488e-16)
(-1.00506e-05 4.57969e-06 -8.63925e-17)
(-9.07697e-06 4.57968e-06 -2.46936e-16)
(-8.18119e-06 4.55348e-06 -1.10264e-15)
(-7.3503e-06 4.46844e-06 -4.33581e-16)
(-6.59495e-06 4.35235e-06 6.02726e-16)
(-5.89971e-06 4.19188e-06 -1.19111e-15)
(-5.27127e-06 3.99565e-06 -5.98601e-17)
(-4.69862e-06 3.77473e-06 1.44552e-16)
(-4.17483e-06 3.54789e-06 -9.0363e-16)
(-3.68942e-06 3.38064e-06 -2.52457e-16)
(-3.20429e-06 3.26935e-06 1.92999e-16)
(-2.73546e-06 3.16618e-06 1.06351e-15)
(-2.26318e-06 3.05689e-06 -2.57024e-16)
(-1.87098e-06 2.96221e-06 1.80765e-15)
(-1.53365e-06 2.83433e-06 -9.70944e-17)
(-1.28582e-06 2.66427e-06 1.27473e-16)
(-1.06743e-06 2.49844e-06 -5.61077e-16)
(-9.03426e-07 2.31293e-06 -2.43522e-16)
(-7.76837e-07 2.1276e-06 -3.74716e-17)
(-6.79807e-07 1.91034e-06 5.96985e-17)
(-6.00953e-07 1.73244e-06 1.62676e-16)
(-5.27709e-07 1.61147e-06 -9.56985e-16)
(-4.67971e-07 1.48755e-06 1.50593e-16)
(-4.09917e-07 1.34058e-06 -1.64531e-16)
(-3.57212e-07 1.16502e-06 2.40492e-16)
(-2.96252e-07 1.01093e-06 1.42936e-16)
(-2.41257e-07 8.8168e-07 1.14936e-15)
(-6.62227e-05 -5.81259e-06 6.83545e-17)
(-5.37202e-05 1.77886e-07 -1.00671e-17)
(-5.78945e-05 4.52201e-06 -1.52963e-17)
(-5.53426e-05 1.47591e-06 1.92792e-17)
(-5.06116e-05 1.89515e-06 -8.61462e-17)
(-4.82816e-05 3.38136e-06 -3.47226e-17)
(-4.60542e-05 3.32361e-06 1.03684e-16)
(-4.39714e-05 3.10024e-06 -9.17057e-18)
(-4.193e-05 2.97589e-06 -5.04134e-17)
(-3.99965e-05 2.57162e-06 1.40708e-18)
(-3.81644e-05 1.99526e-06 -2.66274e-17)
(-3.6485e-05 1.27255e-06 -1.45503e-17)
(-3.49194e-05 5.6348e-07 8.77891e-17)
(-3.35065e-05 -2.50738e-07 -1.1419e-18)
(-3.22099e-05 -1.09576e-06 -9.5449e-18)
(-3.1065e-05 -2.01663e-06 -5.42708e-19)
(-3.00295e-05 -2.85651e-06 1.30964e-17)
(-2.9131e-05 -3.73483e-06 -7.56077e-17)
(-2.83378e-05 -4.57938e-06 -9.69435e-17)
(-2.76682e-05 -5.45324e-06 -3.55268e-17)
(-2.709e-05 -6.20063e-06 3.13334e-16)
(-2.66048e-05 -6.93206e-06 2.15559e-17)
(-2.61995e-05 -7.56687e-06 -2.24592e-16)
(-2.58663e-05 -8.1888e-06 1.52454e-17)
(-2.55833e-05 -8.61902e-06 7.01475e-18)
(-2.53225e-05 -8.97076e-06 -1.10746e-16)
(-2.50814e-05 -9.11848e-06 1.46887e-16)
(-2.4814e-05 -9.13199e-06 1.25039e-17)
(-2.45342e-05 -8.9038e-06 -1.35619e-16)
(-2.41951e-05 -8.556e-06 1.38708e-16)
(-2.38168e-05 -8.01282e-06 1.26903e-16)
(-2.33436e-05 -7.34753e-06 5.9241e-17)
(-2.28215e-05 -6.5756e-06 -3.87983e-16)
(-2.22055e-05 -5.75937e-06 2.48089e-16)
(-2.15386e-05 -4.88204e-06 -1.58986e-17)
(-2.07843e-05 -4.0049e-06 9.86633e-18)
(-1.99868e-05 -3.14826e-06 -1.50364e-17)
(-1.91165e-05 -2.30803e-06 -1.03252e-16)
(-1.82152e-05 -1.5218e-06 1.06984e-16)
(-1.72629e-05 -7.79847e-07 6.81789e-17)
(-1.62991e-05 -1.10943e-07 -9.07867e-17)
(-1.53099e-05 5.14361e-07 -7.13916e-17)
(-1.43279e-05 1.05043e-06 9.82842e-17)
(-1.33455e-05 1.54526e-06 2.1042e-16)
(-1.23842e-05 1.95256e-06 4.78298e-17)
(-1.14439e-05 2.32055e-06 5.06829e-17)
(-1.05345e-05 2.60448e-06 -4.23209e-16)
(-9.66122e-06 2.85085e-06 -6.31949e-17)
(-8.82376e-06 3.02311e-06 -6.21935e-17)
(-8.03437e-06 3.15566e-06 -7.8502e-16)
(-7.28642e-06 3.22411e-06 -2.69087e-16)
(-6.59436e-06 3.25544e-06 6.21971e-16)
(-5.94854e-06 3.22509e-06 -3.75927e-16)
(-5.35988e-06 3.15634e-06 -2.33377e-16)
(-4.82426e-06 3.0347e-06 -1.71585e-16)
(-4.33956e-06 2.9032e-06 7.26388e-17)
(-3.89846e-06 2.78271e-06 -1.99839e-16)
(-3.4559e-06 2.68261e-06 -1.56191e-16)
(-2.9977e-06 2.6054e-06 6.16724e-16)
(-2.53678e-06 2.5644e-06 1.19785e-17)
(-2.12322e-06 2.52202e-06 -1.26855e-15)
(-1.7654e-06 2.49246e-06 2.90346e-16)
(-1.46618e-06 2.42164e-06 7.28675e-16)
(-1.2135e-06 2.28364e-06 -8.72045e-17)
(-1.01515e-06 2.16168e-06 -8.767e-17)
(-8.61965e-07 2.00297e-06 1.18142e-16)
(-7.42916e-07 1.8055e-06 2.21347e-16)
(-6.47478e-07 1.63062e-06 3.26059e-16)
(-5.69269e-07 1.52091e-06 -1.38142e-15)
(-4.96013e-07 1.41556e-06 -7.41376e-16)
(-4.30398e-07 1.27125e-06 2.30476e-16)
(-4.92099e-05 -1.42944e-05 3.23448e-17)
(-4.4861e-05 -1.28643e-05 3.60292e-17)
(-4.68112e-05 -1.18135e-05 -3.07777e-18)
(-4.52522e-05 -1.25129e-05 -9.80767e-18)
(-4.44948e-05 -1.12369e-05 7.6568e-17)
(-4.33938e-05 -1.01928e-05 -3.05724e-17)
(-4.21291e-05 -9.51965e-06 -4.15034e-17)
(-4.07708e-05 -8.85015e-06 5.70944e-17)
(-3.93026e-05 -8.20662e-06 5.49459e-17)
(-3.77883e-05 -7.70572e-06 1.61659e-17)
(-3.62487e-05 -7.28679e-06 3.3094e-17)
(-3.47327e-05 -6.9338e-06 -8.93021e-19)
(-3.32374e-05 -6.63762e-06 3.20849e-18)
(-3.17958e-05 -6.41877e-06 6.85809e-17)
(-3.0402e-05 -6.25058e-06 -1.6639e-17)
(-2.90868e-05 -6.18009e-06 2.95318e-17)
(-2.78381e-05 -6.17042e-06 3.84488e-17)
(-2.66758e-05 -6.23108e-06 1.35257e-16)
(-2.55881e-05 -6.31571e-06 1.0688e-16)
(-2.45973e-05 -6.48696e-06 -1.28146e-16)
(-2.36876e-05 -6.69382e-06 -2.34624e-16)
(-2.28686e-05 -6.94767e-06 1.95258e-16)
(-2.21295e-05 -7.16975e-06 -1.40106e-17)
(-2.14782e-05 -7.44101e-06 -4.88517e-17)
(-2.09067e-05 -7.70288e-06 5.17102e-17)
(-2.04025e-05 -7.94634e-06 3.12663e-17)
(-1.99626e-05 -8.07602e-06 -1.3929e-16)
(-1.95668e-05 -8.15809e-06 4.64014e-17)
(-1.92127e-05 -8.08312e-06 1.3957e-16)
(-1.8866e-05 -7.94088e-06 -2.71468e-17)
(-1.85401e-05 -7.66405e-06 3.39447e-16)
(-1.81921e-05 -7.3334e-06 -3.23669e-17)
(-1.78422e-05 -6.84988e-06 2.40289e-16)
(-1.74514e-05 -6.31858e-06 7.15534e-17)
(-1.70469e-05 -5.72722e-06 -2.62148e-17)
(-1.65873e-05 -5.105e-06 2.12307e-17)
(-1.61093e-05 -4.45841e-06 2.84779e-16)
(-1.55767e-05 -3.802e-06 -4.71028e-17)
(-1.5024e-05 -3.14891e-06 -3.98616e-16)
(-1.44208e-05 -2.49045e-06 6.39215e-17)
(-1.38018e-05 -1.86933e-06 3.17546e-16)
(-1.31433e-05 -1.26612e-06 3.69953e-17)
(-1.24748e-05 -7.12362e-07 -4.72091e-16)
(-1.17822e-05 -1.85635e-07 -4.75519e-16)
(-1.1087e-05 2.81226e-07 -2.32782e-16)
(-1.03837e-05 7.15731e-07 1.19262e-16)
(-9.68504e-06 1.08625e-06 2.44845e-16)
(-8.99219e-06 1.42205e-06 -9.8743e-17)
(-8.31215e-06 1.69216e-06 1.73816e-16)
(-7.65293e-06 1.93246e-06 7.90753e-16)
(-7.01635e-06 2.10944e-06 1.36662e-15)
(-6.41335e-06 2.25027e-06 -1.57597e-15)
(-5.83887e-06 2.33053e-06 1.27202e-15)
(-5.30748e-06 2.36518e-06 2.73041e-17)
(-4.81554e-06 2.34981e-06 -2.75572e-16)
(-4.38019e-06 2.29728e-06 7.31269e-16)
(-3.96664e-06 2.23123e-06 5.75356e-16)
(-3.56971e-06 2.14196e-06 1.91274e-17)
(-3.13948e-06 2.06798e-06 -1.6852e-15)
(-2.74292e-06 2.03941e-06 3.52438e-16)
(-2.31274e-06 2.09145e-06 -3.93565e-16)
(-1.94665e-06 2.10597e-06 1.49946e-17)
(-1.60069e-06 2.07674e-06 5.88732e-16)
(-1.33317e-06 2.03464e-06 1.43074e-16)
(-1.10787e-06 1.96217e-06 -3.50265e-16)
(-9.36407e-07 1.84451e-06 7.89149e-16)
(-2.36185e-05 -2.74447e-05 1.01054e-18)
(-2.40915e-05 -2.63239e-05 -6.15589e-18)
(-2.67532e-05 -2.46794e-05 -8.01715e-19)
(-2.83012e-05 -2.3801e-05 1.93548e-17)
(-2.92837e-05 -2.23705e-05 -6.3322e-17)
(-2.99786e-05 -2.09454e-05 2.1419e-17)
(-3.03902e-05 -1.96465e-05 1.0519e-17)
(-3.05112e-05 -1.84435e-05 -4.70566e-17)
(-3.03703e-05 -1.73363e-05 -8.412e-18)
(-3.0021e-05 -1.63675e-05 1.07837e-17)
(-2.94993e-05 -1.54396e-05 2.17162e-17)
(-2.88473e-05 -1.45852e-05 2.4368e-17)
(-2.80877e-05 -1.3774e-05 -4.795e-17)
(-2.72544e-05 -1.30562e-05 -4.30916e-17)
(-2.63615e-05 -1.23728e-05 9.2937e-18)
(-2.54373e-05 -1.17693e-05 3.36566e-17)
(-2.4492e-05 -1.12228e-05 -2.52175e-17)
(-2.35511e-05 -1.07562e-05 -4.49054e-18)
(-2.26148e-05 -1.03116e-05 5.18515e-17)
(-2.17065e-05 -9.93772e-06 9.42682e-17)
(-2.08266e-05 -9.60613e-06 2.37913e-17)
(-1.99958e-05 -9.34898e-06 -1.23775e-16)
(-1.92087e-05 -9.09549e-06 1.0035e-16)
(-1.84788e-05 -8.89647e-06 1.00098e-16)
(-1.78059e-05 -8.7134e-06 -1.80661e-17)
(-1.72027e-05 -8.59784e-06 6.38624e-17)
(-1.66576e-05 -8.45331e-06 -1.06344e-16)
(-1.61687e-05 -8.3313e-06 1.67311e-17)
(-1.57346e-05 -8.17094e-06 -6.56338e-18)
(-1.53385e-05 -7.99071e-06 -5.10174e-17)
(-1.49852e-05 -7.72487e-06 -2.80569e-16)
(-1.46523e-05 -7.41316e-06 1.67447e-17)
(-1.43473e-05 -7.0301e-06 1.60444e-16)
(-1.40348e-05 -6.61289e-06 -1.00374e-16)
(-1.37351e-05 -6.12912e-06 6.57971e-17)
(-1.34171e-05 -5.62719e-06 -1.09793e-16)
(-1.31007e-05 -5.08779e-06 4.51086e-17)
(-1.27546e-05 -4.53659e-06 2.85878e-17)
(-1.24013e-05 -3.97877e-06 4.06567e-17)
(-1.20123e-05 -3.42795e-06 -9.14855e-17)
(-1.16078e-05 -2.88661e-06 -8.71674e-17)
(-1.11655e-05 -2.35449e-06 2.70917e-17)
(-1.07215e-05 -1.84916e-06 3.48523e-16)
(-1.0247e-05 -1.35805e-06 -1.44563e-16)
(-9.7655e-06 -9.02786e-07 -3.4728e-16)
(-9.26157e-06 -4.65571e-07 -1.52133e-17)
(-8.75068e-06 -7.71933e-08 2.77856e-17)
(-8.22566e-06 2.90121e-07 -2.97363e-18)
(-7.69866e-06 6.09503e-07 -2.79388e-16)
(-7.17108e-06 9.02287e-07 -4.49774e-17)
(-6.64849e-06 1.14708e-06 -5.77606e-16)
(-6.13838e-06 1.36079e-06 5.9382e-16)
(-5.63538e-06 1.51371e-06 -7.57305e-16)
(-5.1417e-06 1.61681e-06 2.14642e-16)
(-4.68227e-06 1.67785e-06 2.62077e-16)
(-4.26932e-06 1.70756e-06 -2.05405e-16)
(-3.89416e-06 1.68534e-06 -3.73863e-16)
(-3.51089e-06 1.61304e-06 2.42062e-16)
(-3.16526e-06 1.57213e-06 7.95913e-16)
(-2.78496e-06 1.58129e-06 -1.64763e-16)
(-2.44152e-06 1.57365e-06 9.23904e-16)
(4.98e-06 -3.8579e-05 1.58779e-18)
(9.52936e-07 -3.80135e-05 -2.42845e-18)
(-3.01447e-06 -3.59156e-05 4.26175e-18)
(-6.11421e-06 -3.43907e-05 -1.26514e-17)
(-8.77395e-06 -3.27779e-05 6.00708e-17)
(-1.11034e-05 -3.11834e-05 -1.74527e-17)
(-1.30873e-05 -2.96509e-05 -1.62158e-17)
(-1.47122e-05 -2.8226e-05 3.92135e-17)
(-1.60113e-05 -2.68909e-05 4.48006e-18)
(-1.70127e-05 -2.56454e-05 -1.20538e-17)
(-1.77546e-05 -2.44324e-05 -5.21939e-18)
(-1.82641e-05 -2.3265e-05 -1.55028e-17)
(-1.85749e-05 -2.21253e-05 4.76498e-17)
(-1.87115e-05 -2.10352e-05 1.31445e-17)
(-1.87045e-05 -1.99752e-05 2.72333e-17)
(-1.85731e-05 -1.8948e-05 -1.16131e-17)
(-1.8344e-05 -1.79416e-05 5.01519e-17)
(-1.80335e-05 -1.69805e-05 -4.48134e-17)
(-1.76621e-05 -1.60511e-05 -5.33575e-17)
(-1.72412e-05 -1.51634e-05 -9.42305e-17)
(-1.67898e-05 -1.42957e-05 1.96995e-17)
(-1.63174e-05 -1.34887e-05 7.53006e-17)
(-1.58395e-05 -1.2731e-05 -1.54849e-16)
(-1.53581e-05 -1.20259e-05 2.32301e-19)
(-1.48912e-05 -1.13391e-05 -2.76334e-17)
(-1.44384e-05 -1.07204e-05 4.77142e-19)
(-1.40184e-05 -1.01675e-05 8.26346e-17)
(-1.3619e-05 -9.65745e-06 3.00435e-17)
(-1.32598e-05 -9.15394e-06 6.13734e-17)
(-1.29249e-05 -8.69549e-06 -2.23323e-16)
(-1.26273e-05 -8.21649e-06 -3.65503e-17)
(-1.23415e-05 -7.7865e-06 6.33643e-17)
(-1.20845e-05 -7.33252e-06 -5.27493e-17)
(-1.18255e-05 -6.89491e-06 -2.08462e-16)
(-1.15861e-05 -6.42243e-06 -6.71944e-17)
(-1.13312e-05 -5.95537e-06 1.16747e-16)
(-1.10897e-05 -5.48006e-06 -1.14916e-16)
(-1.08242e-05 -5.0075e-06 -3.36209e-17)
(-1.05613e-05 -4.52375e-06 1.26622e-18)
(-1.02723e-05 -4.03164e-06 -1.78116e-17)
(-9.96593e-06 -3.53523e-06 -1.92075e-17)
(-9.56255e-06 -3.05012e-06 4.45498e-17)
(-9.22115e-06 -2.59977e-06 -9.61317e-17)
(-8.90623e-06 -2.1556e-06 1.44927e-16)
(-8.58358e-06 -1.73131e-06 1.59416e-16)
(-8.23174e-06 -1.32859e-06 2.25629e-16)
(-7.86442e-06 -9.57928e-07 -3.93578e-16)
(-7.47308e-06 -6.0535e-07 -2.75424e-16)
(-7.06595e-06 -2.84606e-07 -9.69699e-17)
(-6.64693e-06 2.35991e-08 -3.80035e-16)
(-6.21518e-06 2.93462e-07 -8.88722e-16)
(-5.78586e-06 5.44181e-07 7.77685e-16)
(-5.36123e-06 7.57322e-07 -7.74792e-16)
(-4.90014e-06 8.96245e-07 6.17848e-17)
(2.12475e-05 -4.15961e-05 -2.1735e-17)
(1.79662e-05 -4.03517e-05 -2.94015e-17)
(1.44002e-05 -3.78287e-05 -1.16942e-17)
(1.11123e-05 -3.57394e-05 1.04531e-17)
(7.96393e-06 -3.38043e-05 -1.11669e-17)
(4.99592e-06 -3.2031e-05 4.71175e-17)
(2.25966e-06 -3.03769e-05 6.12824e-18)
(-2.0939e-07 -2.88982e-05 -3.39609e-17)
(-2.41286e-06 -2.75208e-05 -1.95474e-18)
(-4.34681e-06 -2.62546e-05 3.66863e-17)
(-6.02669e-06 -2.50313e-05 -1.17801e-18)
(-7.46109e-06 -2.38996e-05 -3.82638e-18)
(-8.66934e-06 -2.2806e-05 -4.74839e-17)
(-9.66853e-06 -2.17863e-05 -6.82103e-19)
(-1.04795e-05 -2.07912e-05 -7.1178e-17)
(-1.11223e-05 -1.9854e-05 -3.58698e-17)
(-1.16135e-05 -1.89308e-05 -1.69957e-17)
(-1.19748e-05 -1.80512e-05 1.59783e-17)
(-1.22196e-05 -1.71814e-05 -3.66982e-17)
(-1.2368e-05 -1.6347e-05 6.33792e-17)
(-1.24285e-05 -1.55066e-05 -9.27524e-17)
(-1.24198e-05 -1.46997e-05 -6.27505e-17)
(-1.23501e-05 -1.39057e-05 5.21858e-17)
(-1.22355e-05 -1.31496e-05 -4.33499e-17)
(-1.20789e-05 -1.23914e-05 1.73053e-17)
(-1.18955e-05 -1.16749e-05 -6.12273e-17)
(-1.16905e-05 -1.09789e-05 3.96065e-17)
(-1.14785e-05 -1.03518e-05 5.00686e-18)
(-1.12561e-05 -9.73109e-06 3.62606e-17)
(-1.10352e-05 -9.17778e-06 1.15371e-16)
(-1.08175e-05 -8.65131e-06 -9.17014e-17)
(-1.06e-05 -8.1603e-06 2.73649e-20)
(-1.03948e-05 -7.68678e-06 -1.38992e-16)
(-1.01914e-05 -7.24565e-06 1.09885e-17)
(-1.00001e-05 -6.79262e-06 2.36083e-17)
(-9.80292e-06 -6.35647e-06 -9.57416e-17)
(-9.61636e-06 -5.89831e-06 1.49495e-16)
(-9.42025e-06 -5.46215e-06 3.15567e-17)
(-9.21854e-06 -5.02002e-06 4.55274e-17)
(-9.00965e-06 -4.59399e-06 -9.94084e-18)
(-8.87606e-06 -4.139e-06 -9.15833e-17)
(-8.52676e-06 -3.63591e-06 2.42772e-17)
)
;

boundaryField
{
    inlet
    {
        type            calculated;
        value           nonuniform List<vector> 
13
(
(6.34145e-08 0.629021 -6.32217e-16)
(1.17714e-08 0.633725 -1.25381e-15)
(3.35917e-09 0.635562 -6.62606e-16)
(-2.36678e-10 0.635393 2.37662e-15)
(9.27962e-10 0.635102 -1.31034e-16)
(7.63237e-09 0.640961 -6.26945e-16)
(3.39778e-08 0.661825 -8.63899e-16)
(1.2187e-07 0.730915 -3.35963e-15)
(2.6921e-07 0.793603 9.78967e-15)
(1.78393e-07 0.786329 4.13602e-16)
(8.0413e-08 0.751515 -3.54632e-15)
(-2.44421e-08 0.727146 5.79026e-16)
(-7.20909e-08 0.712693 2.95405e-16)
)
;
    }
    outlet
    {
        type            calculated;
        value           nonuniform List<vector> 0();
    }
    walls
    {
        type            calculated;
        value           nonuniform List<vector> 4((-0.313495 2.46581 1.1997e-15) (-0.298908 2.09415 -2.2529e-15) (-0.296386 1.86383 -1.14606e-14) (0.112198 -0.614353 -2.11611e-14));
    }
    frontAndBack
    {
        type            empty;
    }
    procBoundary2to1
    {
        type            processor;
        value           nonuniform List<vector> 
84
(
(8.29371e-05 1.97862e-06 -2.90629e-15)
(6.25219e-05 2.47212e-06 7.65844e-16)
(8.32156e-05 -9.01646e-06 1.86777e-15)
(-0.000634664 -0.00228731 -3.23446e-15)
(0.000285276 0.00339659 -9.27953e-16)
(0.000454269 -0.00112004 1.39497e-15)
(7.87088e-05 3.04035e-05 -3.16307e-15)
(7.06978e-05 -4.98853e-07 2.49807e-15)
(6.90317e-05 4.67222e-06 4.6305e-15)
(6.8138e-05 5.15758e-06 -6.47508e-15)
(6.75886e-05 5.72612e-06 2.72918e-15)
(6.69901e-05 6.731e-06 2.59544e-15)
(6.63195e-05 7.78238e-06 -8.87363e-15)
(6.56145e-05 8.80811e-06 2.1402e-15)
(6.48167e-05 9.79321e-06 8.07287e-15)
(6.39408e-05 1.07015e-05 -1.42097e-14)
(6.29215e-05 1.1656e-05 7.21068e-15)
(6.17909e-05 1.25029e-05 7.72357e-15)
(6.05615e-05 1.35589e-05 -8.0833e-15)
(5.91754e-05 1.45638e-05 4.35023e-16)
(5.76522e-05 1.56182e-05 3.89942e-15)
(5.58908e-05 1.67416e-05 -2.95652e-15)
(5.3983e-05 1.80963e-05 4.56467e-15)
(5.18349e-05 1.95078e-05 -1.9348e-15)
(4.95958e-05 2.0913e-05 4.68893e-15)
(4.71282e-05 2.23399e-05 -7.042e-15)
(4.45848e-05 2.36922e-05 5.98603e-15)
(4.18521e-05 2.50078e-05 4.8513e-17)
(3.9098e-05 2.61061e-05 -4.30251e-16)
(3.62417e-05 2.70798e-05 -4.34678e-15)
(3.34048e-05 2.77464e-05 6.53312e-15)
(3.04903e-05 2.82366e-05 -2.61481e-15)
(2.76692e-05 2.83824e-05 -1.44376e-15)
(2.49597e-05 2.83819e-05 -8.18035e-15)
(2.24153e-05 2.80862e-05 9.64206e-15)
(1.99918e-05 2.76668e-05 -3.80369e-15)
(1.77593e-05 2.70812e-05 -1.26855e-15)
(1.55754e-05 2.61553e-05 1.16497e-15)
(1.55754e-05 2.61553e-05 1.16497e-15)
(1.50267e-05 2.15171e-05 -1.19993e-15)
(1.36112e-05 2.06877e-05 6.98096e-15)
(1.23253e-05 1.982e-05 -5.59718e-15)
(1.11124e-05 1.89407e-05 -2.43748e-15)
(9.98211e-06 1.79729e-05 4.61857e-15)
(8.93191e-06 1.69827e-05 1.1231e-15)
(7.9596e-06 1.59554e-05 -1.17125e-15)
(7.07514e-06 1.49251e-05 -1.07452e-16)
(6.27359e-06 1.38918e-05 5.77681e-16)
(5.56319e-06 1.29018e-05 1.41316e-15)
(4.91689e-06 1.19738e-05 -1.769e-15)
(4.3678e-06 1.1147e-05 3.05627e-15)
(3.86772e-06 1.03825e-05 -6.41738e-16)
(3.49384e-06 9.61218e-06 -9.33825e-16)
(3.49384e-06 9.61218e-06 -9.33825e-16)
(4.09596e-06 8.67551e-06 1.76221e-16)
(3.85783e-06 7.88525e-06 -6.39614e-16)
(3.63545e-06 7.09267e-06 -1.13471e-16)
(3.22415e-06 6.3777e-06 1.01895e-15)
(2.91934e-06 5.69945e-06 1.97768e-15)
(2.50836e-06 5.10014e-06 -1.14093e-15)
(2.17553e-06 4.55353e-06 2.21566e-16)
(1.74462e-06 4.07682e-06 7.64504e-16)
(1.40217e-06 3.65822e-06 1.24066e-15)
(1.40217e-06 3.65822e-06 1.24066e-15)
(1.48107e-06 3.14715e-06 -3.88507e-16)
(1.19131e-06 2.88661e-06 2.36909e-16)
(9.78595e-07 2.62913e-06 -1.07758e-15)
(7.81154e-07 2.40616e-06 8.68619e-16)
(6.64856e-07 2.21444e-06 -2.23714e-16)
(5.59297e-07 2.04983e-06 8.64828e-16)
(5.31862e-07 1.92077e-06 -5.07735e-16)
(4.7373e-07 1.79958e-06 1.32404e-16)
(4.35169e-07 1.65977e-06 -2.30066e-17)
(3.55093e-07 1.49783e-06 1.18779e-15)
(3.55093e-07 1.49783e-06 1.18779e-15)
(3.89016e-07 1.27605e-06 -6.40931e-16)
(2.94721e-07 1.06445e-06 -8.12725e-17)
(2.42606e-07 8.98236e-07 1.02562e-16)
(2.16787e-07 7.89989e-07 2.17555e-16)
(2.0986e-07 7.12e-07 -8.21359e-17)
(1.87379e-07 6.77133e-07 9.00818e-17)
(1.59749e-07 6.8348e-07 -3.044e-16)
(1.12998e-07 7.29912e-07 -5.35892e-17)
(8.17472e-08 9.66729e-07 -5.3771e-16)
)
;
    }
    procBoundary2to3
    {
        type            processor;
        value           nonuniform List<vector> 
88
(
(-1.17986e-07 5.71574e-07 6.04182e-16)
(-1.12397e-07 8.41436e-07 -1.95206e-15)
(-1.4888e-07 6.84828e-07 5.94285e-15)
(-1.17986e-07 5.71574e-07 6.04182e-16)
(-1.32273e-07 6.81296e-07 7.89907e-16)
(-1.96095e-07 7.3733e-07 9.75806e-17)
(-1.4888e-07 6.84828e-07 5.94285e-15)
(-1.78093e-07 6.89894e-07 6.32717e-16)
(-3.45191e-07 1.08767e-06 -1.32703e-15)
(-2.88344e-07 9.41391e-07 2.7691e-15)
(-1.96095e-07 7.3733e-07 9.75806e-17)
(-2.2462e-07 8.40625e-07 8.46664e-18)
(-7.5726e-07 1.64648e-06 2.16822e-16)
(-6.57302e-07 1.47596e-06 -2.65777e-16)
(-5.75108e-07 1.3831e-06 1.83284e-16)
(-4.96508e-07 1.30415e-06 1.12157e-15)
(-3.45191e-07 1.08767e-06 -1.32703e-15)
(-4.10853e-07 1.19007e-06 -4.12136e-16)
(-1.97075e-06 1.62607e-06 -9.60082e-16)
(-1.6902e-06 1.68714e-06 2.21607e-16)
(-1.40157e-06 1.69768e-06 3.47361e-16)
(-1.18538e-06 1.7092e-06 1.11303e-15)
(-7.5726e-07 1.64648e-06 2.16822e-16)
(-9.74986e-07 1.64882e-06 1.0263e-15)
(-4.39424e-06 9.52284e-07 4.63417e-16)
(-4.0066e-06 1.06054e-06 8.07182e-16)
(-3.65094e-06 1.09105e-06 9.94097e-16)
(-3.32203e-06 1.08771e-06 -2.56764e-16)
(-3.00099e-06 1.05074e-06 7.7164e-16)
(-2.72041e-06 1.09465e-06 -7.49332e-16)
(-1.97075e-06 1.62607e-06 -9.60082e-16)
(-2.40719e-06 1.17062e-06 -2.28977e-15)
(-8.04553e-06 -3.11331e-06 -2.39419e-16)
(-7.77366e-06 -2.6725e-06 2.68118e-16)
(-7.51793e-06 -2.31852e-06 -1.10564e-16)
(-7.22884e-06 -1.98382e-06 -2.15847e-16)
(-6.93617e-06 -1.66821e-06 7.03281e-16)
(-6.61431e-06 -1.36076e-06 -5.63936e-16)
(-6.28971e-06 -1.06404e-06 9.91852e-17)
(-5.9423e-06 -7.74495e-07 6.16038e-16)
(-5.59396e-06 -5.03244e-07 -6.14696e-16)
(-5.22054e-06 -2.45386e-07 -1.85817e-15)
(-4.90212e-06 2.02005e-08 3.37783e-17)
(-4.39424e-06 9.52284e-07 4.63417e-16)
(-4.63868e-06 2.99792e-07 -3.54436e-16)
(2.88816e-05 -4.40698e-05 -2.39067e-17)
(2.7111e-05 -4.27696e-05 -2.76967e-18)
(2.50907e-05 -4.1398e-05 -2.61456e-17)
(2.28169e-05 -3.99913e-05 -1.17638e-17)
(2.03402e-05 -3.85047e-05 -8.89267e-18)
(1.77364e-05 -3.70016e-05 2.48385e-17)
(1.51267e-05 -3.55011e-05 6.72004e-17)
(1.25397e-05 -3.40351e-05 -2.89411e-17)
(1.00621e-05 -3.2586e-05 -5.4106e-17)
(7.69624e-06 -3.11585e-05 2.5329e-17)
(5.50631e-06 -2.9744e-05 -5.02823e-17)
(3.4722e-06 -2.8365e-05 -6.09805e-17)
(1.64457e-06 -2.70191e-05 -5.36789e-17)
(-1.74908e-08 -2.57118e-05 -1.08101e-16)
(-1.47096e-06 -2.44515e-05 -1.02432e-17)
(-2.77013e-06 -2.32297e-05 -8.98241e-17)
(-3.87478e-06 -2.20532e-05 -5.33865e-17)
(-4.84891e-06 -2.09078e-05 -1.20518e-16)
(-5.65081e-06 -1.98118e-05 -1.00079e-17)
(-6.34976e-06 -1.87544e-05 1.40507e-16)
(-6.89926e-06 -1.77313e-05 1.41575e-16)
(-7.37198e-06 -1.67267e-05 -8.45745e-17)
(-7.71707e-06 -1.57674e-05 5.85506e-17)
(-8.01065e-06 -1.48468e-05 1.26189e-16)
(-8.19481e-06 -1.39543e-05 1.149e-17)
(-8.34663e-06 -1.30797e-05 -1.07146e-16)
(-8.40737e-06 -1.22451e-05 -7.398e-18)
(-8.4545e-06 -1.14611e-05 2.56456e-17)
(-8.42819e-06 -1.07163e-05 -1.19015e-17)
(-8.40117e-06 -9.99604e-06 -9.52163e-17)
(-8.32111e-06 -9.32409e-06 8.13013e-17)
(-8.25306e-06 -8.70298e-06 -2.40963e-16)
(-8.14174e-06 -8.08777e-06 -9.33857e-17)
(-8.0521e-06 -7.53209e-06 1.70038e-16)
(-7.93578e-06 -7.0002e-06 3.12999e-17)
(-7.83776e-06 -6.50944e-06 2.10384e-17)
(-7.72283e-06 -6.037e-06 -3.25532e-17)
(-7.61181e-06 -5.60721e-06 4.52536e-17)
(-7.49966e-06 -5.22605e-06 2.55545e-16)
(-7.33429e-06 -4.84019e-06 -9.47059e-17)
(-7.3179e-06 -4.52285e-06 2.14529e-18)
(-8.04553e-06 -3.11331e-06 -2.39419e-16)
(-7.65366e-06 -4.1314e-06 1.81468e-17)
)
;
    }
    procBoundary2to6
    {
        type            processor;
        value           nonuniform List<vector> 
13
(
(-0.0322792 -0.0247727 -5.98675e-14)
(0.0806203 -0.00856331 1.85695e-14)
(-0.00178083 -0.000329215 2.67418e-16)
(0.00212379 -0.000524026 -4.87523e-17)
(-0.000102813 -0.00016598 8.8493e-17)
(-0.000670321 -0.000105252 2.25275e-17)
(-0.000230507 1.18784e-05 6.89664e-18)
(-0.000125812 1.61442e-05 5.09726e-18)
(-6.79267e-05 -3.5286e-07 2.90316e-17)
(-4.42183e-05 -9.76105e-06 4.13899e-18)
(6.34314e-07 -2.97298e-05 8.97107e-18)
(1.11021e-05 -3.54243e-05 -1.19745e-18)
(2.15112e-05 -3.96723e-05 -1.68648e-17)
)
;
    }
}


// ************************************************************************* //
