/*--------------------------------*- C++ -*----------------------------------*\
| =========                 |                                                 |
| \\      /  F ield         | OpenFOAM: The Open Source CFD Toolbox           |
|  \\    /   O peration     | Version:  2506                                  |
|   \\  /    A nd           | Website:  www.openfoam.com                      |
|    \\/     M anipulation  |                                                 |
\*---------------------------------------------------------------------------*/
FoamFile
{
    version     2.0;
    format      ascii;
    arch        "LSB;label=32;scalar=64";
    class       volScalarField;
    location    "180.017606233241935";
    object      p;
}
// * * * * * * * * * * * * * * * * * * * * * * * * * * * * * * * * * * * * * //

dimensions      [0 2 -2 0 0 0 0];

internalField   nonuniform List<scalar> 
9700
(
0.0020817
0.00210102
0.00500303
0.00211474
0.0050368
0.00889655
0.0021571
0.00506204
0.00895434
0.0124702
0.0021987
0.00513403
0.00901268
0.0125454
0.016079
0.00226776
0.00520644
0.00914474
0.0126309
0.0161708
0.0195884
0.00234569
0.00532022
0.00929404
0.0128082
0.0162827
0.019694
0.0230282
0.00245308
0.0054458
0.00951326
0.013018
0.0165034
0.0198286
0.0231452
0.0263772
0.0025824
0.00560983
0.00977005
0.0133169
0.0167717
0.0200859
0.023299
0.0265032
0.0296359
0.00274946
0.00579562
0.0101005
0.0136736
0.0171475
0.0204039
0.0235869
0.026672
0.0297683
0.0327983
0.00295414
0.00601935
0.010491
0.0141275
0.0176012
0.0208444
0.0239464
0.0269837
0.0299481
0.0329346
0.0358619
0.00321766
0.00627619
0.0109669
0.0146678
0.0181753
0.02138
0.0244407
0.0273753
0.0302767
0.0331214
0.036
0.0388269
0.00362845
0.00656877
0.0115256
0.0153233
0.0188633
0.0220552
0.0250441
0.0279107
0.030691
0.0334601
0.03619
0.0389648
0.0416947
0.00432767
0.00687865
0.0121824
0.0160943
0.0196982
0.0228676
0.025803
0.0285658
0.0312547
0.0338877
0.0365327
0.0391548
0.0418309
0.044466
0.0051349
0.00718392
0.0129356
0.0169986
0.0206862
0.0238541
0.0267186
0.0293877
0.0319444
0.0344669
0.0369648
0.0394961
0.0420182
0.0445994
0.0471423
0.00532651
0.00742598
0.0137687
0.0180309
0.0218525
0.0250277
0.0278319
0.0303808
0.0328078
0.0351744
0.0375474
0.0399249
0.0423537
0.0447821
0.0472725
0.0497277
0.00390123
0.00755662
0.0145967
0.0191903
0.0231994
0.0264219
0.0291626
0.0315893
0.0338508
0.0360568
0.0382564
0.0405003
0.0427731
0.0451088
0.0474494
0.0498545
0.0522239
0.00162381
0.00738637
0.0152829
0.0204311
0.024735
0.0280499
0.0307538
0.0330392
0.0351194
0.0371206
0.0391365
0.0411965
0.0433328
0.0455144
0.0477656
0.0500252
0.0523475
0.0546324
-0.00257501
0.00716283
0.0153382
0.0216674
0.0264183
0.0299372
0.0326319
0.0347823
0.0366446
0.0384118
0.0401926
0.042055
0.0440044
0.0460524
0.048155
0.0503306
0.0525123
0.0547535
0.0569564
-0.00937877
0.00381479
0.0136852
0.0225057
0.0281804
0.032065
0.0348416
0.0368587
0.0384845
0.0399633
0.0414686
0.0430771
0.0448255
0.0466914
0.0486682
0.0507034
0.0528078
0.0549133
0.0570756
0.0591966
-0.0165352
-0.00353577
0.00839367
0.0219152
0.0297055
0.0344116
0.0373883
0.0393337
0.040691
0.0418363
0.0429954
0.0443025
0.045792
0.0474641
0.0492706
0.0511917
0.0531654
0.0552005
0.0572317
0.0593146
0.061353
-0.020814
-0.0157673
2.35694e-06
0.0181493
0.0302929
0.0367959
0.0402955
0.0422425
0.0433463
0.0440899
0.0448337
0.045756
0.0469369
0.0483598
0.0499897
0.0517577
0.0536314
0.0555459
0.0575129
0.0594681
0.0614705
0.0634269
-0.0215498
-0.0262568
-0.0164879
0.00815836
0.028129
0.0387846
0.0434887
0.045651
0.0465138
0.0468169
0.0470423
0.0474926
0.0482749
0.0494029
0.0508073
0.0524238
0.0541651
0.055994
0.0578496
0.0597458
0.0616228
0.0635441
0.065419
-0.018984
-0.0337398
-0.0322653
-0.00646157
0.0197411
0.0390846
0.046792
0.0495602
0.0502948
0.0501019
0.0497162
0.049562
0.0498501
0.0505944
0.0517382
0.0531648
0.0547844
0.0565024
0.0582857
0.0600778
0.061899
0.063696
0.065536
0.067329
-0.0140805
-0.0381873
-0.0447025
-0.0241272
0.00860581
0.0357228
0.0494468
0.0539653
0.0547455
0.0540707
0.0529483
0.0520523
0.0516934
0.0519628
0.0527678
0.0539852
0.0554585
0.0570858
0.0587778
0.0605078
0.0622297
0.0639723
0.0656881
0.0674456
0.0691573
-0.00842788
-0.0364556
-0.0538392
-0.0403284
-0.00754549
0.0273702
0.0500379
0.0585708
0.0599438
0.0588174
0.0568725
0.0550468
0.0538754
0.0535114
0.0539048
0.0548552
0.0561823
0.0577094
0.0593388
0.060993
0.0626591
0.0643043
0.065965
0.0675978
0.0692729
0.0709057
-0.00479526
-0.0299815
-0.0508344
-0.0528331
-0.0245213
0.01425
0.0469668
0.0625788
0.0658628
0.0644512
0.0616008
0.0586654
0.0564469
0.0552813
0.05512
0.0557613
0.0569131
0.0583607
0.0599324
0.0615458
0.0631458
0.0647371
0.0662996
0.0678751
0.0694246
0.0710196
0.0725757
-0.00267643
-0.0236154
-0.0413791
-0.0535675
-0.0383192
-0.00042348
0.0383805
0.0645147
0.0721746
0.07103
0.0672472
0.0630093
0.0594912
0.0572674
0.0564125
0.0566402
0.0576155
0.0589884
0.0605419
0.0621308
0.0637031
0.0652317
0.0667379
0.0682123
0.069701
0.0711698
0.0726868
0.0741693
-0.0015497
-0.0160798
-0.0329356
-0.046929
-0.0446898
-0.0141208
0.0248955
0.0623702
0.0779536
0.0784424
0.0738466
0.0681567
0.0630468
0.0594874
0.0577097
0.0574406
0.0581956
0.0595399
0.0611127
0.0627305
0.0642988
0.0658031
0.0672438
0.068656
0.0700394
0.0714434
0.0728342
0.0742765
0.07569
-0.00112305
-0.00889162
-0.0223536
-0.0388751
-0.0426656
-0.0249558
0.0123374
0.0544734
0.0811186
0.0862712
0.081315
0.0740541
0.0670954
0.0618317
0.0589205
0.0580188
0.0585507
0.0598993
0.0615823
0.0632924
0.0649174
0.0664241
0.0678347
0.0691735
0.0704863
0.0717802
0.0731024
0.0744197
0.0757924
0.077142
-0.00087809
-0.00204399
-0.0125042
-0.0278113
-0.0372051
-0.0283814
0.00278595
0.0412591
0.0795647
0.0925311
0.0894091
0.0806131
0.0714439
0.0641004
0.0596856
0.0581373
0.0584655
0.0599238
0.0618266
0.0637518
0.0655132
0.0670835
0.0684894
0.0697847
0.0710128
0.0722265
0.073434
0.0746796
0.0759296
0.0772388
0.0785292
-0.000779619
0.00367382
-0.00216278
-0.0157528
-0.0285783
-0.0277311
-0.00423735
0.0283916
0.072504
0.0958409
0.0965709
0.0875191
0.0760184
0.0659318
0.0595469
0.0571244
0.0574815
0.0593345
0.0616844
0.063989
0.0660261
0.067746
0.069202
0.0704745
0.0716404
0.0727565
0.0738745
0.0750019
0.0761785
0.0773686
0.0786197
0.0798561
-0.000134119
0.00957699
0.00784994
-0.00307681
-0.0179339
-0.0236966
-0.00886496
0.0190804
0.0607551
0.0925766
0.102462
0.093521
0.080442
0.0673835
0.0579039
0.0542258
0.0546579
0.0574846
0.0608502
0.0638412
0.066351
0.0683611
0.0699499
0.0712425
0.0723604
0.073393
0.0744006
0.0754306
0.0764873
0.0776037
0.0787408
0.0799399
0.0811281
0.00185796
0.0160356
0.0172912
0.00920729
-0.00614698
-0.0172545
-0.0109437
0.0119993
0.0456454
0.0837678
0.100848
0.0979764
0.0839233
0.0681647
0.0551464
0.0485595
0.0486559
0.0530351
0.0585889
0.0630084
0.0663344
0.0688467
0.0706942
0.0720794
0.0731767
0.0741329
0.0750359
0.0759445
0.0768981
0.0778951
0.0789602
0.0800515
0.0812052
0.0823499
0.00446577
0.0220431
0.0259757
0.0206261
0.00561071
-0.00922787
-0.0107538
0.00553016
0.0331711
0.0682209
0.0930605
0.0963084
0.0853302
0.0680152
0.051194
0.0407355
0.0389294
0.0438483
0.0533075
0.0607508
0.0656992
0.0690694
0.0713809
0.072957
0.0740926
0.0749826
0.0757813
0.0765669
0.077391
0.0782824
0.0792309
0.0802538
0.0813069
0.0824205
0.0835258
0.00640672
0.0277449
0.0336492
0.0307798
0.0165516
-0.000636879
-0.00888378
-0.000115047
0.021482
0.0536787
0.0775926
0.0892722
0.0823617
0.0662577
0.0464603
0.0311214
0.0261489
0.0297665
0.0427358
0.0554086
0.0637351
0.0687963
0.0719006
0.0738499
0.075088
0.0759572
0.0766448
0.0773014
0.0779886
0.0787462
0.0795901
0.0805016
0.0814916
0.0825125
0.0835905
0.0846602
0.00990794
0.0348261
0.0405458
0.0392001
0.0259936
0.0073721
-0.00645699
-0.00464245
0.0106752
0.0376481
0.0627145
0.0742952
0.0748569
0.0614166
0.0408273
0.0210165
0.0105465
0.0134041
0.0264276
0.0451455
0.0588564
0.0674115
0.0720783
0.0746689
0.0761645
0.0770403
0.0776506
0.0781563
0.0786951
0.0793075
0.0800178
0.0808294
0.0817156
0.0826801
0.0836735
0.0847199
0.085757
0.0152353
0.0376256
0.0467328
0.0454079
0.0334017
0.0140438
-0.00440247
-0.00840954
9.5281e-05
0.0209524
0.044679
0.0601152
0.0613701
0.0527897
0.0341822
0.0109025
-0.00528483
-0.00726688
0.0058487
0.0298039
0.0491319
0.0636134
0.0714294
0.0752956
0.077246
0.0782586
0.0787822
0.079162
0.0795183
0.0799697
0.0805334
0.0812162
0.0820106
0.0828807
0.0838252
0.084795
0.0858127
0.0868186
0.0184696
0.0325057
0.0477857
0.0495339
0.037478
0.0189516
-0.00262407
-0.0121767
-0.0106748
0.00362108
0.0247193
0.0416325
0.0491468
0.0418301
0.0258015
0.00211038
-0.0202687
-0.0284256
-0.0187654
0.00580249
0.0337384
0.0554534
0.0690054
0.0753513
0.0782652
0.0795404
0.0800892
0.080299
0.0804911
0.0807395
0.0811371
0.081679
0.0823539
0.0831433
0.0840042
0.0849332
0.0858814
0.0868716
0.0878468
0.0186459
0.0257958
0.0427549
0.048411
0.0387314
0.0198286
-0.00225004
-0.0167797
-0.021759
-0.0140966
0.00313956
0.0207461
0.0319013
0.0325306
0.0179948
-0.00648938
-0.0318279
-0.0485345
-0.0442986
-0.0216411
0.0110944
0.041012
0.0632313
0.0742018
0.0789158
0.0808649
0.081494
0.0816366
0.0815908
0.0816476
0.0818347
0.0822139
0.0827602
0.0834435
0.0842369
0.0850935
0.0860089
0.0869356
0.0878981
0.088843
0.0139865
0.0207991
0.0353804
0.0421742
0.0361362
0.018367
-0.00354613
-0.0226861
-0.0338879
-0.031865
-0.0191088
-0.00217534
0.0121415
0.0183163
0.0115454
-0.00994848
-0.041209
-0.0634212
-0.0693696
-0.0503453
-0.0160692
0.0214776
0.0525191
0.0707033
0.0787962
0.0819691
0.083024
0.083082
0.0828981
0.0826698
0.0826499
0.0828245
0.0832203
0.0837932
0.0844972
0.0853006
0.0861546
0.0870556
0.0879593
0.0888938
0.0898075
0.00819577
0.0161178
0.0284838
0.0335816
0.030659
0.0154382
-0.00673612
-0.0291018
-0.045645
-0.049286
-0.0411754
-0.0257025
-0.00923275
0.00180701
0.00247807
-0.012041
-0.0411472
-0.0738753
-0.0869633
-0.0783742
-0.0456301
-0.00292537
0.0364473
0.0635362
0.0771988
0.0825846
0.0844314
0.0847157
0.0843057
0.0838862
0.0835596
0.083525
0.083735
0.0841778
0.0847943
0.0855267
0.0863418
0.0871913
0.088075
0.0889538
0.0898586
0.0907398
0.00499449
0.0121474
0.0217926
0.0265287
0.0237879
0.0109251
-0.0112458
-0.0365255
-0.0555324
-0.0655352
-0.0618071
-0.0486942
-0.0310461
-0.0155059
-0.00820882
-0.0144128
-0.0399916
-0.0711442
-0.100394
-0.0971499
-0.0736896
-0.0307695
0.015538
0.0519187
0.0731545
0.0823041
0.0855165
0.0862816
0.0859381
0.0851855
0.0846295
0.0842931
0.0843069
0.0845944
0.0851081
0.0857788
0.0865418
0.0873651
0.0882053
0.0890681
0.0899186
0.0907916
0.0916394
0.00341721
0.00935693
0.0170792
0.0206178
0.018815
0.00685707
-0.0144492
-0.0410949
-0.0656288
-0.0781496
-0.0801373
-0.0694217
-0.051778
-0.0326821
-0.0192191
-0.0170889
-0.0366611
-0.0670135
-0.0970539
-0.116516
-0.0945171
-0.0573078
-0.00881234
0.035671
0.0657673
0.0805132
0.0859677
0.087626
0.0875145
0.0867063
0.0857559
0.085171
0.0849116
0.0850334
0.0854322
0.0860322
0.0867597
0.0875485
0.0883726
0.0891974
0.0900341
0.0908527
0.0916923
0.0925061
0.00256383
0.00763061
0.0134289
0.0169565
0.0154074
0.00534957
-0.0145607
-0.0417439
-0.0692473
-0.0903603
-0.0932942
-0.0867494
-0.0697013
-0.0482612
-0.0294053
-0.0197721
-0.0327665
-0.0583095
-0.0905465
-0.113968
-0.11687
-0.0793141
-0.0326887
0.0158798
0.0543636
0.0764624
0.085449
0.0884452
0.0889433
0.0881536
0.0870569
0.0860661
0.0855657
0.0854649
0.0857442
0.0862765
0.0869679
0.0877451
0.0885492
0.0893646
0.0901659
0.0909708
0.0917548
0.0925598
0.0933391
0.0021209
0.00637641
0.011178
0.0144513
0.0140544
0.00602454
-0.0112371
-0.0371416
-0.0666501
-0.092286
-0.10616
-0.0982079
-0.0834293
-0.0607918
-0.0377631
-0.022471
-0.0283575
-0.0479785
-0.0785015
-0.106275
-0.115863
-0.101219
-0.0544458
-0.0051634
0.0393559
0.0692396
0.0834791
0.0884655
0.0900525
0.0895358
0.0882471
0.0870532
0.0861832
0.0858803
0.0860084
0.086478
0.0871524
0.0879267
0.0887382
0.0895435
0.0903381
0.0911075
0.0918762
0.0926237
0.093393
0.0941379
0.00187756
0.00557595
0.00965379
0.0130145
0.0136912
0.00844095
-0.00528423
-0.0282385
-0.0569398
-0.0848839
-0.105901
-0.108231
-0.0911297
-0.068859
-0.0429457
-0.0247317
-0.022893
-0.0365202
-0.0635819
-0.0936158
-0.110686
-0.103225
-0.075168
-0.0271995
0.0214338
0.0585793
0.0791201
0.0873146
0.0901468
0.0906226
0.0893979
0.0878757
0.0867822
0.0861898
0.0861904
0.0865962
0.0872709
0.088077
0.088913
0.0897379
0.0905267
0.0912881
0.0920187
0.092748
0.0934577
0.0941914
0.0949033
0.00176896
0.00504522
0.00873994
0.011987
0.0138168
0.0112647
0.00197698
-0.0164796
-0.0423627
-0.0700935
-0.0932132
-0.10441
-0.0958409
-0.0712141
-0.0445783
-0.0252442
-0.0160454
-0.0238127
-0.0465333
-0.0767896
-0.0998843
-0.102959
-0.0811525
-0.0469686
0.00111267
0.0438694
0.0715609
0.0843352
0.0888842
0.0905596
0.0900279
0.0885596
0.0871322
0.0863519
0.0861843
0.0865693
0.0872745
0.0881503
0.0890564
0.0899245
0.090737
0.0914912
0.0922091
0.092896
0.0935838
0.094256
0.0949555
0.0956361
0.00172831
0.00472001
0.00817259
0.0113323
0.0137863
0.0136793
0.00831842
-0.00462941
-0.02523
-0.050236
-0.0738261
-0.088956
-0.0870426
-0.0704851
-0.0428642
-0.0227423
-0.00797777
-0.0100453
-0.0281081
-0.056694
-0.0837839
-0.095848
-0.0848918
-0.0565496
-0.0170373
0.0253627
0.0594776
0.078217
0.0861279
0.0889577
0.0896243
0.0885734
0.0871561
0.0861372
0.0858918
0.0862737
0.0870948
0.0880956
0.0891247
0.0900874
0.0909506
0.0917244
0.0924287
0.0930954
0.0937355
0.094382
0.0950188
0.095686
0.0963376
0.00173055
0.00451456
0.0078422
0.0109195
0.0136554
0.0150934
0.0133365
0.00512539
-0.0101536
-0.0288824
-0.0501408
-0.0665513
-0.0708393
-0.058808
-0.0387447
-0.0165035
0.00187151
0.00432115
-0.0090674
-0.0350373
-0.0635347
-0.082909
-0.0824697
-0.062656
-0.0336985
0.0100681
0.0416637
0.0679262
0.0799939
0.0856625
0.0876428
0.0875233
0.086365
0.0853458
0.085059
0.0855509
0.0865682
0.0878157
0.0890654
0.0901892
0.0911547
0.0919749
0.0926873
0.0933303
0.0939413
0.0945346
0.0951423
0.0957467
0.0963845
0.0970102
0.00170739
0.00437612
0.00764884
0.0106893
0.0135395
0.0157353
0.0162943
0.013193
0.00392886
-0.00924135
-0.0256935
-0.0413637
-0.0485284
-0.0425435
-0.026652
-0.00586904
0.0135111
0.0192412
0.00959171
-0.012871
-0.0413168
-0.0652772
-0.0746926
-0.0641755
-0.0446484
-0.0109185
0.026369
0.0504136
0.0703697
0.0787963
0.0834533
0.0847324
0.0842499
0.0834645
0.0833569
0.0840942
0.085495
0.0871572
0.0887788
0.0901801
0.091322
0.0922342
0.0929784
0.0936125
0.0941877
0.0947427
0.0952926
0.0958652
0.0964413
0.0970535
0.0976567
0.00170721
0.00427393
0.00751327
0.0105576
0.0134918
0.0160264
0.0178051
0.0177234
0.0141932
0.00678304
-0.00332628
-0.0167986
-0.0244125
-0.0225425
-0.0104918
0.00752566
0.0289623
0.0335736
0.0276689
0.00820376
-0.0185728
-0.0450512
-0.062129
-0.0611717
-0.0508369
-0.0250163
0.000151771
0.03372
0.0526922
0.0685512
0.0756255
0.0793468
0.0800533
0.0797932
0.0801602
0.0814459
0.0834936
0.085891
0.0881171
0.0899712
0.0914092
0.0924877
0.0932978
0.0939413
0.0944879
0.0949947
0.095498
0.0960095
0.0965524
0.0971051
0.0976957
0.0982797
0.0017116
0.0042034
0.00745763
0.0104736
0.013471
0.0162199
0.0185395
0.0200449
0.0199158
0.0170283
0.0116593
0.00347239
-0.00252477
-0.00192699
0.00662034
0.0224114
0.0400259
0.0524683
0.0436302
0.0280645
0.00292574
-0.0242195
-0.0463065
-0.0546052
-0.0513748
-0.0373823
-0.0160441
0.0046198
0.0337978
0.0504035
0.0640298
0.0702462
0.0728547
0.073464
0.0744683
0.0767514
0.0799418
0.0835541
0.0868112
0.0894211
0.0913484
0.092701
0.0936443
0.0943163
0.094846
0.0953044
0.0957482
0.0962069
0.0966872
0.0972069
0.0977414
0.0983144
0.0988822
0.00171054
0.00415749
0.00740374
0.0104215
0.0134541
0.01634
0.0189804
0.0211926
0.0227202
0.0230832
0.0213114
0.0180457
0.0146358
0.0156834
0.022249
0.0351089
0.0513986
0.062588
0.0646289
0.0446094
0.0232266
-0.00391361
-0.0290771
-0.045215
-0.0487265
-0.0461707
-0.0323052
-0.0131811
0.00456462
0.0294062
0.045541
0.0571176
0.061855
0.0635406
0.0652882
0.0687476
0.0736564
0.0793813
0.0844322
0.0882716
0.0910129
0.0928338
0.0939927
0.0947488
0.0952643
0.0956793
0.0960571
0.0964476
0.0968714
0.0973291
0.0978323
0.0983537
0.0989127
0.0994674
0.00171616
0.00411527
0.00736771
0.0103743
0.0134377
0.0164031
0.0192421
0.0218393
0.0241228
0.0259524
0.0270258
0.0269152
0.0269148
0.0286935
0.034323
0.04488
0.0590051
0.0718164
0.0749993
0.0660844
0.0388749
0.0151992
-0.0115643
-0.033708
-0.0453534
-0.052974
-0.0465896
-0.0325889
-0.014161
-8.20152e-05
0.0234096
0.0382703
0.0466735
0.0497038
0.0515921
0.0562152
0.0630266
0.0718914
0.0801276
0.0861181
0.0901851
0.0927816
0.0943323
0.0952204
0.0957641
0.096123
0.0964339
0.096745
0.0970953
0.0974958
0.0979398
0.0984329
0.0989455
0.099494
0.100038
0.00171047
0.0040925
0.00732803
0.0103384
0.0134075
0.0164252
0.019378
0.0222107
0.0248778
0.027384
0.0296822
0.0316844
0.0336827
0.0367613
0.0420805
0.0510732
0.0632135
0.0754614
0.0830147
0.0777189
0.059762
0.0289979
0.00446449
-0.0213309
-0.0411889
-0.0571741
-0.0589128
-0.0510162
-0.0361638
-0.0176256
-0.00463245
0.0157715
0.0270539
0.0315901
0.0337181
0.0379136
0.0460625
0.058652
0.0722201
0.0821135
0.0885044
0.0923894
0.0945807
0.0957481
0.0963304
0.0966639
0.0968825
0.0971083
0.0973711
0.0976967
0.0980858
0.0985244
0.099013
0.0995208
0.100061
0.100597
0.00171724
0.00406081
0.00730622
0.0102944
0.0133763
0.0164099
0.0194317
0.0223938
0.0252919
0.028126
0.0309599
0.0338584
0.0369871
0.0408514
0.0462219
0.0539993
0.0643928
0.0757581
0.0847023
0.0857719
0.0730154
0.0483831
0.0160074
-0.0101558
-0.0358673
-0.0584213
-0.0687116
-0.0682336
-0.0576201
-0.0410707
-0.0218116
-0.00808878
0.00403885
0.010475
0.0115956
0.0149845
0.0230514
0.0370968
0.0580483
0.0743108
0.0851512
0.0913569
0.094652
0.0962637
0.0970036
0.0972867
0.0974342
0.0975406
0.0977065
0.0979423
0.098259
0.0986478
0.0990886
0.0995775
0.100083
0.100617
0.101144
0.00170766
0.00405428
0.00727024
0.0102661
0.0133298
0.0163801
0.0194242
0.0224597
0.0254781
0.0285001
0.0315738
0.0348181
0.0384034
0.0425951
0.0478525
0.054763
0.0636037
0.0736778
0.0829879
0.0874772
0.0818839
0.0629664
0.0325603
-0.00115531
-0.0301555
-0.0581564
-0.0759713
-0.0832977
-0.0785721
-0.0635626
-0.0438847
-0.0242133
-0.0162905
-0.0134361
-0.0119292
-0.0121409
-0.0042295
0.0104494
0.0374728
0.0602361
0.078092
0.0889748
0.0942956
0.0967431
0.0977165
0.0980493
0.0980719
0.0980729
0.0981035
0.0982376
0.0984679
0.0987906
0.0991891
0.099638
0.10013
0.100635
0.101164
0.101683
0.00171554
0.00402825
0.00726211
0.0102225
0.0132953
0.0163275
0.019389
0.022445
0.0255251
0.0286353
0.0318276
0.0351912
0.03889
0.0431279
0.0481648
0.0543542
0.0619571
0.0707238
0.0793023
0.08568
0.0847057
0.0731963
0.0481537
0.0120001
-0.0239198
-0.0566088
-0.0815084
-0.0954669
-0.0973527
-0.0859296
-0.0662668
-0.0446966
-0.029667
-0.0302399
-0.0377281
-0.0390211
-0.036549
-0.0198748
0.00763331
0.040189
0.0649846
0.0834523
0.0929551
0.0969635
0.0984974
0.0988739
0.0988632
0.0986852
0.0985887
0.0985831
0.0987141
0.0989591
0.0993011
0.0997172
0.100178
0.100675
0.101179
0.101702
0.102212
0.00170833
0.00403374
0.00722951
0.0102076
0.0132436
0.0162832
0.0193244
0.0223927
0.0254819
0.0286271
0.0318571
0.0352498
0.0389229
0.0430519
0.0478237
0.05345
0.0600926
0.0676688
0.0755812
0.0818821
0.0844122
0.0780362
0.0600488
0.0281162
-0.0144625
-0.051943
-0.0847943
-0.104896
-0.11272
-0.106218
-0.0878127
-0.0654739
-0.0468903
-0.0413371
-0.0510485
-0.0677249
-0.0672182
-0.056644
-0.0273603
0.00998774
0.0439522
0.0726882
0.08916
0.0964991
0.0991197
0.099834
0.0997151
0.0994466
0.0991409
0.0989989
0.0989961
0.0991508
0.0994283
0.0998002
0.100239
0.100713
0.101215
0.101716
0.102232
0.102732
0.00401829
0.00723507
0.0101684
0.0132211
0.0162208
0.0192654
0.0223075
0.0253973
0.0285307
0.031757
0.0351232
0.0387243
0.042685
0.0471657
0.0523099
0.0582337
0.0648941
0.0718979
0.0783444
0.0819465
0.0800012
0.0677251
0.0417404
0.00257405
-0.0457854
-0.0818334
-0.111121
-0.123936
-0.122588
-0.107242
-0.0845947
-0.064366
-0.053186
-0.061014
-0.0778901
-0.0989469
-0.0901329
-0.0671598
-0.026145
0.0165297
0.0550562
0.0810022
0.0941835
0.0992551
0.10066
0.100738
0.100251
0.0998207
0.0994628
0.0993258
0.0993618
0.0995641
0.0998884
0.100297
0.10076
0.101247
0.101751
0.102247
0.102754
0.103241
0.00721494
0.0101706
0.0131747
0.0161883
0.0191883
0.0222273
0.0252807
0.028397
0.0315828
0.0348982
0.0384019
0.0421916
0.0463823
0.0511023
0.0564244
0.0623451
0.0686368
0.0746303
0.0791038
0.0795671
0.0724054
0.0528159
0.0183317
-0.0271456
-0.0782273
-0.109415
-0.131211
-0.133745
-0.122268
-0.10104
-0.079474
-0.0647374
-0.0688065
-0.0877347
-0.107171
-0.12498
-0.101455
-0.0653243
-0.0163587
0.030715
0.0669566
0.0883936
0.0979492
0.10113
0.101602
0.101228
0.100519
0.10002
0.0996802
0.0995947
0.0997021
0.0999711
0.100351
0.100799
0.101285
0.101782
0.102284
0.102772
0.103266
0.103737
0.0101468
0.0131729
0.0161331
0.019143
0.022131
0.0251717
0.0282373
0.0313833
0.0346246
0.0380266
0.0416502
0.0455852
0.0499245
0.0547441
0.0600369
0.0656656
0.0712397
0.0758471
0.0779384
0.0744932
0.0610515
0.0335043
-0.00864484
-0.0576741
-0.106254
-0.130029
-0.139795
-0.131294
-0.112649
-0.0914712
-0.0745799
-0.0754854
-0.0917148
-0.117271
-0.133859
-0.140427
-0.0995431
-0.0522672
0.000414495
0.0462592
0.0774785
0.0939731
0.100315
0.102233
0.102002
0.101354
0.100568
0.100087
0.0998275
0.0998352
0.100039
0.100388
0.100828
0.101313
0.101817
0.102317
0.102813
0.103287
0.103765
0.104219
0.0131453
0.0161261
0.0190772
0.0220693
0.0250506
0.0280915
0.0311697
0.0343453
0.0376377
0.0411107
0.0448212
0.0488418
0.0532292
0.0579973
0.0630581
0.0681309
0.0726921
0.0755828
0.0748342
0.0665843
0.0462149
0.0111981
-0.0359173
-0.0833566
-0.125082
-0.136931
-0.133936
-0.117755
-0.0986863
-0.0820452
-0.080456
-0.0939014
-0.117739
-0.144208
-0.151416
-0.142164
-0.0859217
-0.0319785
0.019644
0.0604081
0.0856378
0.097334
0.101502
0.10262
0.101941
0.101196
0.100456
0.100066
0.0999409
0.100077
0.100395
0.100829
0.101326
0.101842
0.102357
0.102853
0.103336
0.103792
0.104251
0.104684
0.0160943
0.0190636
0.0219905
0.0249689
0.0279403
0.0309797
0.0340685
0.0372685
0.0405985
0.0441167
0.0478704
0.0519033
0.0562313
0.0607999
0.0654427
0.0697459
0.0730486
0.0739199
0.0697844
0.0562126
0.0291875
-0.0111676
-0.0588604
-0.0978578
-0.130938
-0.127886
-0.116198
-0.0996066
-0.0864353
-0.0819533
-0.0944506
-0.115601
-0.143278
-0.162086
-0.153848
-0.129245
-0.0650408
-0.009889
0.0375184
0.0715458
0.0907014
0.0988436
0.101777
0.102348
0.101548
0.100828
0.100232
0.100004
0.100059
0.100347
0.100788
0.101305
0.10185
0.102387
0.102902
0.103386
0.103849
0.104283
0.104719
0.105128
0.0190269
0.0219689
0.0248746
0.0278348
0.0307934
0.0338282
0.0369224
0.0401349
0.0434821
0.0470132
0.0507568
0.0547237
0.0588881
0.0631225
0.0671926
0.0705605
0.0724124
0.071008
0.0631944
0.044507
0.0120365
-0.0292578
-0.0724368
-0.0991973
-0.121092
-0.107671
-0.0944999
-0.0859668
-0.0805406
-0.0904859
-0.111035
-0.13916
-0.163135
-0.166571
-0.141175
-0.105404
-0.0426582
0.00975535
0.051596
0.0786624
0.0929893
0.099156
0.101398
0.101653
0.100911
0.100322
0.099954
0.0999505
0.100219
0.100674
0.101235
0.101824
0.102402
0.102946
0.103449
0.103913
0.10435
0.104757
0.105167
0.105551
0.0219265
0.0248435
0.0277226
0.0306609
0.0336032
0.0366282
0.0397176
0.0429262
0.0462665
0.0497709
0.0534479
0.0572734
0.0611784
0.0649705
0.0683499
0.0706735
0.0709662
0.067205
0.0558676
0.0321652
-0.00210029
-0.039197
-0.0732842
-0.088926
-0.0992819
-0.0844527
-0.0787851
-0.0752669
-0.0816624
-0.102493
-0.130818
-0.158676
-0.171169
-0.156466
-0.119178
-0.0782251
-0.0225549
0.0249779
0.0606623
0.0820562
0.0933933
0.0987618
0.100581
0.10068
0.100095
0.0997473
0.0996844
0.0999551
0.100457
0.101079
0.101746
0.102387
0.10298
0.103514
0.103993
0.104428
0.104834
0.105211
0.105593
0.10595
0.0247947
0.0276807
0.0305289
0.0334413
0.0363624
0.0393685
0.0424397
0.0456263
0.0489304
0.0523666
0.0559234
0.0595388
0.063107
0.0663796
0.0689971
0.070243
0.0690149
0.063044
0.047877
0.0213708
-0.0090841
-0.0398159
-0.0622174
-0.0692864
-0.0724089
-0.0657583
-0.0633716
-0.0698349
-0.0897228
-0.118058
-0.147472
-0.167134
-0.163323
-0.13503
-0.0965102
-0.0537935
-0.00725122
0.0348547
0.064903
0.0829006
0.0928714
0.0978767
0.0993653
0.0994604
0.0991767
0.0991776
0.0994873
0.100067
0.100805
0.101578
0.102322
0.102991
0.103575
0.104084
0.104528
0.104926
0.105297
0.105642
0.105993
0.106323
0.0276246
0.0304748
0.0332881
0.0361698
0.0390618
0.042038
0.0450775
0.0482199
0.0514574
0.054787
0.0581742
0.061525
0.0647032
0.0674166
0.0692617
0.0695028
0.0668974
0.0589662
0.0407934
0.0194245
-0.00809261
-0.0308873
-0.0426398
-0.0452999
-0.0463576
-0.0480144
-0.0543776
-0.0739857
-0.100836
-0.131786
-0.155006
-0.161259
-0.143836
-0.112219
-0.0801456
-0.0349632
0.00157637
0.0398795
0.0656284
0.0824862
0.0920431
0.0965104
0.0977967
0.0980826
0.0982403
0.0986941
0.0994292
0.10033
0.101286
0.102174
0.102961
0.103626
0.10418
0.104647
0.105046
0.105403
0.105735
0.106047
0.106367
0.106668
0.030411
0.0332209
0.0359949
0.0388387
0.0416926
0.0446285
0.0476194
0.0506951
0.0538383
0.0570261
0.060205
0.063256
0.0660188
0.0681794
0.0693156
0.0687231
0.0650268
0.0560574
0.0409277
0.0216992
5.39428e-05
-0.0141391
-0.0190861
-0.0218991
-0.0232099
-0.0378232
-0.0550366
-0.0812166
-0.1111
-0.138152
-0.151104
-0.14528
-0.123212
-0.0985559
-0.0685283
-0.0246294
0.00462657
0.0418923
0.064315
0.081953
0.0907647
0.0946171
0.0959448
0.096643
0.0973871
0.0983853
0.0995759
0.100781
0.101907
0.102863
0.10365
0.104279
0.104781
0.105194
0.105542
0.105854
0.106146
0.106424
0.106714
0.106985
0.0331492
0.0359142
0.0386425
0.0414405
0.0442485
0.0471312
0.0500567
0.053046
0.0560693
0.0590881
0.0620341
0.0647723
0.067127
0.0687964
0.0693583
0.0682171
0.0642543
0.0560554
0.0438344
0.0261939
0.014255
0.00657412
0.00386205
-0.00170079
-0.00733182
-0.0364297
-0.0586793
-0.0884433
-0.116019
-0.134725
-0.138506
-0.127533
-0.111789
-0.0877506
-0.0659605
-0.022543
0.00489217
0.0432673
0.0648817
0.0809646
0.0887555
0.0922113
0.0939065
0.0952581
0.0967345
0.0983464
0.0999828
0.101435
0.102663
0.103627
0.104369
0.104933
0.105365
0.105715
0.106008
0.106275
0.106528
0.106772
0.107034
0.107275
0.0358345
0.0385484
0.0412244
0.0439706
0.0467227
0.0495394
0.0523854
0.0552699
0.0581538
0.0609876
0.0636921
0.0661282
0.0681193
0.0694116
0.0696141
0.0683725
0.065067
0.0582173
0.0475697
0.0378016
0.0311499
0.027191
0.0233886
0.0125674
-0.000235007
-0.0375566
-0.0628005
-0.0914675
-0.113192
-0.124554
-0.124132
-0.115716
-0.103957
-0.0858193
-0.0714065
-0.0241925
0.00353274
0.0420811
0.0648461
0.0789921
0.0858432
0.0893668
0.0918185
0.0940744
0.0964227
0.0986656
0.100677
0.102285
0.10353
0.10444
0.105095
0.10557
0.105921
0.106204
0.106441
0.106663
0.106879
0.107089
0.107322
0.107537
0.038461
0.0411177
0.0437371
0.0464233
0.04911
0.0518508
0.0546036
0.0573695
0.0601027
0.0627473
0.0652187
0.067389
0.0690966
0.0701602
0.0703216
0.0695659
0.0672223
0.0622447
0.0563496
0.0513135
0.0476823
0.0447098
0.0376401
0.0203228
0.00136128
-0.0405064
-0.0645264
-0.0878463
-0.105075
-0.114058
-0.112922
-0.111978
-0.104559
-0.0936103
-0.0776744
-0.0299231
0.0060459
0.0422985
0.0634588
0.0755298
0.0819994
0.0862277
0.0898638
0.0932994
0.0966043
0.0993968
0.101649
0.103298
0.10447
0.105267
0.105802
0.106173
0.106437
0.106653
0.106837
0.107017
0.107197
0.10738
0.107582
0.107771
0.0410234
0.0436189
0.0461755
0.0487944
0.0514087
0.0540637
0.0567132
0.0593532
0.0619331
0.0643959
0.0666609
0.0686249
0.0701664
0.0711935
0.0716437
0.0716071
0.0705545
0.0684531
0.0659876
0.0637615
0.0615312
0.0572472
0.0461265
0.0234288
-0.0025403
-0.0432779
-0.0617108
-0.0813679
-0.0981276
-0.106133
-0.114816
-0.11814
-0.115997
-0.103456
-0.0829064
-0.0333925
0.00932305
0.0414122
0.0597534
0.0702918
0.0773534
0.0829961
0.0883322
0.0932005
0.0973798
0.100544
0.102862
0.104421
0.105435
0.106073
0.106467
0.106728
0.106907
0.10706
0.107195
0.107338
0.107485
0.107641
0.107814
0.107978
0.0435187
0.0460478
0.0485363
0.051083
0.0536176
0.0561795
0.0587207
0.0612336
0.0636655
0.0659663
0.0680687
0.0699042
0.0714102
0.0725971
0.0735332
0.0743925
0.0749491
0.0750923
0.0747425
0.0739435
0.0712591
0.0643317
0.0499097
0.0231052
-0.00673972
-0.0414865
-0.0576195
-0.0781536
-0.0956478
-0.113039
-0.127394
-0.133323
-0.130242
-0.11087
-0.0820153
-0.0280279
0.010535
0.0372826
0.0530407
0.0633545
0.0721361
0.0800608
0.087659
0.0939636
0.0987484
0.10205
0.10424
0.105584
0.106374
0.106824
0.107071
0.107225
0.107325
0.107422
0.107514
0.107624
0.107742
0.107873
0.108019
0.10816
0.0459429
0.048401
0.0508185
0.0532877
0.0557374
0.058203
0.0606353
0.0630252
0.0653232
0.0674935
0.0694876
0.0712808
0.072877
0.0743624
0.0759019
0.0777181
0.0795845
0.0810686
0.081764
0.080886
0.0767439
0.0669864
0.0505363
0.0225632
-0.00692254
-0.0388089
-0.0584724
-0.0818585
-0.105999
-0.129824
-0.145959
-0.151992
-0.142036
-0.110254
-0.073059
-0.0257248
0.00740815
0.0286226
0.0433098
0.055152
0.0668916
0.0782705
0.088234
0.0956056
0.100642
0.103797
0.105678
0.10671
0.107239
0.107494
0.1076
0.107657
0.10769
0.10774
0.107796
0.107878
0.10797
0.108077
0.108199
0.108316
0.0482928
0.0506782
0.0530211
0.0554091
0.0577718
0.0601411
0.0624673
0.0647442
0.066931
0.0690077
0.0709524
0.072785
0.0745645
0.0764274
0.0785857
0.0811574
0.0837792
0.085808
0.0864794
0.0847293
0.0789959
0.0670326
0.0491439
0.0217782
-0.00955172
-0.0419439
-0.0669397
-0.0965525
-0.126362
-0.152218
-0.169044
-0.168022
-0.144445
-0.100838
-0.063309
-0.0286062
-0.00191686
0.0151246
0.0312821
0.0462309
0.0631875
0.0784794
0.0901988
0.0980515
0.102914
0.105633
0.107064
0.107734
0.107995
0.108066
0.108048
0.108024
0.108004
0.108016
0.108044
0.108103
0.10817
0.108256
0.108353
0.108447
0.0505682
0.0528781
0.0551441
0.0574499
0.0597259
0.0620009
0.0642281
0.0664082
0.0685095
0.0705317
0.072482
0.0744158
0.0764294
0.0786761
0.0813284
0.084324
0.0871848
0.0890487
0.0891128
0.0863246
0.0793817
0.0662565
0.0471947
0.0188574
-0.0170536
-0.052249
-0.0853944
-0.120852
-0.152598
-0.179179
-0.18894
-0.173998
-0.134908
-0.0888742
-0.0604771
-0.0391035
-0.018174
-0.00222438
0.0168419
0.0385972
0.0625604
0.0808468
0.093478
0.1011
0.105322
0.10739
0.108303
0.108606
0.108617
0.108531
0.108414
0.108329
0.10827
0.108255
0.108261
0.108299
0.108345
0.108409
0.108482
0.108554
0.0527677
0.0550007
0.0571898
0.0594141
0.0616047
0.0637905
0.0659302
0.068031
0.0700737
0.072078
0.0740757
0.0761435
0.0783925
0.0809491
0.0838866
0.0869848
0.0896597
0.0910242
0.0902936
0.0866117
0.0787628
0.0647075
0.043564
0.0118133
-0.0310497
-0.0709664
-0.112946
-0.150553
-0.182051
-0.202652
-0.197101
-0.166363
-0.119767
-0.0828266
-0.0668132
-0.0591002
-0.0404355
-0.022855
0.00320157
0.0363821
0.0648215
0.085192
0.097705
0.104367
0.107606
0.108924
0.109324
0.109295
0.109097
0.10889
0.108703
0.108578
0.108494
0.108461
0.108449
0.108469
0.108494
0.108538
0.108588
0.108639
0.0548913
0.057048
0.0591612
0.0613052
0.0634139
0.0655189
0.0675832
0.0696226
0.0716317
0.0736459
0.0757127
0.0779146
0.0803522
0.0830886
0.0860927
0.0890221
0.0913153
0.0921511
0.0906023
0.0861203
0.077233
0.0615261
0.0365293
-0.00093931
-0.0531247
-0.0971077
-0.145326
-0.180844
-0.207449
-0.212996
-0.189991
-0.149559
-0.108673
-0.0868769
-0.0833492
-0.0877559
-0.0662357
-0.0422898
0.00198742
0.0390046
0.0700963
0.0910593
0.102245
0.107433
0.109556
0.110145
0.11009
0.109792
0.109439
0.109152
0.108926
0.10878
0.108684
0.108639
0.108612
0.108615
0.10862
0.108643
0.10867
0.1087
0.0569405
0.0590225
0.0610609
0.0631271
0.0651603
0.0671925
0.0691938
0.0711886
0.0731832
0.0752212
0.0773571
0.0796631
0.0822058
0.0849752
0.0878589
0.0904251
0.0923679
0.0924773
0.0902239
0.0847934
0.0743434
0.055722
0.0249585
-0.0201039
-0.0822215
-0.127054
-0.175836
-0.20374
-0.218963
-0.205345
-0.172016
-0.134144
-0.107431
-0.103541
-0.109169
-0.120414
-0.0893144
-0.0480903
0.00467065
0.0457231
0.0782475
0.0974154
0.106439
0.109966
0.111051
0.11101
0.110589
0.110104
0.10966
0.109334
0.109096
0.108945
0.108846
0.108792
0.108752
0.108738
0.108722
0.108725
0.108729
0.108739
0.0589178
0.0609261
0.0628917
0.0648851
0.0668481
0.068816
0.0707659
0.0727289
0.0747183
0.0767797
0.0789655
0.0813206
0.0838713
0.0865376
0.0891698
0.0912477
0.0927405
0.0920017
0.0890676
0.0823784
0.0695645
0.0465717
0.00847314
-0.0447735
-0.113828
-0.154907
-0.19614
-0.211906
-0.21018
-0.185288
-0.15364
-0.126506
-0.119975
-0.132307
-0.140683
-0.148394
-0.100292
-0.0456164
0.00946925
0.0570172
0.0873442
0.103177
0.109798
0.111805
0.112046
0.111512
0.110842
0.110258
0.109781
0.109453
0.109226
0.109084
0.108986
0.108926
0.108871
0.108839
0.108801
0.108784
0.108765
0.108758
0.0608246
0.0627612
0.0646577
0.0665822
0.0684806
0.0703921
0.0722994
0.0742367
0.0762205
0.0782927
0.0804919
0.0828303
0.0852961
0.08775
0.0900405
0.0915973
0.0923561
0.0909579
0.0870686
0.0786877
0.0625403
0.0340181
-0.0119937
-0.0715728
-0.1404
-0.173275
-0.200089
-0.202662
-0.187604
-0.163987
-0.14067
-0.133994
-0.145763
-0.168637
-0.171918
-0.164673
-0.097274
-0.0358457
0.025025
0.06958
0.0955868
0.107646
0.112136
0.112943
0.112519
0.111684
0.110891
0.110287
0.10983
0.10953
0.109332
0.109204
0.10911
0.109041
0.10897
0.108917
0.108856
0.108819
0.10878
0.108758
0.0626628
0.0645313
0.0663612
0.0682206
0.0700601
0.0719212
0.0737898
0.0757008
0.0776708
0.0797292
0.0818973
0.0841537
0.0864558
0.0886207
0.0905004
0.0915452
0.0915154
0.0894016
0.084241
0.0736555
0.0534569
0.0189121
-0.0340148
-0.09421
-0.155525
-0.17565
-0.186935
-0.179109
-0.164145
-0.148176
-0.144366
-0.156736
-0.180279
-0.205215
-0.194965
-0.167789
-0.0826226
-0.0141238
0.0425011
0.0810962
0.101873
0.110581
0.113492
0.113363
0.112523
0.111592
0.110791
0.110229
0.109836
0.109587
0.109426
0.109315
0.109221
0.109138
0.109047
0.108971
0.108887
0.108832
0.108775
0.108741
0.0644357
0.0662381
0.0680038
0.0698021
0.0715867
0.0734
0.0752295
0.0771087
0.0790483
0.0810623
0.0831544
0.085271
0.0873492
0.0891772
0.0905995
0.0910929
0.0903401
0.0873219
0.0806726
0.0674841
0.0429809
0.00228432
-0.0530035
-0.105672
-0.156878
-0.161628
-0.161916
-0.154309
-0.14882
-0.148277
-0.16474
-0.188221
-0.218091
-0.232112
-0.199574
-0.155512
-0.0599225
0.00805078
0.0580083
0.0902003
0.105673
0.112086
0.113853
0.113163
0.112188
0.111305
0.110592
0.110125
0.109825
0.109641
0.109519
0.109421
0.109319
0.109217
0.109101
0.109001
0.108894
0.108823
0.108752
0.108709
0.0661447
0.0678828
0.069587
0.0713272
0.0730584
0.0748232
0.0766102
0.0784462
0.0803345
0.0822729
0.0842476
0.0861792
0.0879922
0.0894563
0.0904024
0.0903414
0.0888489
0.0848504
0.0765765
0.060671
0.0309131
-0.0121649
-0.0631085
-0.103075
-0.143757
-0.137687
-0.136533
-0.141172
-0.145979
-0.164121
-0.193114
-0.226874
-0.249147
-0.239694
-0.183431
-0.128307
-0.0367126
0.0260268
0.0701171
0.0959315
0.107258
0.112379
0.113307
0.112561
0.111638
0.110898
0.110346
0.110014
0.109825
0.109708
0.109619
0.109522
0.109403
0.109274
0.109129
0.109003
0.108877
0.108794
0.108713
0.108669
0.0677908
0.0694669
0.0711114
0.0727942
0.0744715
0.0761858
0.0779222
0.0797007
0.0815162
0.0833498
0.0851737
0.0868892
0.0884125
0.0895064
0.0899867
0.0893798
0.0871612
0.082184
0.0722364
0.0536845
0.0197424
-0.0180931
-0.0611735
-0.0881337
-0.118664
-0.114273
-0.122567
-0.135652
-0.154882
-0.190129
-0.229866
-0.264009
-0.26202
-0.223479
-0.15561
-0.0957125
-0.017563
0.038994
0.0776327
0.0983482
0.107329
0.111704
0.112226
0.111699
0.110966
0.110441
0.110105
0.109932
0.109858
0.1098
0.109728
0.109618
0.109469
0.109305
0.109128
0.108978
0.108836
0.108747
0.108663
0.108624
0.0693754
0.0709908
0.0725757
0.0742007
0.0758228
0.0774811
0.0791573
0.0808635
0.0825856
0.0842903
0.0859398
0.0874219
0.0886478
0.0893804
0.0894218
0.088309
0.0854287
0.0795718
0.0681244
0.0479383
0.019074
-0.0164021
-0.0477763
-0.0663381
-0.0897372
-0.0988453
-0.114577
-0.139566
-0.177983
-0.223729
-0.266692
-0.283588
-0.253018
-0.192925
-0.128244
-0.068179
-0.00450545
0.0465808
0.0805873
0.0984196
0.106466
0.110417
0.110927
0.110678
0.110255
0.110004
0.109916
0.10991
0.10994
0.109921
0.109843
0.109701
0.109509
0.109304
0.109094
0.108925
0.108772
0.108686
0.108607
0.108582
0.0708992
0.0724538
0.0739784
0.0755449
0.0771081
0.0787035
0.0803095
0.0819294
0.0835409
0.0850997
0.086561
0.0878058
0.0887424
0.0891422
0.0887929
0.0872567
0.0838416
0.0773654
0.065446
0.0463116
0.0219436
-0.00753845
-0.0270192
-0.0439765
-0.0651865
-0.0907201
-0.116824
-0.158769
-0.207403
-0.255369
-0.286602
-0.274194
-0.223266
-0.160991
-0.110158
-0.0496342
0.00139374
0.0494882
0.0800455
0.0974053
0.105222
0.1088
0.109506
0.109607
0.109582
0.109649
0.109822
0.109975
0.110079
0.110069
0.109956
0.109761
0.109515
0.109265
0.109026
0.108843
0.108691
0.108617
0.108551
0.10855
0.0723612
0.0738543
0.0753184
0.0768236
0.0783234
0.0798495
0.0813757
0.0828974
0.0843858
0.0857899
0.0870593
0.088076
0.0887468
0.0888616
0.0882001
0.0863698
0.0826695
0.0761981
0.0652841
0.0484234
0.026728
0.00875734
-0.00531811
-0.0253708
-0.0479385
-0.09326
-0.132163
-0.18296
-0.234419
-0.271346
-0.277244
-0.242797
-0.189734
-0.141392
-0.102453
-0.0413661
0.000544839
0.0494252
0.077895
0.0959095
0.103589
0.106979
0.108046
0.108585
0.109025
0.109438
0.109861
0.110139
0.110274
0.11023
0.110051
0.109783
0.109476
0.109183
0.108922
0.108737
0.108595
0.108545
0.108505
0.108537
0.0737606
0.0751919
0.0765937
0.0780346
0.0794668
0.0809174
0.0823555
0.0837707
0.0851296
0.0863775
0.0874617
0.088272
0.0887167
0.0886148
0.0877545
0.0858265
0.0822746
0.0766373
0.0674031
0.0540393
0.040041
0.0270867
0.0129599
-0.0125035
-0.0401973
-0.105767
-0.150463
-0.203718
-0.246302
-0.263449
-0.247378
-0.208795
-0.168698
-0.132895
-0.107792
-0.0432947
-0.00365953
0.0482366
0.0764008
0.0942745
0.101617
0.105038
0.106643
0.107709
0.108663
0.109424
0.110059
0.110403
0.110509
0.110384
0.110109
0.109755
0.109385
0.109056
0.108784
0.10861
0.108494
0.10848
0.108477
0.108553
0.0750971
0.0764651
0.0778027
0.0791767
0.0805376
0.0819071
0.0832515
0.0845565
0.0857849
0.0868836
0.0877993
0.0884368
0.0887114
0.0884838
0.0875787
0.0858266
0.0829181
0.0786783
0.0718433
0.0634036
0.0543866
0.0436208
0.0261564
-0.00659502
-0.0415831
-0.118361
-0.163927
-0.209194
-0.235907
-0.235716
-0.214349
-0.184684
-0.162023
-0.137923
-0.125842
-0.0508837
-0.00819588
0.0470252
0.0758996
0.0923106
0.0993694
0.103096
0.105403
0.107081
0.108576
0.109655
0.110421
0.110749
0.110755
0.110503
0.110107
0.109661
0.109233
0.108881
0.108616
0.108469
0.108394
0.10843
0.108477
0.108608
0.0763695
0.0776728
0.0789451
0.0802499
0.0815361
0.0828212
0.0840698
0.0852647
0.086368
0.0873315
0.0881052
0.0886154
0.0887911
0.0885533
0.08779
0.0865031
0.0846174
0.0821834
0.0784111
0.0737274
0.0670545
0.0561851
0.0338669
-0.00666397
-0.046653
-0.126695
-0.162949
-0.19443
-0.208129
-0.204299
-0.189542
-0.179571
-0.168239
-0.158817
-0.146645
-0.0638364
-0.00623574
0.0476235
0.0752893
0.0897484
0.0969492
0.101278
0.104444
0.106822
0.108839
0.110148
0.110925
0.111138
0.110973
0.110554
0.110024
0.109489
0.109019
0.108663
0.108424
0.108324
0.108307
0.108407
0.108516
0.108713
0.077577
0.0788149
0.0800212
0.081255
0.0824646
0.0836645
0.0848178
0.0859075
0.0868968
0.0877462
0.0884127
0.0888501
0.089013
0.0888922
0.0884585
0.0878763
0.0872668
0.0867895
0.0855823
0.0829931
0.076856
0.0637873
0.0370056
-0.00904933
-0.0553144
-0.123926
-0.147544
-0.168338
-0.179662
-0.182384
-0.183929
-0.188116
-0.192884
-0.188651
-0.16179
-0.0710634
0.000334542
0.0488117
0.0734624
0.086628
0.0944989
0.0996952
0.103931
0.107071
0.109498
0.110881
0.11152
0.111513
0.111114
0.110503
0.10984
0.109232
0.108743
0.108408
0.10822
0.108186
0.108244
0.108423
0.108606
0.108877
0.0787198
0.0798923
0.081032
0.0821939
0.0833272
0.0844431
0.0855051
0.0864988
0.0873905
0.0881524
0.0887532
0.0891791
0.0894204
0.089533
0.0895987
0.0898491
0.090573
0.0916682
0.0919629
0.0900085
0.0828439
0.0667351
0.0376708
-0.0118413
-0.0593859
-0.108534
-0.126013
-0.145657
-0.163134
-0.178439
-0.198721
-0.217202
-0.230633
-0.213765
-0.161388
-0.0604956
0.00691194
0.0481046
0.0701189
0.0831192
0.0921043
0.0985805
0.104105
0.10793
0.110539
0.111786
0.112128
0.111804
0.11113
0.110321
0.109542
0.108889
0.108411
0.108128
0.108015
0.10807
0.10822
0.108489
0.108757
0.10911
0.0797988
0.0809058
0.0819792
0.0830704
0.0841288
0.0851643
0.0861425
0.087053
0.0878675
0.0885725
0.0891537
0.0896301
0.0900312
0.0904751
0.0911229
0.0922236
0.0940311
0.0959752
0.0966712
0.0941271
0.0852819
0.0664667
0.0377896
-0.00801052
-0.0495508
-0.0901607
-0.110437
-0.136263
-0.16439
-0.197952
-0.231823
-0.261333
-0.267339
-0.218148
-0.140434
-0.0481383
0.00993597
0.0442826
0.0654024
0.0790941
0.0899827
0.0983982
0.105164
0.109406
0.111881
0.112758
0.11265
0.111939
0.110975
0.109986
0.109124
0.108466
0.108037
0.107837
0.107827
0.10799
0.108248
0.108617
0.108979
0.10942
0.0808149
0.0818573
0.0828664
0.0838885
0.0848753
0.0858365
0.086741
0.0875835
0.0883441
0.0890254
0.0896318
0.0902138
0.0908394
0.0916681
0.0928926
0.0946933
0.0971285
0.0991879
0.0993362
0.0955952
0.0853513
0.0650243
0.0372865
-0.00180111
-0.0416647
-0.08016
-0.107912
-0.144122
-0.185842
-0.233724
-0.279957
-0.306753
-0.283682
-0.198177
-0.111877
-0.0412062
0.00726212
0.0371572
0.0590158
0.0745251
0.0889681
0.0995776
0.107171
0.1114
0.113362
0.113641
0.112978
0.111851
0.110615
0.109488
0.108592
0.107975
0.107637
0.107554
0.107672
0.107962
0.10834
0.108819
0.109284
0.109814
0.08177
0.08275
0.0836968
0.084653
0.0855733
0.0864682
0.0873106
0.0881024
0.0888338
0.0895231
0.0901945
0.0909234
0.0918083
0.0930149
0.0947128
0.0969399
0.099512
0.101265
0.100265
0.0952127
0.0846766
0.0643083
0.0383367
0.00282294
-0.039688
-0.0817231
-0.121326
-0.170279
-0.224049
-0.283331
-0.332526
-0.333378
-0.267211
-0.164377
-0.0928531
-0.0427997
-0.00200485
0.0258573
0.0500777
0.0710961
0.0899551
0.102289
0.110026
0.113679
0.114773
0.114281
0.113014
0.111487
0.11003
0.108828
0.107961
0.10744
0.107236
0.107303
0.107572
0.108003
0.10851
0.109105
0.109676
0.110299
0.0826671
0.0835871
0.0844745
0.0853693
0.0862294
0.087067
0.0878603
0.0886196
0.089345
0.0900693
0.0908349
0.0917317
0.0928708
0.0943865
0.096385
0.0987146
0.101177
0.10222
0.100086
0.0936547
0.0829557
0.0641357
0.038974
0.0031205
-0.0463119
-0.0955623
-0.151575
-0.211153
-0.274475
-0.338887
-0.367654
-0.325307
-0.226596
-0.135175
-0.0885499
-0.056138
-0.0199171
0.00653076
0.0408506
0.0708703
0.0932544
0.106474
0.113416
0.115911
0.115882
0.114535
0.11268
0.110817
0.109222
0.108025
0.107256
0.106887
0.106859
0.107105
0.107544
0.108127
0.108772
0.109485
0.110154
0.110877
0.083509
0.0843721
0.0852042
0.0860427
0.0868496
0.0876396
0.0883975
0.0891407
0.0898798
0.0906588
0.091533
0.092593
0.093941
0.0956519
0.0977565
0.0998838
0.102059
0.101988
0.0991088
0.0925214
0.0814154
0.0632522
0.0368811
-0.00302973
-0.0642656
-0.121489
-0.194125
-0.259025
-0.326979
-0.376912
-0.362735
-0.284255
-0.185667
-0.122668
-0.0979475
-0.0848578
-0.0506905
-0.0159007
0.0379372
0.0742069
0.0989593
0.111643
0.116836
0.117752
0.11648
0.114289
0.111927
0.109834
0.108209
0.107109
0.106512
0.10635
0.106537
0.106984
0.107606
0.10835
0.109134
0.109958
0.110723
0.111552
0.084299
0.085109
0.0858902
0.0866781
0.087439
0.0881915
0.0889263
0.0896671
0.0904342
0.0912773
0.0922567
0.0934495
0.0949328
0.0967033
0.0987344
0.100457
0.101944
0.101004
0.0978119
0.090849
0.0793542
0.0606316
0.0306254
-0.0167841
-0.0933976
-0.15601
-0.238813
-0.303014
-0.360051
-0.373155
-0.321357
-0.234709
-0.162439
-0.128942
-0.121997
-0.127873
-0.080947
-0.018631
0.0413569
0.0820695
0.106555
0.116926
0.119751
0.118906
0.1164
0.113467
0.110744
0.108564
0.10703
0.106123
0.105772
0.105867
0.106298
0.106964
0.10778
0.108687
0.109599
0.110527
0.111404
0.112217
0.085041
0.085802
0.0865365
0.0872794
0.0880021
0.0887259
0.0894475
0.0901959
0.0909979
0.0919026
0.0929666
0.0942427
0.0957722
0.0974731
0.0992755
0.100537
0.101156
0.0997317
0.0960277
0.0886424
0.0762943
0.0556471
0.0195424
-0.0378831
-0.128424
-0.191801
-0.273831
-0.328738
-0.355469
-0.331503
-0.267947
-0.200872
-0.161357
-0.156721
-0.161144
-0.168813
-0.0908631
-0.0140874
0.0514274
0.0938067
0.114559
0.121475
0.12174
0.119136
0.115531
0.11205
0.109159
0.107054
0.105739
0.105123
0.105082
0.105472
0.10617
0.10707
0.108083
0.109137
0.110164
0.111206
0.112081
0.112821
0.0857387
0.0864544
0.0871464
0.0878502
0.0885409
0.0892433
0.0899591
0.0907199
0.091555
0.0925072
0.0936226
0.0949213
0.0964077
0.0979347
0.0994011
0.100196
0.100097
0.0981454
0.093854
0.0858315
0.0720405
0.0480078
0.00385724
-0.0643599
-0.15908
-0.218281
-0.289763
-0.318215
-0.315662
-0.277659
-0.227683
-0.191826
-0.182689
-0.207965
-0.206432
-0.189188
-0.0822802
-0.00173182
0.0688241
0.106378
0.121546
0.124741
0.122465
0.118278
0.113841
0.110074
0.107234
0.105376
0.104407
0.104168
0.104488
0.105204
0.106188
0.107327
0.108515
0.109691
0.110848
0.1119
0.112695
0.113469
0.0863951
0.0870691
0.0877228
0.0883923
0.0890563
0.0897424
0.0904559
0.0912278
0.0920865
0.0930635
0.0941886
0.0954484
0.0968136
0.0980953
0.0991714
0.0994811
0.098792
0.0962935
0.091357
0.0824648
0.0665544
0.0377738
-0.016271
-0.0884931
-0.176428
-0.218143
-0.266906
-0.27814
-0.263583
-0.235913
-0.213118
-0.204588
-0.230491
-0.269852
-0.240049
-0.188742
-0.0611808
0.0274272
0.0872979
0.117422
0.126736
0.126297
0.121663
0.11628
0.111379
0.107622
0.105063
0.10362
0.103111
0.103317
0.104038
0.105107
0.106384
0.107731
0.109057
0.110375
0.111576
0.112526
0.113355
0.114157
0.0870129
0.0876488
0.0882673
0.0889062
0.0895471
0.0902194
0.0909298
0.0917063
0.0925728
0.0935461
0.0946377
0.0958037
0.0969884
0.0979844
0.0986495
0.0984934
0.0972783
0.0942629
0.0886288
0.0786364
0.059815
0.0253322
-0.0357246
-0.098066
-0.178354
-0.205279
-0.227994
-0.230414
-0.224248
-0.219678
-0.220955
-0.249149
-0.295421
-0.317435
-0.243092
-0.169069
-0.0302921
0.0536171
0.103298
0.125992
0.129667
0.125727
0.119261
0.113209
0.108263
0.104818
0.102763
0.101886
0.101927
0.102631
0.10379
0.105223
0.106753
0.108256
0.109744
0.111149
0.112229
0.113201
0.114056
0.114881
0.0875946
0.0881948
0.0887804
0.0893913
0.0900108
0.0906688
0.0913713
0.0921416
0.0929961
0.0939355
0.0949536
0.0959831
0.0969492
0.0976452
0.0979092
0.097343
0.095651
0.0921442
0.0857803
0.074431
0.0522119
0.0140104
-0.0398355
-0.0927493
-0.166012
-0.173619
-0.185927
-0.196966
-0.208568
-0.22803
-0.26009
-0.315757
-0.357853
-0.330818
-0.219964
-0.128575
-0.00119636
0.0740329
0.115576
0.131471
0.129625
0.12294
0.115394
0.109227
0.104656
0.101817
0.100463
0.100272
0.100934
0.102187
0.103801
0.105543
0.107252
0.108946
0.110584
0.111838
0.112934
0.113919
0.114794
0.115637
0.0881414
0.0887076
0.0892617
0.0898457
0.0904433
0.0910835
0.0917708
0.0925208
0.093342
0.0942193
0.0951316
0.0959958
0.0967264
0.0971285
0.0970306
0.0961042
0.0939972
0.0900478
0.0829521
0.0701723
0.0458787
0.0100654
-0.0365564
-0.0774161
-0.136317
-0.140372
-0.157849
-0.182028
-0.217542
-0.258083
-0.329515
-0.390359
-0.392338
-0.300988
-0.177426
-0.082962
0.0235577
0.0889921
0.123651
0.132551
0.126369
0.118156
0.110337
0.104567
0.10076
0.0987866
0.0982889
0.0988792
0.100235
0.10206
0.104057
0.106006
0.107943
0.109868
0.111323
0.11258
0.113683
0.114676
0.115565
0.11642
0.0886538
0.0891871
0.08971
0.0902665
0.0908396
0.0914567
0.0921188
0.0928338
0.0936013
0.094393
0.0951768
0.0958617
0.0963569
0.0964863
0.096079
0.0948521
0.0924132
0.0881145
0.0804381
0.0669324
0.0436318
0.0123362
-0.0275184
-0.054298
-0.0998579
-0.117522
-0.144691
-0.187717
-0.243926
-0.323366
-0.411482
-0.440632
-0.376388
-0.24813
-0.135687
-0.0447901
0.0426176
0.0985272
0.126727
0.12889
0.120261
0.11171
0.104386
0.0995025
0.0967881
0.0958883
0.0963761
0.097846
0.0999283
0.10223
0.104471
0.106695
0.108978
0.110672
0.112119
0.113369
0.114472
0.115466
0.116364
0.117225
0.0891317
0.089632
0.0901228
0.0906498
0.0911946
0.0917816
0.092408
0.0930733
0.0937699
0.0944591
0.0951021
0.0956068
0.0958819
0.0957757
0.0951191
0.0936734
0.0910171
0.0865633
0.0788168
0.0659693
0.0460032
0.0196772
-0.00612866
-0.0311621
-0.0688015
-0.107433
-0.147796
-0.211656
-0.29805
-0.406909
-0.47613
-0.436141
-0.318708
-0.193765
-0.10729
-0.0165909
0.0543895
0.104705
0.124151
0.121405
0.112063
0.104036
0.0978846
0.094311
0.092947
0.0932968
0.0949064
0.0973047
0.0999854
0.102578
0.105155
0.107876
0.109865
0.111535
0.112962
0.114198
0.115295
0.116283
0.117183
0.118044
0.0895743
0.0900405
0.0904973
0.0909919
0.0915034
0.0920527
0.0926329
0.0932362
0.0938491
0.0944262
0.094926
0.0952612
0.0953444
0.0950515
0.0942196
0.0926627
0.0899662
0.0857131
0.0786721
0.0678175
0.0526288
0.0329765
0.0150044
-0.0118402
-0.0478897
-0.11143
-0.168224
-0.258847
-0.371956
-0.471538
-0.478198
-0.37898
-0.253975
-0.158645
-0.0925182
0.0020805
0.0588478
0.107178
0.115853
0.111172
0.102383
0.0956218
0.09117
0.0892498
0.089465
0.0912552
0.0940578
0.0972134
0.100242
0.103252
0.106526
0.10887
0.110816
0.112445
0.113847
0.115062
0.116147
0.117122
0.118015
0.11887
0.0899798
0.0904102
0.0908307
0.091289
0.0917618
0.0922659
0.092791
0.0933229
0.0938446
0.0943068
0.094671
0.0948574
0.0947873
0.0943687
0.0934527
0.0919266
0.0894494
0.0858542
0.0802575
0.0724519
0.062467
0.0481148
0.0319418
0.0019513
-0.0366324
-0.130484
-0.206504
-0.319256
-0.422534
-0.472481
-0.415393
-0.305009
-0.212807
-0.140443
-0.0956406
0.00808934
0.0575502
0.102363
0.103724
0.0990577
0.0918298
0.0869027
0.0845482
0.0846086
0.0866702
0.0900049
0.0937722
0.0973479
0.100898
0.104871
0.107657
0.109932
0.111814
0.113399
0.114767
0.115956
0.117019
0.117969
0.118849
0.119835
0.0903463
0.0907387
0.0911201
0.091538
0.0919667
0.0924192
0.0928821
0.0933372
0.093766
0.094119
0.094361
0.0944284
0.0942529
0.0937815
0.0928929
0.0915748
0.0896167
0.0871018
0.083568
0.0793548
0.0730207
0.0619831
0.0444516
0.00935295
-0.0349429
-0.159295
-0.24842
-0.353028
-0.420888
-0.411669
-0.334762
-0.254913
-0.1909
-0.14132
-0.11962
0.000214425
0.0529073
0.0879786
0.0895367
0.0858068
0.080849
0.0782383
0.078381
0.0808261
0.084893
0.0894665
0.0937431
0.0979748
0.102846
0.106177
0.108859
0.111038
0.112856
0.11439
0.115719
0.116871
0.117896
0.118814
0.11983
0.120941
0.0906716
0.0910234
0.0913628
0.0917364
0.0921164
0.0925122
0.0929087
0.0932852
0.0936225
0.0938785
0.0940207
0.0940061
0.0937816
0.0933407
0.0926087
0.0916859
0.0905093
0.0894135
0.0881573
0.0868844
0.0824552
0.0728298
0.0522059
0.0101567
-0.0443092
-0.187739
-0.260058
-0.340475
-0.363368
-0.330135
-0.272786
-0.228044
-0.194032
-0.163347
-0.159084
-0.00355515
0.0408866
0.072053
0.0740584
0.0719046
0.0697937
0.0700698
0.0732715
0.0783596
0.0840273
0.0892214
0.0943279
0.100357
0.104373
0.107557
0.110103
0.11219
0.113934
0.115413
0.116692
0.117787
0.118766
0.119819
0.120955
0.122036
0.0909535
0.0912622
0.0915569
0.0918828
0.0922105
0.0925464
0.092875
0.0931748
0.0934292
0.0936039
0.093674
0.0936197
0.0934094
0.0930885
0.0926439
0.0922775
0.0920942
0.0924559
0.093234
0.0935194
0.0895929
0.0795882
0.0553208
0.00527639
-0.0622736
-0.200387
-0.2451
-0.28457
-0.285704
-0.263994
-0.246924
-0.233035
-0.221773
-0.208448
-0.206246
-0.0370924
0.031999
0.0548153
0.0575016
0.0576354
0.0591039
0.0632199
0.0698827
0.0770752
0.0835009
0.0897474
0.0972903
0.10217
0.10598
0.108972
0.111392
0.113379
0.115049
0.116459
0.117661
0.11869
0.119814
0.12097
0.122068
0.12311
0.0911902
0.0914535
0.0917013
0.0919767
0.0922499
0.0925249
0.0927869
0.0930156
0.093199
0.0933126
0.0933423
0.0932939
0.0931635
0.0930479
0.0929963
0.093292
0.0941298
0.0957417
0.0978672
0.0985582
0.093938
0.0820375
0.0547963
-0.00200935
-0.0782616
-0.169936
-0.200769
-0.219721
-0.232048
-0.242751
-0.252542
-0.268572
-0.275085
-0.268739
-0.175265
-0.0370209
0.0185893
0.0356971
0.0401294
0.043374
0.0498579
0.0586419
0.0680643
0.076192
0.0839503
0.0934888
0.0994709
0.104066
0.107611
0.110432
0.112717
0.114606
0.116187
0.117495
0.118609
0.119796
0.121011
0.122107
0.123158
0.124153
0.09138
0.0915962
0.0917954
0.0920187
0.0922366
0.0924514
0.0926507
0.092817
0.0929443
0.0930198
0.0930431
0.0930459
0.0930541
0.0932152
0.0936236
0.0945872
0.096303
0.0987363
0.101484
0.101895
0.0958444
0.0809717
0.0525516
-0.00467566
-0.0725253
-0.130611
-0.156672
-0.184805
-0.217052
-0.248488
-0.288845
-0.330163
-0.358807
-0.2726
-0.134052
-0.0385807
-0.000564959
0.0144308
0.0219767
0.0306538
0.0435342
0.0561689
0.0667406
0.0765497
0.0887479
0.0961469
0.101738
0.105968
0.109284
0.111927
0.114083
0.115858
0.117308
0.118501
0.119794
0.121054
0.122192
0.123219
0.124215
0.125156
0.0915221
0.0916897
0.0918395
0.0920101
0.0921733
0.0923307
0.0924734
0.092588
0.092676
0.0927374
0.0927873
0.0928811
0.0930705
0.0935435
0.0944202
0.0959582
0.0982769
0.101027
0.103982
0.103188
0.0958184
0.0779894
0.0494236
-0.00234952
-0.0571206
-0.103929
-0.137682
-0.179311
-0.226963
-0.28167
-0.361821
-0.438285
-0.394937
-0.231709
-0.107374
-0.0532822
-0.0243562
-0.00988883
0.00482401
0.0220082
0.0401603
0.0543343
0.067001
0.0827892
0.0920311
0.0988948
0.103985
0.107911
0.110991
0.113465
0.115477
0.117085
0.118389
0.119786
0.121131
0.122291
0.123343
0.124296
0.12523
0.126113
0.0916158
0.0917342
0.0918345
0.091953
0.0920633
0.0921675
0.0922613
0.0923362
0.0924025
0.0924728
0.0925776
0.0927918
0.0931997
0.0939733
0.0952523
0.097185
0.0997944
0.102388
0.104911
0.102251
0.0940374
0.0749432
0.0468565
0.00357419
-0.0476802
-0.0985479
-0.141211
-0.197027
-0.264157
-0.371283
-0.491595
-0.506271
-0.347207
-0.176382
-0.112939
-0.0794366
-0.0549953
-0.0355797
-0.00731592
0.0178941
0.0378205
0.0545662
0.0752234
0.0868993
0.0954052
0.101581
0.106267
0.109882
0.112743
0.115033
0.116838
0.118261
0.1198
0.121225
0.122444
0.123493
0.124454
0.125328
0.126197
0.127016
0.0916612
0.0917302
0.0917814
0.0918494
0.0919099
0.0919662
0.0920197
0.0920673
0.0921283
0.0922269
0.0924073
0.0927595
0.0933771
0.0944109
0.0959728
0.0980821
0.100666
0.102708
0.103886
0.0998377
0.0908454
0.0719697
0.0451779
0.00551643
-0.0484152
-0.108353
-0.165024
-0.244659
-0.364357
-0.513353
-0.585377
-0.465526
-0.267041
-0.160407
-0.138167
-0.121282
-0.0918278
-0.0551882
-0.0129544
0.0153811
0.038228
0.065573
0.0804344
0.0910972
0.0986533
0.104293
0.108569
0.111898
0.114526
0.116561
0.118135
0.119829
0.121366
0.122633
0.123713
0.124649
0.125515
0.126308
0.127108
0.127862
0.0916589
0.0916789
0.0916818
0.0917013
0.091716
0.0917305
0.0917524
0.0917839
0.0918535
0.0919941
0.0922612
0.0927462
0.0935411
0.0947558
0.0964506
0.0985147
0.100746
0.101971
0.101605
0.0965794
0.0867175
0.0684168
0.0417301
0.00190699
-0.0588768
-0.130979
-0.218806
-0.345135
-0.501645
-0.618741
-0.552843
-0.36634
-0.223573
-0.178767
-0.186529
-0.184622
-0.12205
-0.0627899
-0.0159507
0.0160736
0.0531018
0.0722616
0.0857295
0.0950713
0.101915
0.107014
0.110915
0.113947
0.116261
0.118011
0.119895
0.12155
0.12289
0.123985
0.124927
0.125748
0.126519
0.127231
0.12796
0.128647
0.0916094
0.0915826
0.0915382
0.0915111
0.0914842
0.0914628
0.091461
0.0914857
0.0915733
0.0917613
0.0921122
0.0927067
0.0936226
0.0949163
0.0965821
0.0983924
0.100015
0.100314
0.0986532
0.0926876
0.0821129
0.0639153
0.0362061
-0.00561187
-0.0808848
-0.173394
-0.31369
-0.466454
-0.591737
-0.582645
-0.440574
-0.291973
-0.226374
-0.229069
-0.278133
-0.249064
-0.13105
-0.0619379
-0.014362
0.0361571
0.0618702
0.0790127
0.0906495
0.0990393
0.105168
0.109771
0.113293
0.115943
0.117909
0.120009
0.121806
0.123215
0.124343
0.12527
0.126074
0.126782
0.12746
0.12809
0.128749
0.12937
0.0915129
0.0914412
0.0913513
0.0912805
0.0912159
0.0911639
0.0911447
0.0911686
0.0912778
0.0915099
0.0919276
0.0925924
0.0935564
0.0948175
0.0963005
0.0976867
0.0985796
0.0979472
0.0951922
0.0884592
0.0772056
0.0586911
0.0291651
-0.0164674
-0.122497
-0.23882
-0.411481
-0.523653
-0.552673
-0.459622
-0.341941
-0.276548
-0.264736
-0.346829
-0.39529
-0.274607
-0.121166
-0.0528384
0.0143911
0.0479709
0.0705495
0.0851661
0.0955316
0.102971
0.108441
0.112556
0.115619
0.117846
0.1202
0.12215
0.123642
0.12479
0.125714
0.126476
0.127147
0.127746
0.128333
0.128884
0.129473
0.130028
0.0913711
0.0912546
0.0911223
0.0910104
0.0909115
0.090833
0.0908003
0.0908252
0.0909528
0.091217
0.0916726
0.0923564
0.0932884
0.0944079
0.0955836
0.0964379
0.0965794
0.0950698
0.0914072
0.0840805
0.0721367
0.0531002
0.0208454
-0.0358185
-0.183801
-0.29937
-0.436055
-0.470402
-0.426937
-0.354896
-0.312237
-0.300635
-0.383385
-0.53628
-0.441464
-0.25725
-0.101109
-0.00906098
0.029781
0.0595404
0.0783063
0.0912363
0.100335
0.106894
0.111734
0.115302
0.117855
0.120496
0.122618
0.12419
0.125361
0.126263
0.12699
0.127596
0.12814
0.128636
0.129135
0.129611
0.130131
0.130622
0.0911864
0.0910251
0.0908516
0.0907008
0.09057
0.0904672
0.0904221
0.0904453
0.0905816
0.0908573
0.0913135
0.0919591
0.0927804
0.0936652
0.0944496
0.0947283
0.094145
0.0918829
0.0874779
0.079678
0.0671188
0.0473491
0.0103539
-0.0691398
-0.232789
-0.301984
-0.361826
-0.349163
-0.321086
-0.312133
-0.328587
-0.411433
-0.63836
-0.661801
-0.405984
-0.229494
-0.0536974
0.00959287
0.0455063
0.0694828
0.0859304
0.0971704
0.105082
0.110817
0.115016
0.117978
0.120946
0.12325
0.124901
0.126079
0.126953
0.12762
0.128163
0.128623
0.12905
0.129448
0.129865
0.13027
0.130724
0.131153
0.0909576
0.0907529
0.0905389
0.0903506
0.0901891
0.090062
0.0900028
0.0900159
0.090146
0.0904062
0.0908213
0.0913715
0.0920131
0.0925952
0.0929419
0.0926511
0.0914092
0.0885391
0.0835516
0.0754511
0.0623636
0.0413554
-0.00253678
-0.0850369
-0.239187
-0.238664
-0.241813
-0.249881
-0.267955
-0.318852
-0.42835
-0.687373
-0.832904
-0.624469
-0.318224
-0.155219
-0.0211513
0.0285277
0.0584422
0.079165
0.0933193
0.102966
0.109794
0.114791
0.118282
0.121614
0.124105
0.12582
0.126987
0.127806
0.128402
0.128854
0.129228
0.129554
0.129873
0.130183
0.130524
0.130861
0.131253
0.131623
0.0906851
0.0904375
0.0901833
0.0899579
0.0897653
0.0896107
0.0895307
0.0895241
0.0896281
0.0898423
0.0901739
0.0905773
0.0909854
0.0912256
0.0911195
0.0903033
0.0884945
0.0851627
0.0797825
0.0715978
0.0580323
0.0365986
-0.00887298
-0.0784983
-0.176767
-0.136138
-0.150662
-0.187592
-0.25707
-0.400463
-0.674407
-0.96972
-0.840362
-0.449742
-0.195968
-0.132573
-0.0792035
0.00433284
0.044427
0.0708552
0.088443
0.100427
0.108661
0.114674
0.11886
0.12259
0.125261
0.127013
0.128133
0.128868
0.129357
0.129702
0.129961
0.130184
0.13039
0.130612
0.130841
0.131112
0.131386
0.13172
0.132034
0.0903686
0.0900779
0.0897832
0.0895196
0.0892937
0.0891089
0.0889983
0.0889566
0.0890116
0.0891488
0.0893579
0.0895731
0.0897104
0.0895941
0.0890498
0.0877751
0.0855087
0.0818794
0.0763188
0.068348
0.0549765
0.0371584
0.00206675
-0.0497343
-0.0648458
-0.0524224
-0.0850857
-0.155073
-0.302854
-0.59621
-0.983417
-1.05471
-0.656227
-0.254152
-0.149025
-0.126414
-0.099402
-0.034479
0.0259415
0.0598077
0.0826685
0.0972915
0.107333
0.114727
0.119849
0.124001
0.126825
0.128564
0.129585
0.130185
0.13053
0.130728
0.130851
0.13094
0.13103
0.131131
0.131266
0.131423
0.13163
0.131848
0.132127
0.132389
0.090007
0.0896725
0.0893361
0.0890322
0.0887694
0.0885464
0.0883959
0.0883013
0.0882843
0.0883151
0.0883689
0.0883661
0.0882131
0.0877458
0.0868003
0.0851467
0.0825497
0.0788056
0.0733314
0.0661852
0.0550657
0.0451157
0.0247731
0.0167071
0.0491219
0.00656979
-0.039473
-0.158519
-0.424815
-0.832968
-1.05931
-0.858974
-0.443707
-0.203118
-0.116672
-0.140733
-0.112891
-0.0571396
0.000822652
0.0449828
0.074632
0.093653
0.105792
0.114992
0.121442
0.126028
0.128943
0.130587
0.131426
0.131823
0.131963
0.131972
0.131918
0.131851
0.131794
0.13177
0.13178
0.13184
0.131933
0.132083
0.132249
0.132477
0.132692
0.0895988
0.0892191
0.0888385
0.088491
0.0881863
0.0879163
0.0877125
0.087549
0.0874375
0.0873367
0.0872099
0.0869714
0.0865245
0.0857273
0.0844328
0.0824904
0.0797029
0.0760518
0.0710943
0.0657375
0.0591818
0.0588103
0.0579529
0.0845102
0.136772
0.0483331
-0.018074
-0.204407
-0.574051
-0.849955
-0.920541
-0.627404
-0.363348
-0.206548
-0.166938
-0.199643
-0.150482
-0.0682602
-0.021288
0.0283646
0.0632895
0.0881015
0.104011
0.115664
0.123924
0.128924
0.131817
0.13323
0.133768
0.133859
0.133718
0.133473
0.133198
0.132934
0.132708
0.132529
0.132409
0.132341
0.132336
0.132373
0.132473
0.132592
0.132774
0.132945
0.089142
0.0887148
0.0882875
0.0878923
0.0875389
0.0872139
0.0869428
0.0866933
0.0864674
0.0862148
0.0858904
0.0854094
0.0846777
0.0835824
0.0820014
0.0798657
0.0770432
0.0737355
0.0698783
0.0671593
0.0662303
0.0757545
0.0940969
0.130865
0.195957
0.0727859
-0.0223218
-0.229202
-0.589096
-0.813859
-0.749894
-0.529377
-0.331138
-0.240378
-0.25212
-0.24835
-0.228812
-0.081753
-0.0217425
0.00422194
0.0514929
0.0802888
0.100646
0.116687
0.1278
0.133075
0.135725
0.136695
0.136749
0.136395
0.135863
0.135285
0.134725
0.13422
0.133786
0.13343
0.133151
0.132952
0.132819
0.132759
0.132748
0.132804
0.132882
0.133022
0.133152
0.0886345
0.0881571
0.0876796
0.0872314
0.0868227
0.0864322
0.0860815
0.0857308
0.0853741
0.0849553
0.0844246
0.0837029
0.0827048
0.0813498
0.0795489
0.0773163
0.0746298
0.0719313
0.0696599
0.0699757
0.075518
0.092212
0.116791
0.151077
0.209752
0.0826042
-0.0408247
-0.281772
-0.599969
-0.798843
-0.68703
-0.47735
-0.348764
-0.296638
-0.269172
-0.148177
-0.0140035
0.00226893
0.0245285
0.070182
0.0969165
0.117545
0.133383
0.139069
0.141067
0.141247
0.140554
0.139555
0.138487
0.137466
0.136543
0.135737
0.135052
0.134484
0.134026
0.133668
0.133405
0.13322
0.133114
0.133063
0.13308
0.133121
0.133223
0.133318
0.0880734
0.0875421
0.0870113
0.0865047
0.0860334
0.0855677
0.0851261
0.0846613
0.0841615
0.0835675
0.0828287
0.0818749
0.0806342
0.0790594
0.0771042
0.0748649
0.072469
0.0705632
0.0700236
0.0732468
0.0826747
0.100711
0.123804
0.130869
0.149123
0.0153744
-0.132262
-0.406902
-0.737039
-0.844501
-0.657902
-0.479517
-0.37772
-0.271125
-0.0581209
-0.00269688
0.0182356
0.0423019
0.0896962
0.121259
0.141891
0.147514
0.148397
0.147254
0.145414
0.143494
0.141691
0.140089
0.138701
0.137521
0.13653
0.135711
0.135041
0.134506
0.134088
0.133775
0.133549
0.133406
0.133321
0.133305
0.133315
0.133383
0.133446
0.0874556
0.0868675
0.0862795
0.0857092
0.0851684
0.0846189
0.0840765
0.0834876
0.0828365
0.0820633
0.0811194
0.079946
0.0784877
0.0767298
0.0746759
0.0724954
0.0704621
0.0693315
0.0701804
0.0748657
0.0843527
0.0977208
0.108772
0.069742
0.0394795
-0.146012
-0.386408
-0.688354
-0.961685
-0.888724
-0.646408
-0.482313
-0.397146
-0.052884
-0.0145034
0.0345853
0.0733367
0.123719
0.15701
0.160756
0.158393
0.155184
0.15163
0.148397
0.1456
0.143234
0.141255
0.13961
0.138249
0.137128
0.136213
0.135472
0.134882
0.13442
0.13407
0.133812
0.13364
0.133528
0.133483
0.133466
0.133505
0.133539
0.0867791
0.0861308
0.0854821
0.084843
0.0842264
0.0835858
0.0829348
0.0822149
0.0814078
0.0804552
0.0793125
0.0779326
0.0762788
0.0743648
0.0722423
0.0701297
0.0683847
0.0677252
0.0689619
0.0728361
0.0781833
0.0804926
0.0692273
0.0135775
-0.123787
-0.411734
-0.661181
-1.029
-1.13983
-0.873756
-0.60898
-0.653862
-0.0609263
-0.0306196
0.0535901
0.120262
0.171083
0.181432
0.172602
0.165661
0.159559
0.154493
0.15035
0.146993
0.144265
0.142045
0.140235
0.138758
0.137554
0.136578
0.135791
0.135165
0.134673
0.134298
0.134016
0.133822
0.133688
0.13362
0.133579
0.133592
0.133601
0.0860416
0.0853301
0.0846178
0.0839054
0.083208
0.0824706
0.0817052
0.08085
0.0798853
0.0787555
0.0774209
0.0758457
0.07401
0.0719478
0.0697424
0.0676188
0.0659019
0.0650592
0.0651896
0.0657142
0.0632198
0.0504083
0.01164
-0.0913556
-0.338971
-0.612332
-1.00365
-1.29884
-1.15138
-0.784345
-0.826862
-0.064268
-0.0198388
0.0980786
0.181671
0.197209
0.192797
0.179693
0.16966
0.162023
0.1561
0.15146
0.147794
0.144868
0.142517
0.140618
0.139079
0.137831
0.136823
0.136011
0.135365
0.134855
0.134464
0.134167
0.133957
0.133805
0.133719
0.133659
0.133649
0.133636
0.0852415
0.0844645
0.0836863
0.0828973
0.082115
0.0812768
0.0803936
0.0794012
0.0782792
0.0769752
0.0754543
0.073689
0.0716706
0.0694388
0.0670767
0.064752
0.0626071
0.0606444
0.0580857
0.0530829
0.0403566
0.00935427
-0.06547
-0.220776
-0.344761
-0.575423
-0.912043
-1.32116
-1.34327
-1.00168
-0.785673
-0.0463364
0.0369183
0.166867
0.239354
0.215158
0.252491
0.198286
0.182426
0.171285
0.162991
0.156731
0.151897
0.148117
0.145121
0.142726
0.140799
0.139242
0.137982
0.136964
0.136145
0.135492
0.134976
0.134577
0.134271
0.134049
0.133886
0.133784
0.133708
0.133679
0.133647
0.084378
0.0835341
0.0826884
0.0818207
0.0809509
0.0800099
0.079007
0.0778772
0.0765992
0.0751235
0.0734179
0.0714581
0.069236
0.0667766
0.0641179
0.0612868
0.0581169
0.0540503
0.0475107
0.0354403
0.0102688
-0.0429771
-0.145697
-0.244601
-0.320361
-0.51209
-0.789636
-1.20054
-1.36777
-1.15876
-0.621982
0.00230535
0.131373
0.241301
0.297213
0.219203
0.256058
0.289931
0.198557
0.182442
0.171178
0.162868
0.156624
0.151819
0.148066
0.145096
0.142723
0.140814
0.139273
0.138025
0.137018
0.136206
0.135557
0.135043
0.134643
0.134333
0.134105
0.133932
0.133819
0.13373
0.133685
0.133637
0.0834513
0.0825399
0.0816263
0.080679
0.0797206
0.0786761
0.0775535
0.0762872
0.0748544
0.0732072
0.0713122
0.069141
0.0666713
0.0638877
0.0607297
0.0570095
0.0522132
0.0452627
0.0338488
0.0133523
-0.0262101
-0.0933549
-0.165663
-0.233585
-0.298187
-0.450889
-0.663753
-1.02525
-1.26019
-1.20043
-0.396491
0.0957783
0.230514
0.313733
0.34388
0.216498
0.24807
0.27388
0.317441
0.195868
0.180619
0.169925
0.161979
0.155986
0.151356
0.14773
0.144854
0.142552
0.140697
0.139196
0.137981
0.136998
0.136204
0.135569
0.135063
0.134667
0.134359
0.134128
0.13395
0.133828
0.133728
0.133671
0.13361
0.0824625
0.0814841
0.0805033
0.0794769
0.0784302
0.0772831
0.0760418
0.0746401
0.0730529
0.0712307
0.069134
0.066721
0.0639386
0.060699
0.0568015
0.0518222
0.0449491
0.034616
0.0176177
-0.0118351
-0.0595044
-0.106117
-0.157974
-0.216157
-0.275069
-0.391715
-0.554931
-0.836828
-1.13136
-1.19342
-0.159019
0.212657
0.325519
0.373079
0.37474
0.210087
0.235559
0.255602
0.287393
0.332529
0.191474
0.177743
0.167948
0.160584
0.154979
0.150619
0.147185
0.144448
0.14225
0.140474
0.139034
0.137864
0.136917
0.13615
0.135535
0.135043
0.134657
0.134353
0.134122
0.133942
0.133814
0.133707
0.133639
0.133567
0.0814139
0.0803704
0.0793241
0.0782203
0.0770869
0.0758392
0.0744809
0.072945
0.0712017
0.0691969
0.0668789
0.0641824
0.061004
0.0571583
0.0522959
0.0458103
0.0366144
0.0225504
-7.86959e-05
-0.034664
-0.068562
-0.101783
-0.148258
-0.197503
-0.247491
-0.343875
-0.461962
-0.648143
-0.985025
-1.1521
0.0788248
0.330988
0.404853
0.413716
0.384021
0.202372
0.222431
0.237692
0.261268
0.292591
0.334325
0.186339
0.174316
0.165561
0.158879
0.153734
0.149694
0.14649
0.143922
0.14185
0.140169
0.138803
0.13769
0.136786
0.136053
0.135463
0.13499
0.134616
0.13432
0.134093
0.133912
0.133781
0.133668
0.133592
0.133512
0.0803089
0.0792032
0.0780944
0.0769165
0.075699
0.0743536
0.0728804
0.0712109
0.0693079
0.0671094
0.0645452
0.061515
0.0578497
0.0532672
0.0473141
0.0392249
0.0275498
0.00982118
-0.0159426
-0.0414266
-0.0662026
-0.0969872
-0.136297
-0.177419
-0.213614
-0.299511
-0.39892
-0.540841
-0.779442
-1.11884
0.283806
0.429807
0.461171
0.428101
0.368945
0.194494
0.210186
0.221943
0.239405
0.26144
0.290624
0.321668
0.181024
0.170683
0.162981
0.157006
0.152346
0.148651
0.145696
0.143312
0.141379
0.139805
0.13852
0.137471
0.136616
0.135921
0.13536
0.134909
0.13455
0.134264
0.134042
0.133864
0.133731
0.133615
0.133533
0.133446
0.079152
0.0779883
0.0768213
0.0755736
0.0742757
0.0728365
0.0712508
0.0694474
0.0673801
0.0649749
0.0621365
0.0587205
0.0544969
0.0491239
0.0420637
0.0323199
0.0182318
-0.00145008
-0.0206543
-0.0397813
-0.0629158
-0.0903848
-0.122496
-0.155319
-0.1808
-0.245303
-0.347842
-0.490812
-0.644121
-1.18871
0.440285
0.502452
0.484347
0.412356
0.32902
0.187039
0.199332
0.208454
0.221585
0.237556
0.257864
0.280645
0.29427
0.175861
0.167058
0.160355
0.155066
0.150889
0.14754
0.14484
0.142647
0.140859
0.139396
0.138198
0.137217
0.136415
0.135761
0.135232
0.134804
0.134463
0.134189
0.133975
0.133801
0.133668
0.133551
0.133464
0.133373
0.077949
0.0767329
0.0755129
0.0742008
0.0728274
0.0712986
0.0696031
0.0676661
0.0654298
0.0628049
0.0596653
0.0558284
0.0510332
0.044898
0.036729
0.0253825
0.0100492
-0.00474912
-0.0193941
-0.0373246
-0.0582771
-0.0819207
-0.107207
-0.129462
-0.140218
-0.179018
-0.294739
-0.464338
-0.573054
-1.37938
0.561732
0.537305
0.46787
0.365533
0.266708
0.180241
0.189923
0.197081
0.207068
0.218886
0.233659
0.249866
0.262475
0.252986
0.171018
0.16357
0.157777
0.15313
0.149413
0.146401
0.143953
0.14195
0.140308
0.138958
0.137849
0.136937
0.13619
0.135579
0.135083
0.134681
0.134359
0.134099
0.133893
0.133725
0.133594
0.133477
0.133387
0.133293
0.0767069
0.075445
0.0741783
0.0728086
0.0713653
0.0697523
0.0679506
0.0658812
0.0634728
0.0606173
0.057164
0.0529168
0.0475984
0.0407215
0.0314772
0.019344
0.0077264
-0.003773
-0.0176241
-0.033917
-0.0523929
-0.0716621
-0.0908445
-0.102218
-0.0808761
-0.093504
-0.2288
-0.417835
-0.532603
-1.5095
0.63487
0.521386
0.410115
0.291259
0.187943
0.174165
0.181846
0.187516
0.19522
0.20414
0.215056
0.227118
0.237336
0.236715
0.198518
0.16657
0.160289
0.155306
0.151245
0.147956
0.145263
0.143056
0.141238
0.13974
0.138502
0.137481
0.13664
0.135948
0.135381
0.134919
0.134544
0.134241
0.133996
0.133801
0.133638
0.133511
0.133395
0.133304
0.13321
0.0754338
0.0741339
0.0728282
0.0714085
0.0699022
0.0682114
0.0663088
0.0641102
0.0615292
0.0584443
0.0547001
0.0500977
0.0442865
0.0366864
0.0269522
0.0177191
0.00850886
-0.00240434
-0.0151804
-0.0296424
-0.0452918
-0.0604111
-0.0730812
-0.0651325
-0.00547305
0.00595851
-0.136588
-0.337033
-0.468164
-1.44418
0.614099
0.448449
0.317643
0.197217
0.0970455
0.168792
0.17493
0.179465
0.185479
0.192325
0.200573
0.209625
0.217868
0.220748
0.202096
0.132171
0.162536
0.157247
0.152974
0.149439
0.146541
0.144145
0.142166
0.140526
0.139166
0.138037
0.137103
0.136331
0.135694
0.135172
0.134744
0.134396
0.134114
0.133884
0.133699
0.133545
0.133422
0.133308
0.133218
0.133124
0.0741388
0.0728101
0.071474
0.0700135
0.0684524
0.0666919
0.0646958
0.0623741
0.0596299
0.0563436
0.0523634
0.047439
0.0411447
0.0332495
0.0258171
0.0183586
0.00960608
-0.000539422
-0.0120769
-0.0245598
-0.037387
-0.0482092
-0.0494288
-0.0142931
0.05387
-0.0247732
-0.219277
-0.388
-1.27209
0.499841
0.335917
0.200691
0.0882916
0.164064
0.169005
0.172664
0.177412
0.182739
0.189068
0.196
0.20255
0.206326
0.19825
0.161889
0.158907
0.154454
0.150798
0.147729
0.145186
0.143063
0.141297
0.139822
0.138594
0.137571
0.136721
0.136016
0.135433
0.134954
0.134561
0.134239
0.133978
0.133764
0.133591
0.133445
0.133328
0.133218
0.13313
0.133037
0.0728325
0.0714854
0.0701288
0.0686377
0.0670319
0.0652118
0.0631324
0.0607014
0.0578234
0.0543871
0.050204
0.0449631
0.0385047
0.0324539
0.026344
0.0192511
0.011071
0.00180939
-0.00835224
-0.0188948
-0.0286766
-0.032597
-0.0170829
0.0373441
0.100856
-0.0778225
-0.286058
-1.02844
0.335793
0.195635
0.0651731
0.159913
0.163917
0.16689
0.170676
0.174872
0.179796
0.185168
0.190386
0.194156
0.190919
0.17292
0.155655
0.151906
0.148783
0.146125
0.1439
0.142026
0.140455
0.139136
0.138032
0.137109
0.136339
0.135699
0.135169
0.134732
0.134373
0.134078
0.133838
0.13364
0.133479
0.133342
0.133231
0.133126
0.13304
0.13295
0.0715265
0.0701726
0.0688067
0.0672968
0.0656584
0.0637911
0.0616445
0.0591332
0.0561676
0.0526126
0.0482311
0.0429155
0.0379439
0.0328902
0.0270832
0.0204249
0.0129032
0.00461433
-0.0041462
-0.0126242
-0.0179158
-0.0121628
0.0209389
0.0724367
0.126699
-0.137552
-0.729943
0.13455
0.0319925
0.156269
0.159533
0.161964
0.165009
0.168345
0.172219
0.176433
0.180597
0.183993
0.183203
0.174394
0.152749
0.149592
0.146926
0.144629
0.142688
0.141039
0.139647
0.138473
0.137485
0.136656
0.135962
0.135385
0.134905
0.134508
0.134182
0.133914
0.133694
0.133512
0.133364
0.133237
0.133133
0.133034
0.132952
0.132865
0.0702338
0.0688859
0.0675232
0.0660079
0.0643509
0.0624538
0.0602673
0.057716
0.054692
0.051024
0.0466299
0.0425159
0.0383058
0.0335104
0.0280458
0.0218891
0.0150834
0.00780076
0.000526381
-0.00512948
-0.00443731
0.0151273
0.0522667
0.0977622
0.140471
-0.422908
-0.123846
0.153068
0.155742
0.15774
0.160206
0.16288
0.165957
0.169289
0.172627
0.175561
0.175899
0.171876
0.150154
0.147495
0.145223
0.143241
0.141552
0.140106
0.138878
0.137836
0.136956
0.136215
0.135593
0.135075
0.134643
0.134286
0.133991
0.133748
0.133549
0.133384
0.133249
0.133131
0.133035
0.132943
0.132865
0.132783
0.0689684
0.0676409
0.0662959
0.0647889
0.0631313
0.0612298
0.0590382
0.0564738
0.0533996
0.0497627
0.0463402
0.0428157
0.0388307
0.034315
0.0292447
0.0236282
0.0175686
0.0113545
0.0059275
0.00393773
0.0157008
0.0415269
0.0763948
0.113927
0.146804
0.150251
0.152449
0.154099
0.156108
0.158264
0.160726
0.163381
0.166064
0.168541
0.16938
0.167794
0.147837
0.145598
0.143663
0.141958
0.140492
0.139228
0.138148
0.137228
0.136448
0.135789
0.135235
0.134772
0.134386
0.134066
0.133802
0.133584
0.133405
0.133256
0.133134
0.133027
0.132939
0.132853
0.132781
0.132705
0.067745
0.0664545
0.0651422
0.0636599
0.0620257
0.0601497
0.0579778
0.0554109
0.0523994
0.0495476
0.0465876
0.0432632
0.0395139
0.0353183
0.0306676
0.025617
0.0203411
0.0153666
0.0122217
0.0189681
0.0370201
0.062928
0.0934584
0.124056
0.14904
0.147767
0.14958
0.150945
0.15259
0.154336
0.156316
0.158444
0.160602
0.162671
0.163679
0.163336
0.145767
0.143884
0.142239
0.140775
0.139506
0.138405
0.13746
0.13665
0.135962
0.135379
0.134889
0.134478
0.134135
0.133851
0.133616
0.133422
0.133263
0.13313
0.133021
0.132925
0.132845
0.132768
0.132701
0.132632
0.0665783
0.0653431
0.064082
0.062641
0.0610584
0.0592314
0.0570928
0.0546124
0.0522343
0.0497508
0.0469713
0.0438516
0.0403697
0.0365104
0.0322993
0.0278371
0.0234124
0.0199014
0.0235536
0.0360631
0.0552144
0.0793338
0.105491
0.13003
0.149047
0.145573
0.147069
0.148202
0.149553
0.150971
0.152569
0.154277
0.156018
0.15773
0.158745
0.159009
0.143916
0.142334
0.140939
0.139686
0.138591
0.137636
0.136812
0.136104
0.1355
0.134988
0.134556
0.134194
0.133892
0.133642
0.133435
0.133264
0.133124
0.133007
0.132911
0.132826
0.132755
0.132686
0.132626
0.132563
0.0654869
0.0643196
0.0631442
0.061768
0.0602476
0.0584845
0.0564501
0.0544812
0.0524
0.0500818
0.0474847
0.0445943
0.0413899
0.0378816
0.034122
0.0302634
0.0267989
0.028569
0.0372131
0.0512821
0.0700276
0.091752
0.11372
0.133321
0.147909
0.143629
0.144865
0.145806
0.146917
0.148071
0.149362
0.150734
0.152141
0.153547
0.154489
0.155023
0.14226
0.140935
0.139754
0.138685
0.137745
0.13692
0.136205
0.135589
0.135063
0.134615
0.134238
0.133922
0.133658
0.13344
0.13326
0.133112
0.13299
0.132889
0.132805
0.132731
0.13267
0.132609
0.132557
0.132501
0.0644941
0.0633972
0.0623155
0.0610412
0.0596049
0.0579624
0.0563406
0.0546158
0.0526873
0.050535
0.0481392
0.0454842
0.0425677
0.0394153
0.0360971
0.032888
0.0335316
0.0395133
0.0498181
0.0642618
0.0818905
0.100959
0.119244
0.134905
0.146231
0.141905
0.142923
0.143705
0.14462
0.145558
0.146602
0.147702
0.148835
0.149984
0.150817
0.151442
0.140776
0.13967
0.138674
0.137766
0.136962
0.136254
0.135638
0.135106
0.13465
0.134262
0.133935
0.133661
0.133434
0.133246
0.133091
0.132965
0.132861
0.132775
0.132704
0.132642
0.13259
0.132539
0.132493
0.132446
0.0636178
0.0626289
0.06164
0.0604786
0.0591735
0.0578685
0.0564486
0.0548671
0.0530916
0.0511198
0.048929
0.0465165
0.0438881
0.0410695
0.0382052
0.0382063
0.0423528
0.0499196
0.0609875
0.0751272
0.0912123
0.107705
0.122856
0.135431
0.144349
0.140372
0.141208
0.141856
0.142609
0.143369
0.144212
0.145092
0.145999
0.146932
0.147646
0.148265
0.139445
0.138526
0.13769
0.136924
0.136241
0.135637
0.135109
0.134652
0.134261
0.133928
0.133648
0.133414
0.13322
0.133061
0.132931
0.132825
0.132739
0.132668
0.13261
0.132559
0.132516
0.132474
0.132436
0.132398
0.0628581
0.0619977
0.0611291
0.0601164
0.0590879
0.0579559
0.0566698
0.0552319
0.053621
0.0518316
0.04985
0.0476772
0.0453103
0.0428207
0.0424807
0.0453739
0.0509536
0.0594387
0.0706864
0.0840553
0.0984548
0.11259
0.125144
0.135315
0.142445
0.139006
0.139689
0.140225
0.140841
0.141456
0.142133
0.142834
0.143556
0.144301
0.144902
0.145465
0.138249
0.137492
0.136795
0.136152
0.135575
0.135064
0.134616
0.134229
0.133896
0.133614
0.133377
0.13318
0.133018
0.132886
0.132779
0.132692
0.132623
0.132567
0.132522
0.132482
0.132449
0.132417
0.132388
0.132357
0.0622436
0.061528
0.0608126
0.0600387
0.0591571
0.0581535
0.0570025
0.0557168
0.0542714
0.0526665
0.0508896
0.0489293
0.0468102
0.04632
0.0483608
0.0525112
0.0590341
0.0679633
0.0789516
0.0913044
0.10403
0.116091
0.126522
0.134826
0.140615
0.137786
0.138339
0.13878
0.139282
0.139775
0.140315
0.140869
0.141439
0.142025
0.142518
0.143004
0.137174
0.136555
0.135979
0.135445
0.134963
0.134535
0.134159
0.133833
0.133555
0.133319
0.133123
0.13296
0.132827
0.13272
0.132635
0.132568
0.132515
0.132474
0.132441
0.132413
0.13239
0.132367
0.132346
0.132323
0.0617876
0.0612464
0.0607371
0.0600963
0.0593348
0.0584608
0.0574517
0.0563184
0.0550392
0.0536134
0.052015
0.0502496
0.0497255
0.0511954
0.0543201
0.0593697
0.0664623
0.0754532
0.0859056
0.0971364
0.108294
0.118574
0.127285
0.134132
0.138906
0.136696
0.137138
0.137499
0.137903
0.138295
0.138721
0.139151
0.139596
0.140049
0.14044
0.140845
0.136206
0.135708
0.135236
0.134798
0.1344
0.134046
0.133735
0.133466
0.133237
0.133044
0.132884
0.132754
0.132649
0.132566
0.132502
0.132453
0.132416
0.132388
0.132368
0.132351
0.132338
0.132325
0.132311
0.132298
0.0615172
0.0611746
0.0607836
0.0602606
0.059621
0.0588818
0.0580146
0.0570333
0.055914
0.0546435
0.0532045
0.0527216
0.0538143
0.0562096
0.0601571
0.0658173
0.0731608
0.0819455
0.0916998
0.1018
0.111541
0.120314
0.127634
0.133342
0.137337
0.135719
0.136067
0.136358
0.13668
0.136988
0.137317
0.137644
0.137983
0.138327
0.138621
0.138946
0.135335
0.13494
0.13456
0.134207
0.133883
0.133595
0.133342
0.133125
0.13294
0.132787
0.132661
0.132561
0.132482
0.132422
0.132378
0.132346
0.132325
0.132311
0.132303
0.132298
0.132294
0.13229
0.132286
0.13228
0.0614455
0.0612171
0.0609359
0.0605324
0.0600189
0.0594141
0.0586876
0.0578521
0.0568712
0.0557374
0.0553362
0.0561915
0.0580707
0.061201
0.0657507
0.071763
0.0791168
0.0875147
0.0964957
0.105515
0.114005
0.121514
0.127712
0.13252
0.135911
0.134843
0.135107
0.135339
0.135593
0.135828
0.136077
0.136318
0.136566
0.136816
0.137029
0.137274
0.134549
0.134244
0.133945
0.133666
0.133409
0.13318
0.13298
0.132809
0.132666
0.132549
0.132455
0.132382
0.132328
0.13229
0.132265
0.13225
0.132244
0.132243
0.132247
0.132252
0.132259
0.132265
0.132268
0.132273
0.0614836
0.0613646
0.0611948
0.0609142
0.0605265
0.0600543
0.0594622
0.058754
0.0578934
0.0576062
0.0583176
0.0598401
0.062366
0.0660636
0.0710095
0.0771671
0.0843545
0.092257
0.100448
0.108468
0.115871
0.122325
0.127614
0.131708
0.134624
0.134056
0.13425
0.134433
0.134624
0.134798
0.134977
0.135146
0.135319
0.135489
0.135634
0.135803
0.13384
0.133613
0.133385
0.133171
0.132974
0.132798
0.132646
0.132518
0.132412
0.132328
0.132264
0.132218
0.132187
0.132169
0.132162
0.132164
0.132172
0.132184
0.1322
0.132216
0.132232
0.132247
0.132262
0.0616263
0.0616181
0.0615622
0.0614042
0.0611402
0.0607947
0.0603208
0.0597234
0.0595574
0.0602003
0.0614778
0.0635645
0.0666101
0.0707123
0.0758816
0.0820229
0.0889236
0.0962749
0.103699
0.110815
0.117281
0.122858
0.127408
0.13093
0.133466
0.133349
0.133482
0.133621
0.13376
0.13388
0.134002
0.134111
0.134218
0.134321
0.134406
0.134508
0.133201
0.133042
0.132876
0.13272
0.132576
0.132448
0.132339
0.132249
0.132179
0.132126
0.132089
0.132067
0.132058
0.13206
0.13207
0.132087
0.132109
0.132135
0.132162
0.132188
0.132214
0.13224
0.0618742
0.0619789
0.0620364
0.0619992
0.0618532
0.061621
0.0612497
0.0612276
0.0618439
0.0629678
0.064735
0.0672893
0.0707269
0.0750918
0.0803426
0.0863485
0.0928865
0.0996686
0.106369
0.112683
0.118346
0.123192
0.127138
0.130198
0.13243
0.132712
0.132793
0.132894
0.132987
0.133063
0.133133
0.133192
0.133244
0.133289
0.133321
0.133367
0.132624
0.132523
0.132413
0.132309
0.132212
0.132127
0.132058
0.132003
0.131965
0.13194
0.131929
0.131931
0.131942
0.131962
0.13199
0.132022
0.132057
0.132095
0.132132
0.132169
0.132207
0.0622283
0.0624458
0.0626145
0.0626929
0.0626539
0.062521
0.062629
0.0632697
0.0642957
0.0658434
0.0680264
0.0709481
0.0746624
0.0791687
0.0843903
0.0901771
0.0963103
0.102531
0.108566
0.114171
0.119151
0.123387
0.126835
0.129519
0.131503
0.132139
0.132175
0.132241
0.132294
0.132332
0.13236
0.132374
0.13238
0.132377
0.132362
0.132359
0.132103
0.132053
0.131993
0.131934
0.131879
0.131834
0.131801
0.131779
0.131769
0.131772
0.131785
0.131808
0.131839
0.131877
0.13192
0.131967
0.132016
0.132064
0.132112
0.132162
0.0626873
0.0630161
0.0632913
0.0634761
0.0635315
0.0638031
0.0644774
0.0654678
0.0668603
0.0687747
0.0712949
0.0744908
0.0783797
0.0829283
0.0880374
0.0935503
0.0992619
0.104946
0.110377
0.115362
0.119759
0.123484
0.126521
0.128897
0.130676
0.131623
0.13162
0.131654
0.131674
0.131678
0.131669
0.131646
0.131612
0.131569
0.131512
0.131466
0.131633
0.131628
0.131611
0.131593
0.131577
0.131568
0.131566
0.131575
0.131593
0.13162
0.131656
0.131699
0.131749
0.131804
0.131862
0.131923
0.131984
0.132043
0.132105
0.0632487
0.063685
0.0640597
0.0643389
0.06474
0.065499
0.0664731
0.0677798
0.069494
0.0717129
0.0744953
0.0778804
0.0818575
0.0863699
0.0913065
0.0965134
0.101804
0.106986
0.111874
0.11632
0.120218
0.123515
0.126209
0.128329
0.129937
0.131157
0.131121
0.131127
0.131117
0.131092
0.131051
0.130997
0.130928
0.130851
0.130759
0.130676
0.131208
0.131242
0.131265
0.131283
0.131302
0.131325
0.131354
0.13139
0.131433
0.131484
0.131541
0.131604
0.131671
0.131743
0.131816
0.131889
0.131961
0.132036
0.063909
0.0644468
0.0649116
0.0654913
0.0663181
0.067334
0.0685815
0.0701689
0.0721554
0.0746181
0.0775921
0.0810922
0.0850861
0.0895023
0.0942261
0.0991121
0.103996
0.108714
0.113118
0.117094
0.120567
0.123501
0.125908
0.127814
0.129278
0.130737
0.130672
0.130653
0.130618
0.130567
0.130498
0.130416
0.130318
0.130212
0.13009
0.129975
0.130825
0.130894
0.130952
0.131003
0.131054
0.131106
0.131163
0.131225
0.131292
0.131364
0.131442
0.131523
0.131607
0.131694
0.131781
0.131866
0.131953
0.0646643
0.0652947
0.066026
0.0669804
0.0680282
0.0692796
0.0707714
0.0725995
0.0748091
0.0774575
0.0805599
0.0841116
0.0880651
0.0923414
0.0968274
0.10139
0.105887
0.110181
0.114156
0.117723
0.120831
0.123459
0.125622
0.12735
0.12869
0.130359
0.130269
0.130227
0.130169
0.130095
0.130003
0.129897
0.129774
0.129643
0.129494
0.129353
0.130479
0.130579
0.130669
0.13075
0.13083
0.13091
0.130992
0.131077
0.131167
0.13126
0.131356
0.131455
0.131557
0.131657
0.131756
0.131857
0.0655087
0.0663869
0.0674508
0.0685958
0.0698465
0.0713088
0.0730123
0.0750408
0.0774252
0.0802057
0.0833812
0.0869319
0.0908011
0.0949069
0.0991424
0.103389
0.107523
0.111433
0.115028
0.118239
0.121034
0.123399
0.125356
0.126931
0.128165
0.130018
0.129907
0.129844
0.129765
0.129671
0.129559
0.129433
0.129288
0.129135
0.128964
0.1288
0.130169
0.130296
0.130414
0.130523
0.130629
0.130734
0.13084
0.130948
0.131058
0.131171
0.131286
0.131402
0.131517
0.131631
0.131747
0.066586
0.0677732
0.0689976
0.0703172
0.0717492
0.0733953
0.075277
0.0774657
0.0799797
0.0828443
0.0860454
0.0895528
0.0933048
0.0972208
0.101202
0.105144
0.108942
0.112506
0.115764
0.118666
0.12119
0.123331
0.12511
0.126555
0.127698
0.129712
0.129581
0.1295
0.129403
0.129291
0.129161
0.129016
0.128854
0.128682
0.128492
0.128309
0.129889
0.130041
0.130185
0.130319
0.13045
0.130578
0.130707
0.130836
0.130966
0.131098
0.131229
0.13136
0.13149
0.131621
0.0679467
0.0692783
0.0706484
0.072123
0.0737133
0.0755147
0.0775409
0.0798516
0.0824538
0.0853605
0.0885478
0.0919789
0.0955905
0.0993057
0.103035
0.106688
0.110178
0.113431
0.116391
0.119023
0.121312
0.123259
0.124885
0.126218
0.127282
0.129438
0.12929
0.12919
0.129078
0.128949
0.128803
0.128643
0.128465
0.128278
0.128072
0.127871
0.129638
0.129814
0.129981
0.130138
0.130292
0.130442
0.130591
0.130741
0.13089
0.131039
0.131186
0.131333
0.13148
0.0694251
0.0708859
0.0723836
0.0739926
0.0757168
0.077645
0.0797833
0.0821803
0.0848336
0.0877464
0.090888
0.0942178
0.0976735
0.101184
0.104669
0.10805
0.111258
0.114231
0.116929
0.119323
0.121408
0.123188
0.12468
0.125917
0.126911
0.129192
0.129028
0.128912
0.128786
0.128642
0.128483
0.128309
0.128117
0.127916
0.127696
0.127481
0.129414
0.129611
0.1298
0.129979
0.130153
0.130324
0.130494
0.130662
0.130829
0.130994
0.131158
0.131322
0.0710056
0.0725773
0.0741842
0.075906
0.0777397
0.0797668
0.0819864
0.0844373
0.0871094
0.0899982
0.0930689
0.0962794
0.09957
0.102875
0.106126
0.109256
0.112206
0.114929
0.117393
0.119579
0.121485
0.123119
0.124496
0.125648
0.126581
0.128974
0.128794
0.128664
0.128524
0.128367
0.128196
0.128009
0.127806
0.127593
0.127361
0.127133
0.129215
0.129431
0.12964
0.129839
0.130034
0.130224
0.130413
0.130599
0.130782
0.130964
0.131147
0.0726701
0.0743347
0.0760317
0.0778446
0.0797638
0.0818632
0.0841358
0.0866118
0.0892751
0.0921154
0.0950961
0.0981748
0.101296
0.104401
0.10743
0.110326
0.113042
0.11554
0.117797
0.1198
0.121549
0.123055
0.12433
0.125408
0.126288
0.12878
0.128586
0.128441
0.128289
0.128121
0.127938
0.127741
0.127528
0.127304
0.127063
0.126824
0.129038
0.129273
0.129501
0.129719
0.129933
0.130143
0.130349
0.130551
0.130752
0.130953
0.0744013
0.0761406
0.0779086
0.0797914
0.0817731
0.0839201
0.0862202
0.088696
0.0913274
0.0941
0.0969763
0.0999157
0.102867
0.105778
0.108598
0.111278
0.113782
0.116078
0.118151
0.119992
0.121603
0.122996
0.124182
0.125194
0.126028
0.128609
0.1284
0.128243
0.12808
0.1279
0.127708
0.1275
0.127279
0.127046
0.126797
0.126549
0.128883
0.129135
0.129381
0.129618
0.12985
0.130077
0.1303
0.13052
0.13074
0.0761822
0.0779781
0.0797988
0.0817312
0.0837538
0.0859258
0.0882308
0.0906852
0.0932657
0.0959556
0.0987177
0.101514
0.104297
0.107023
0.109647
0.112129
0.11444
0.116555
0.118464
0.120161
0.12165
0.122944
0.124051
0.125004
0.125796
0.128459
0.128237
0.128068
0.127893
0.127703
0.127501
0.127285
0.127056
0.126815
0.12656
0.126304
0.128748
0.129017
0.12928
0.129535
0.129784
0.130027
0.130267
0.130507
0.0779964
0.0798317
0.0816876
0.0836505
0.0856941
0.0878711
0.0901613
0.0925765
0.095091
0.097687
0.100329
0.10298
0.105601
0.10815
0.110591
0.112892
0.115027
0.11698
0.118742
0.120311
0.121691
0.122897
0.123935
0.124834
0.12559
0.128329
0.128093
0.127913
0.127728
0.127528
0.127318
0.127094
0.126857
0.126609
0.126349
0.126085
0.128632
0.128918
0.129197
0.129468
0.129733
0.129994
0.130255
0.0798286
0.0816871
0.0835617
0.0855377
0.0875845
0.0897487
0.0920077
0.0943689
0.0968058
0.0993001
0.101818
0.104326
0.106789
0.109172
0.111444
0.113578
0.115554
0.117361
0.118991
0.120446
0.12173
0.122857
0.123833
0.124684
0.125409
0.128218
0.127969
0.127777
0.127581
0.127373
0.127154
0.126923
0.12668
0.126426
0.126161
0.12589
0.128534
0.128837
0.129132
0.129418
0.1297
0.129981
0.0816646
0.0835313
0.0854096
0.0873829
0.0894173
0.0915536
0.0937674
0.0960629
0.0984136
0.100801
0.103194
0.105562
0.107874
0.110101
0.112215
0.114197
0.116029
0.117703
0.119215
0.120568
0.121765
0.122822
0.123743
0.124552
0.125248
0.128125
0.127861
0.127659
0.127453
0.127236
0.12701
0.126771
0.126523
0.126263
0.125993
0.125716
0.128455
0.128772
0.12908
0.129384
0.129687
0.0834918
0.085353
0.0872215
0.0891781
0.0911864
0.093282
0.0954394
0.0976603
0.0999185
0.102196
0.104465
0.106697
0.108866
0.110946
0.112915
0.114756
0.116457
0.118012
0.119418
0.120679
0.121799
0.122793
0.123664
0.124435
0.125106
0.12805
0.127771
0.127558
0.127342
0.127116
0.126882
0.126638
0.126383
0.126118
0.125845
0.125563
0.128391
0.128722
0.129047
0.129372
0.0852986
0.0871422
0.0889889
0.0909169
0.0928874
0.0949317
0.0970237
0.0991634
0.101325
0.103493
0.105639
0.10774
0.109773
0.111716
0.113551
0.115264
0.116846
0.118292
0.119602
0.120781
0.121832
0.122768
0.123596
0.124331
0.124981
0.127989
0.127697
0.127473
0.127246
0.127012
0.126771
0.12652
0.12626
0.12599
0.125713
0.125427
0.128342
0.128689
0.129035
0.0870752
0.0888905
0.0907052
0.0925941
0.0945172
0.0965017
0.0985216
0.100575
0.102639
0.104696
0.106723
0.108699
0.110604
0.112419
0.11413
0.115726
0.117199
0.118547
0.119771
0.120875
0.121864
0.122749
0.123537
0.124241
0.12487
0.127942
0.127637
0.127403
0.127166
0.126924
0.126675
0.126418
0.126153
0.125878
0.125598
0.125307
0.128311
0.128677
0.0888129
0.0905909
0.0923648
0.094206
0.0960738
0.097992
0.0999348
0.1019
0.103864
0.105813
0.107724
0.109581
0.111366
0.113062
0.114658
0.116146
0.11752
0.118779
0.119925
0.120961
0.121894
0.122734
0.123486
0.124161
0.124773
0.127913
0.127594
0.127347
0.1271
0.126849
0.126592
0.126329
0.126059
0.12578
0.125496
0.125202
0.128299
0.0905049
0.0922378
0.0939635
0.09575
0.0975564
0.0994034
0.101266
0.10314
0.105005
0.106848
0.108649
0.110393
0.112064
0.11365
0.115141
0.11653
0.117813
0.118992
0.120066
0.121042
0.121924
0.122722
0.123443
0.124092
0.124687
0.127901
0.127564
0.127306
0.127047
0.126787
0.126524
0.126253
0.125978
0.125694
0.125407
0.12511
0.092145
0.0938265
0.0954982
0.0972245
0.0989648
0.100737
0.102517
0.104301
0.106069
0.107809
0.109504
0.111141
0.112706
0.114189
0.115582
0.11688
0.118082
0.119186
0.120196
0.121117
0.121953
0.122713
0.123405
0.124032
0.124612
0.127552
0.127277
0.127008
0.126738
0.126467
0.126191
0.125909
0.125621
0.125329
0.12503
0.0937288
0.0953539
0.0969669
0.0986289
0.1003
0.101995
0.103691
0.105385
0.107058
0.108699
0.110293
0.111829
0.113295
0.114683
0.115986
0.117201
0.118327
0.119364
0.120316
0.121186
0.121982
0.122707
0.123373
0.12398
0.124547
0.127265
0.12698
0.126701
0.12642
0.126139
0.125851
0.125559
0.125263
0.124961
0.0952527
0.0968174
0.0983684
0.099963
0.101562
0.103179
0.104792
0.106398
0.107978
0.109524
0.111022
0.112463
0.113836
0.115136
0.116356
0.117495
0.118551
0.119527
0.120425
0.121251
0.122009
0.122704
0.123346
0.123936
0.12449
0.126969
0.126676
0.126387
0.126095
0.125805
0.125507
0.125207
0.124902
0.0967141
0.0982157
0.0997022
0.101228
0.102754
0.104293
0.105823
0.107342
0.108833
0.110288
0.111696
0.113047
0.114334
0.115551
0.116695
0.117763
0.118756
0.119676
0.120526
0.12131
0.122034
0.122702
0.123323
0.123898
0.124442
0.126666
0.126364
0.126065
0.125765
0.125465
0.12516
0.124852
0.0981114
0.0995481
0.100969
0.102423
0.103876
0.105338
0.106787
0.108222
0.109627
0.110996
0.112317
0.113584
0.114791
0.115932
0.117005
0.118009
0.118944
0.119813
0.120618
0.121365
0.122058
0.122702
0.123304
0.123866
0.124401
0.126355
0.126045
0.125738
0.12543
0.125122
0.124811
0.0994437
0.100814
0.102168
0.103552
0.104932
0.106317
0.107687
0.10904
0.110364
0.11165
0.11289
0.114079
0.11521
0.116281
0.117289
0.118233
0.119115
0.119937
0.120702
0.121415
0.122081
0.122703
0.123288
0.123839
0.124367
0.126038
0.12572
0.125406
0.125092
0.124777
0.100711
0.102015
0.103302
0.104616
0.105924
0.107233
0.108527
0.109802
0.111046
0.112255
0.113419
0.114534
0.115595
0.116601
0.117548
0.118438
0.119271
0.12005
0.120779
0.121461
0.122102
0.122704
0.123275
0.123818
0.124338
0.125714
0.12539
0.12507
0.124751
0.101913
0.103151
0.104371
0.105616
0.106853
0.108089
0.109309
0.110509
0.111679
0.112813
0.113906
0.114952
0.115948
0.116892
0.117784
0.118623
0.119412
0.120152
0.120848
0.121503
0.12212
0.122706
0.123265
0.123799
0.124316
0.125385
0.125056
0.124732
0.103051
0.104223
0.105378
0.106555
0.107723
0.108889
0.110037
0.111165
0.112264
0.113328
0.114353
0.115335
0.116271
0.117159
0.117999
0.118792
0.119539
0.120244
0.12091
0.121539
0.122138
0.12271
0.123256
0.123786
0.1243
0.125051
0.124718
0.104126
0.105233
0.106325
0.107435
0.108536
0.109633
0.110713
0.111772
0.112804
0.113803
0.114764
0.115686
0.116565
0.117401
0.118193
0.118944
0.119654
0.120326
0.120964
0.121573
0.122156
0.122709
0.123251
0.123776
0.124289
0.124713
0.105139
0.106184
0.107212
0.108258
0.109295
0.110326
0.11134
0.112334
0.113302
0.114238
0.115141
0.116006
0.116832
0.11762
0.118368
0.119079
0.119755
0.120398
0.121013
0.121602
0.122163
0.122713
0.123246
0.123768
0.124285
0.106092
0.107075
0.108044
0.109026
0.110001
0.110969
0.11192
0.112853
0.11376
0.114638
0.115485
0.116297
0.117075
0.117817
0.118525
0.1192
0.119845
0.120462
0.121053
0.12162
0.122175
0.122714
0.123243
0.123766
0.106987
0.107911
0.10882
0.109743
0.110657
0.111565
0.112457
0.11333
0.11418
0.115003
0.115798
0.116561
0.117293
0.117993
0.118664
0.119307
0.119921
0.120512
0.121085
0.12164
0.122183
0.122715
0.123242
0.107826
0.108692
0.109545
0.11041
0.111266
0.112116
0.112951
0.113769
0.114564
0.115336
0.11608
0.116798
0.117488
0.11815
0.118787
0.119396
0.119984
0.120558
0.121112
0.121655
0.122188
0.122716
0.108611
0.109422
0.11022
0.111028
0.11183
0.112624
0.113405
0.11417
0.114915
0.115637
0.116336
0.117011
0.117661
0.118288
0.11889
0.119473
0.120043
0.120594
0.121133
0.121664
0.12219
0.109343
0.110101
0.110846
0.111601
0.11235
0.113092
0.113821
0.114536
0.115232
0.115909
0.116565
0.1172
0.117813
0.118406
0.118979
0.119542
0.120086
0.12062
0.121147
0.121668
0.110026
0.110732
0.111427
0.112131
0.112829
0.11352
0.114201
0.114868
0.115519
0.116153
0.116768
0.117365
0.117944
0.118506
0.119057
0.119593
0.120119
0.120638
0.121152
0.11066
0.111317
0.111963
0.112618
0.113268
0.113911
0.114546
0.115168
0.115776
0.116369
0.116946
0.117509
0.118056
0.118592
0.119116
0.119631
0.120141
0.120645
0.111248
0.111857
0.112457
0.113065
0.113668
0.114267
0.114857
0.115436
0.116004
0.116559
0.117101
0.11763
0.118149
0.118658
0.11916
0.119657
0.120149
0.111791
0.112355
0.11291
0.113473
0.114033
0.114588
0.115136
0.115675
0.116204
0.116723
0.117232
0.117731
0.118222
0.118708
0.11919
0.119667
0.112292
0.112812
0.113325
0.113845
0.114362
0.114876
0.115384
0.115885
0.116378
0.116863
0.11734
0.117811
0.118278
0.118742
0.119201
0.112751
0.11323
0.113701
0.11418
0.114657
0.115132
0.115602
0.116066
0.116525
0.116978
0.117426
0.117872
0.118315
0.118755
0.113172
0.11361
0.114042
0.114481
0.11492
0.115357
0.115791
0.116221
0.116647
0.11707
0.117492
0.117913
0.11833
0.113554
0.113954
0.114348
0.114749
0.115151
0.115552
0.115951
0.116348
0.116743
0.117139
0.117535
0.117928
0.113899
0.114262
0.114619
0.114985
0.115351
0.115717
0.116083
0.116449
0.116817
0.117186
0.117552
0.11421
0.114537
0.114859
0.115189
0.115521
0.115854
0.116189
0.116527
0.116867
0.117204
0.114485
0.114778
0.115066
0.115363
0.115661
0.115963
0.116269
0.116578
0.116885
0.114728
0.114987
0.115242
0.115506
0.115773
0.116046
0.116323
0.116598
0.114939
0.115165
0.115387
0.11562
0.115858
0.116101
0.116343
0.115117
0.115312
0.115503
0.115707
0.115915
0.116122
0.115265
0.115429
0.115592
0.115765
0.115936
0.115383
0.115518
0.115651
0.115787
0.115473
0.115576
0.115674
0.115534
0.115598
0.115558
)
;

boundaryField
{
    inlet
    {
        type            zeroGradient;
    }
    outlet
    {
        type            fixedValue;
        value           uniform 0;
    }
    upperWall
    {
        type            symmetryPlane;
    }
    lowerWall
    {
        type            symmetryPlane;
    }
    cylinder
    {
        type            zeroGradient;
    }
    frontAndBack
    {
        type            empty;
    }
}


// ************************************************************************* //
