/*--------------------------------*- C++ -*----------------------------------*\
| =========                 |                                                 |
| \\      /  F ield         | OpenFOAM: The Open Source CFD Toolbox           |
|  \\    /   O peration     | Version:  2506                                  |
|   \\  /    A nd           | Website:  www.openfoam.com                      |
|    \\/     M anipulation  |                                                 |
\*---------------------------------------------------------------------------*/
FoamFile
{
    version     2.0;
    format      ascii;
    arch        "LSB;label=32;scalar=64";
    class       volVectorField;
    location    "200";
    object      U;
}
// * * * * * * * * * * * * * * * * * * * * * * * * * * * * * * * * * * * * * //

dimensions      [0 1 -1 0 0 0 0];

internalField   nonuniform List<vector> 
1340
(
(18.5634 14.7027 -5.04335e-19)
(19.3674 15.3981 1.9534e-17)
(20.2697 16.0614 -1.89597e-17)
(19.2269 13.9933 1.43647e-17)
(19.9763 14.6311 -4.16843e-18)
(20.8147 15.2396 1.76101e-17)
(21.705 15.7725 -9.55851e-17)
(22.6861 16.246 1.0624e-17)
(19.8183 13.3492 1.21494e-17)
(20.5201 13.9357 -1.95746e-17)
(21.3028 14.4949 -1.96733e-17)
(22.1299 14.984 1.22759e-17)
(23.0397 15.4196 3.21479e-17)
(24.0058 15.7811 -1.39802e-16)
(25.009 16.0521 -5.78899e-17)
(20.3476 12.7609 -1.85283e-17)
(21.0073 13.3013 -5.49518e-17)
(21.7408 13.8161 1.00735e-17)
(22.5124 14.2655 -2.92565e-18)
(23.3594 14.6663 -9.37655e-17)
(24.2567 14.9996 1.90724e-16)
(25.1859 15.2508 -3.17898e-16)
(26.1509 15.4172 1.01981e-15)
(20.8235 12.2204 2.72812e-17)
(21.4455 12.7193 1.46221e-17)
(22.1353 13.1938 1.98449e-17)
(22.8576 13.6069 3.26402e-17)
(23.6491 13.9756 -5.42652e-17)
(24.4854 14.2823 9.08045e-17)
(25.349 14.5141 4.26735e-16)
(26.2447 14.6692 -5.69622e-16)
(27.1596 14.7411 -2.67963e-16)
(21.253 11.7217 3.8023e-18)
(21.8409 12.1828 -7.19884e-19)
(22.4914 12.6206 -1.44831e-17)
(23.1697 13.0007 1.69493e-18)
(23.9114 13.3398 8.53867e-17)
(24.6932 13.6216 -1.88217e-16)
(25.4983 13.8346 -3.62113e-17)
(26.3318 13.9778 -1.52952e-16)
(27.1819 14.0457 -1.77698e-16)
(21.6418 11.2595 -5.53082e-17)
(22.1988 11.6863 5.16701e-17)
(22.8135 12.0905 -2.05233e-18)
(23.452 12.4405 4.85098e-18)
(24.149 12.7521 1.58585e-16)
(24.8818 13.0106 -9.13754e-17)
(25.6343 13.2057 -4.52713e-16)
(26.4118 13.3368 7.06829e-16)
(27.2035 13.3993 4.90817e-16)
(28.0044 13.3894 -3.83589e-16)
(21.9948 10.8298 2.45052e-17)
(22.5234 11.2251 3.43693e-18)
(23.1054 11.5987 7.40774e-18)
(23.7078 11.9209 3.18191e-17)
(24.3642 12.2072 -1.64011e-16)
(25.0526 12.4439 4.50999e-16)
(25.7576 12.6219 3.0084e-16)
(26.4845 12.7411 -4.33016e-16)
(27.2233 12.7976 -3.1503e-16)
(27.9696 12.7881 2.61012e-16)
(28.7238 12.7097 9.39659e-17)
(22.316 10.429 -2.18357e-17)
(22.8184 10.7954 -8.64689e-18)
(23.3703 11.1409 -1.06215e-18)
(23.9397 11.4375 -9.93698e-18)
(24.559 11.7004 -4.58684e-17)
(25.207 11.9169 -6.57952e-16)
(25.8687 12.0787 -1.91657e-16)
(26.5497 12.1863 -1.63203e-16)
(27.2403 12.2363 1.60201e-16)
(27.9368 12.2261 1.60176e-16)
(28.6402 12.153 2.01841e-16)
(22.6089 10.0542 2.41835e-17)
(23.0869 10.3941 4.6592e-17)
(23.6111 10.7135 4.82971e-18)
(24.1501 10.9867 2.10678e-17)
(24.7353 11.2278 1.26963e-16)
(25.3463 11.4254 1.54433e-16)
(25.9685 11.5721 1.976e-16)
(26.6076 11.6685 1.80644e-16)
(27.2542 11.7118 -3.04054e-16)
(27.9053 11.6999 -1.96806e-17)
(28.5619 11.6308 -1.0378e-16)
(29.2199 11.5016 2.05744e-16)
(22.8765 9.70291 -5.30993e-18)
(23.3318 10.0182 -3.74402e-17)
(23.8302 10.3137 4.67185e-18)
(24.3411 10.5651 1.73007e-17)
(24.8949 10.7862 -5.22079e-17)
(25.4717 10.9662 5.68305e-17)
(26.0577 11.0987 -3.51962e-16)
(26.6583 11.1843 3.09604e-16)
(27.2647 11.2209 6.41772e-17)
(27.874 11.2069 1.48563e-16)
(28.4877 11.1404 -1.46237e-16)
(29.1022 11.0192 3.19374e-16)
(23.1213 9.37295 -4.05892e-17)
(23.5554 9.66558 1.8038e-17)
(24.0296 9.93879 -1.44166e-17)
(24.5144 10.1703 -4.51666e-18)
(25.0391 10.3727 7.25944e-17)
(25.5844 10.5364 9.50136e-17)
(26.137 10.6555 -1.38302e-16)
(26.7021 10.731 -1.28526e-16)
(27.2715 10.761 2.10386e-16)
(27.8424 10.7443 -7.51889e-16)
(28.4167 10.6796 1.09179e-15)
(28.9911 10.5648 -1.20282e-15)
(29.5642 10.397 1.08062e-15)
(23.3455 9.06246 7.71554e-20)
(23.7596 9.33405 -1.47536e-17)
(24.2113 9.58672 9.5357e-18)
(24.6718 9.79963 -8.4371e-18)
(25.1693 9.98482 -1.38437e-17)
(25.6854 10.1333 -1.34163e-16)
(26.207 10.2399 -2.83132e-16)
(26.7394 10.3058 -1.73087e-16)
(27.2746 10.3294 2.15277e-16)
(27.8102 10.31 5.31128e-17)
(28.3481 10.2464 -1.11246e-16)
(28.8853 10.1369 4.19326e-16)
(29.421 9.97885 -1.16894e-15)
(23.5512 8.76987 5.10098e-18)
(23.9465 9.02191 -4.44688e-17)
(24.3769 9.25553 -1.50698e-21)
(24.8146 9.45124 2.47993e-17)
(25.2868 9.6204 6.4021e-17)
(25.7756 9.75481 -1.35255e-16)
(26.2685 9.8498 3.10232e-16)
(26.7706 9.90658 1.30054e-16)
(27.2741 9.9241 -6.44995e-16)
(27.777 9.90177 3.14027e-16)
(28.2812 9.83871 -1.04481e-15)
(28.784 9.73356 6.22959e-16)
(29.285 9.58401 5.34636e-17)
(29.783 9.38727 -1.80859e-16)
(23.74 8.49373 2.56281e-17)
(24.1175 8.72762 -1.63091e-17)
(24.5278 8.94355 2.70028e-18)
(24.9442 9.12329 4.6635e-17)
(25.3927 9.2776 1.30292e-16)
(25.8559 9.3989 -1.16786e-16)
(26.3221 9.48308 3.35413e-16)
(26.7959 9.53137 1.83939e-16)
(27.2701 9.54307 6.57481e-16)
(27.7427 9.51782 2.08204e-16)
(28.2156 9.45497 1.18261e-15)
(28.6866 9.35343 -4.1045e-16)
(29.1553 9.21121 1.92652e-15)
(29.6209 9.02577 -4.01507e-16)
(23.9134 8.23281 -1.83924e-17)
(24.274 8.44983 1.79637e-17)
(24.6654 8.64926 -1.00216e-17)
(25.0616 8.81422 8.86894e-17)
(25.4878 8.95473 -1.73376e-16)
(25.9272 9.06386 3.49413e-16)
(26.3683 9.13796 -3.78824e-16)
(26.8158 9.17836 7.73073e-17)
(27.2627 9.18458 -5.15843e-16)
(27.7071 9.15649 4.10326e-16)
(28.151 9.0936 3.98119e-16)
(28.5924 8.99511 -7.34553e-16)
(29.0311 8.85926 -1.62428e-15)
(29.4666 8.68379 -1.2641e-15)
(24.0728 7.98602 1.99442e-17)
(24.4174 8.18732 -3.86465e-18)
(24.7908 8.3714 -9.89169e-18)
(25.168 8.52262 -3.21291e-17)
(25.5732 8.65033 9.57141e-17)
(25.9901 8.74814 1.67528e-16)
(26.4078 8.81292 1.81629e-16)
(26.8306 8.84595 6.21334e-17)
(27.2521 8.84703 -2.40417e-17)
(27.6702 8.8162 -8.88434e-18)
(28.0872 8.75312 -8.14214e-16)
(28.5009 8.65726 -1.68416e-16)
(28.9117 8.52702 4.09779e-16)
(29.3191 8.36046 3.15789e-16)
(29.721 8.15534 1.8268e-15)
(24.2193 7.75237 2.33065e-17)
(24.5486 7.93902 2.30094e-17)
(24.9051 8.10882 1.50006e-17)
(25.2643 8.24727 -9.26252e-17)
(25.6496 8.36309 -1.88315e-17)
(26.0454 8.45042 -3.04144e-16)
(26.441 8.50655 -3.06552e-16)
(26.8408 8.53274 -3.08298e-16)
(27.2384 8.52904 -5.50399e-16)
(27.6321 8.49562 1.95928e-16)
(28.0238 8.43229 3.67292e-16)
(28.412 8.33866 5.64081e-16)
(28.7966 8.21344 -6.68652e-16)
(29.1778 8.05482 -2.86482e-16)
(29.5535 7.86081 -7.73174e-16)
(24.3542 7.53098 -4.71266e-17)
(24.6689 7.70394 -7.40851e-18)
(25.0091 7.86044 -3.04094e-17)
(25.3513 7.98703 -3.21895e-18)
(25.7178 8.09181 6.81041e-17)
(26.0936 8.16944 3.90329e-17)
(26.4686 8.21757 4.26887e-16)
(26.8467 8.23743 -1.4354e-16)
(27.2219 8.22929 6.32366e-16)
(27.5927 8.19346 -1.64736e-16)
(27.961 8.12983 3.15553e-16)
(28.3251 8.03823 8.506e-18)
(28.6855 7.9175 9.49115e-16)
(29.0421 7.76606 5.99799e-16)
(29.3934 7.58214 -6.28686e-16)
(24.4782 7.32107 1.22141e-17)
(24.7791 7.48124 -9.41972e-18)
(25.1038 7.62536 3.45792e-17)
(25.4298 7.74093 2.17575e-17)
(25.7785 7.83546 -1.40394e-16)
(26.1355 7.90412 1.88522e-16)
(26.4908 7.94484 9.90276e-18)
(26.8485 7.95889 -5.44896e-16)
(27.2028 7.94665 -5.34012e-16)
(27.5521 7.9086 6.37087e-16)
(27.8984 7.84469 -3.31701e-16)
(28.2402 7.75491 -2.53866e-16)
(28.5779 7.63826 6.6607e-16)
(28.9115 7.49334 -8.23889e-16)
(29.2399 7.3186 7.96035e-16)
(29.5614 7.11228 -7.92223e-16)
(24.5923 7.12189 4.32163e-18)
(24.8799 7.27014 2.07796e-18)
(25.1899 7.40271 1.52476e-17)
(25.5005 7.50805 -1.11283e-17)
(25.8323 7.59308 9.77101e-17)
(26.1714 7.65342 -2.91655e-16)
(26.5083 7.68732 -2.6758e-16)
(26.8468 7.69602 9.68078e-16)
(27.1813 7.68005 -1.14548e-16)
(27.5105 7.63996 -7.17402e-17)
(27.8362 7.57582 -7.03112e-16)
(28.1571 7.48772 -4.49841e-16)
(28.4735 7.37481 -1.12119e-15)
(28.7857 7.23588 3.12704e-16)
(29.0926 7.06955 4.99498e-16)
(29.3929 6.87421 -1.09179e-15)
(24.6973 6.93281 1.21531e-17)
(24.9722 7.06993 1.87538e-17)
(25.268 7.19174 4.65509e-18)
(25.564 7.28756 -7.92848e-17)
(25.8797 7.36379 -3.75615e-17)
(26.2019 7.41644 1.39104e-16)
(26.5213 7.44406 4.0642e-16)
(26.8416 7.44787 4.65292e-17)
(27.1576 7.42849 -4.81177e-16)
(27.4679 7.38658 2.68654e-16)
(27.7743 7.32227 5.26913e-16)
(28.0755 7.23576 1.34607e-15)
(28.3721 7.12634 -6.78699e-16)
(28.6642 6.99292 -9.17292e-16)
(28.9511 6.83432 2.34677e-16)
(29.2314 6.64907 2.06588e-16)
(24.5693 6.62322 -7.79219e-19)
(24.7939 6.75322 7.12878e-18)
(25.0566 6.87995 -1.00459e-17)
(25.339 6.99174 1.95912e-17)
(25.621 7.07873 -9.75411e-17)
(25.9214 7.1468 2.0427e-16)
(26.2274 7.19237 -5.22954e-18)
(26.5303 7.21423 8.18059e-17)
(26.8335 7.21354 -2.81829e-16)
(27.132 7.19109 -2.4375e-16)
(27.4244 7.14757 -3.5507e-16)
(27.7127 7.08318 -1.87506e-17)
(27.9956 6.9982 -6.80987e-17)
(28.2735 6.89204 1.51734e-16)
(28.5469 6.76375 1.10463e-15)
(28.8149 6.61229 1.37584e-16)
(29.0765 6.43638 -1.21672e-15)
(29.33 6.23479 -1.68977e-16)
(24.668 6.46192 6.34759e-18)
(24.8827 6.58258 -2.2125e-17)
(25.1337 6.69961 2.67622e-18)
(25.4032 6.80207 -2.42793e-17)
(25.6719 6.88086 4.66516e-17)
(25.9577 6.94139 -1.43119e-16)
(26.2484 6.98042 -1.00949e-16)
(26.5356 6.997 -4.51375e-16)
(26.8226 6.99224 4.10092e-16)
(27.1045 6.96703 4.2393e-17)
(27.3803 6.92211 -2.64162e-16)
(27.6515 6.85773 6.38985e-16)
(27.917 6.77424 -9.69171e-17)
(28.1775 6.67117 -9.09184e-18)
(28.4333 6.54769 -6.57137e-16)
(28.6837 6.40288 -6.38408e-16)
(28.9278 6.23561 1.14496e-15)
(29.164 6.04479 7.33112e-16)
(24.7591 6.30846 -2.72816e-18)
(24.9644 6.42041 1.05295e-18)
(25.2042 6.52838 7.34627e-18)
(25.4614 6.62213 -5.21174e-17)
(25.7173 6.69332 -2.87732e-17)
(25.9892 6.74687 -6.64891e-17)
(26.2653 6.77988 4.61149e-17)
(26.5376 6.79163 -1.03217e-16)
(26.8092 6.78319 -6.85507e-17)
(27.0755 6.75551 1.54224e-16)
(27.3354 6.70941 5.68239e-16)
(27.5906 6.64514 -5.80308e-16)
(27.84 6.56316 5.03699e-17)
(28.0841 6.46303 -3.44223e-16)
(28.3234 6.34407 5.00273e-16)
(28.5572 6.20548 1.31563e-15)
(28.7849 6.04626 -7.54153e-16)
(29.005 5.86543 -1.70073e-15)
(24.8432 6.16244 -3.8663e-18)
(25.0395 6.26623 1.75924e-17)
(25.2685 6.36574 -7.37297e-18)
(25.5138 6.4514 1.44896e-17)
(25.7576 6.51554 6.37582e-17)
(26.0162 6.56264 2.33626e-16)
(26.2784 6.59013 1.18219e-16)
(26.5365 6.59749 -9.0051e-16)
(26.7936 6.58571 -1.16144e-16)
(27.0451 6.55585 1.88606e-16)
(27.2901 6.50876 1.0346e-16)
(27.5302 6.44472 -3.24705e-16)
(27.7643 6.36422 -3.55102e-16)
(27.9931 6.26694 7.28062e-16)
(28.2169 6.15227 -2.95625e-16)
(28.4353 6.01953 8.17943e-16)
(28.6476 5.86783 2.33564e-16)
(28.8525 5.69631 9.39413e-16)
(29.0482 5.50445 -8.76366e-16)
(24.9208 6.02346 -6.5323e-18)
(25.1085 6.11962 -7.38695e-18)
(25.3271 6.21124 -8.64752e-18)
(25.5611 6.28936 -2.99244e-17)
(25.7932 6.34697 -7.42951e-17)
(26.0392 6.38813 -2.63045e-16)
(26.2881 6.41056 -5.74924e-17)
(26.5328 6.41392 2.85706e-16)
(26.776 6.39915 4.52587e-16)
(27.0135 6.36738 1.67708e-16)
(27.2445 6.3195 -2.62824e-16)
(27.4703 6.25579 7.70334e-16)
(27.6901 6.1768 7.75152e-19)
(27.9044 6.08228 5.48508e-16)
(28.1137 5.97169 1.84807e-16)
(28.3176 5.84446 -1.04529e-16)
(28.5154 5.69981 -1.36248e-15)
(28.7062 5.537 -1.87369e-15)
(28.8881 5.35558 1.17301e-15)
(24.9925 5.89115 1.20552e-18)
(25.1718 5.98019 6.16039e-18)
(25.3805 6.06445 2.04507e-18)
(25.6036 6.13556 -3.75002e-17)
(25.8245 6.18712 1.1688e-16)
(26.0584 6.22281 -1.89819e-16)
(26.2947 6.2406 8.29053e-16)
(26.5265 6.24033 -3.16056e-17)
(26.7566 6.2229 1.47399e-16)
(26.9809 6.18948 -9.93804e-16)
(27.1985 6.14099 3.22862e-16)
(27.4109 6.07772 -9.81028e-17)
(27.6172 6.00026 -5.95398e-19)
(27.818 5.90843 -4.56735e-16)
(28.0137 5.80176 9.03964e-16)
(28.204 5.67976 5.03258e-16)
(28.3883 5.54175 -5.76053e-16)
(28.5657 5.38711 8.34286e-16)
(28.7347 5.21546 -1.28141e-15)
(25.0586 5.76518 -2.1364e-18)
(25.2299 5.84756 -1.14835e-17)
(25.429 5.92495 1.1798e-18)
(25.6417 5.98955 5.01101e-17)
(25.8519 6.03552 -1.72813e-16)
(26.0742 6.06618 4.64267e-17)
(26.2985 6.07974 -6.37771e-17)
(26.5181 6.07619 -6.54064e-17)
(26.7357 6.05641 1.42545e-16)
(26.9474 6.02158 6.33118e-16)
(27.1525 5.97265 8.04675e-17)
(27.3522 5.90993 -5.97963e-17)
(27.5458 5.83404 -3.58229e-16)
(27.7338 5.74484 -7.37272e-16)
(27.9168 5.64193 4.38576e-16)
(28.0943 5.52491 -5.7294e-16)
(28.2659 5.39318 -6.61567e-17)
(28.4309 5.24621 3.9472e-16)
(28.5877 5.08371 9.86942e-16)
(25.1196 5.64524 5.06551e-18)
(25.2831 5.7214 6.77555e-18)
(25.4731 5.79238 2.0073e-18)
(25.6757 5.85094 -4.03527e-18)
(25.8757 5.89174 4.14008e-17)
(26.0869 5.91777 9.77055e-17)
(26.2997 5.92748 -5.6137e-17)
(26.5077 5.92099 -3.82033e-16)
(26.7134 5.89913 2.48226e-16)
(26.9133 5.86312 -9.42656e-16)
(27.1064 5.81393 5.30793e-16)
(27.2941 5.75186 -4.56927e-16)
(27.4758 5.67757 -3.58578e-16)
(27.6518 5.59095 -1.09701e-15)
(27.8228 5.49167 3.77234e-16)
(27.9883 5.37941 -1.06091e-15)
(28.1481 5.25363 1.43111e-16)
(28.3014 5.1139 1.10751e-16)
(28.4469 4.95998 4.99412e-16)
(25.1758 5.53103 -5.37353e-18)
(25.3319 5.60137 1.21599e-18)
(25.5131 5.66639 2.25665e-18)
(25.706 5.71935 -5.48154e-17)
(25.8962 5.75538 4.76414e-18)
(26.0968 5.77716 7.88284e-17)
(26.2986 5.78338 1.33256e-16)
(26.4955 5.77426 4.96266e-16)
(26.69 5.75058 -7.26567e-16)
(26.8785 5.71361 3.37584e-16)
(27.0603 5.66431 -3.29002e-16)
(27.2368 5.60299 8.52654e-16)
(27.4072 5.53033 7.19141e-16)
(27.572 5.44626 1.12549e-15)
(27.7317 5.3505 7.67287e-16)
(27.8861 5.24278 9.43475e-16)
(28.0347 5.12266 -2.35057e-16)
(28.1771 4.98976 1.13152e-16)
(28.3119 4.84394 -1.38713e-16)
(28.4379 4.68538 -3.8938e-16)
(25.2277 5.42227 -8.38381e-18)
(25.3765 5.48718 2.20839e-17)
(25.5492 5.54666 -2.41119e-18)
(25.7329 5.59441 3.5703e-17)
(25.9137 5.62605 1.36874e-16)
(26.1041 5.64395 -2.85029e-16)
(26.2954 5.647 2.07072e-17)
(26.4818 5.63553 5.35055e-16)
(26.6655 5.61029 -1.3093e-16)
(26.8433 5.57256 -2.87232e-16)
(27.0145 5.52329 7.62575e-16)
(27.1803 5.46281 -2.4949e-16)
(27.34 5.39181 -8.35242e-17)
(27.4943 5.31026 -7.53031e-16)
(27.6434 5.21791 3.25776e-16)
(27.7873 5.11456 -1.03572e-15)
(27.9256 4.99982 -1.03918e-15)
(28.0577 4.8734 5.97119e-16)
(28.1826 4.7352 -2.64593e-16)
(28.2991 4.58545 -5.53703e-16)
(25.2754 5.31871 -5.27441e-18)
(25.4174 5.37855 -1.97248e-18)
(25.5818 5.43286 -3.58326e-17)
(25.7566 5.4758 2.97022e-17)
(25.9284 5.50339 -6.3526e-17)
(26.1091 5.51776 2.86523e-16)
(26.2904 5.51795 2.69108e-17)
(26.4667 5.5044 -3.10649e-16)
(26.6402 5.47782 5.00183e-16)
(26.8078 5.4395 -6.91593e-16)
(26.9689 5.39042 -3.80111e-16)
(27.1246 5.33087 2.63221e-16)
(27.2744 5.26156 -3.85417e-16)
(27.4187 5.18249 -3.08127e-16)
(27.5579 5.09346 -4.01184e-16)
(27.6919 4.9943 -1.75619e-16)
(27.8205 4.8847 2.32652e-16)
(27.943 4.76443 -9.77793e-16)
(28.0587 4.63343 -1.13366e-17)
(28.1663 4.49197 2.49068e-16)
(25.3194 5.22009 -9.96942e-18)
(25.4546 5.27521 1.62572e-18)
(25.6112 5.32472 1.4212e-17)
(25.7774 5.3632 4.79079e-17)
(25.9406 5.38708 -1.69204e-16)
(26.112 5.39822 7.6614e-17)
(26.2837 5.39583 -3.91077e-17)
(26.4504 5.38046 -5.39211e-16)
(26.6142 5.35275 3.51938e-16)
(26.7722 5.31403 3.04201e-16)
(26.9237 5.26524 4.86391e-16)
(27.0699 5.2067 -4.28496e-16)
(27.2102 5.13911 -3.36231e-17)
(27.3451 5.06249 6.54994e-16)
(27.475 4.97669 2.64615e-16)
(27.5998 4.88158 -5.30903e-16)
(27.7193 4.7769 3.68631e-16)
(27.833 4.66246 1.40282e-15)
(27.94 4.53827 -3.62811e-17)
(28.0393 4.40462 3.22282e-16)
(25.3598 5.12619 1.23357e-17)
(25.4886 5.1769 -5.57427e-18)
(25.6377 5.22196 -2.25567e-17)
(25.7956 5.25632 -4.05744e-17)
(25.9505 5.27679 1.50356e-16)
(26.113 5.28499 9.45452e-17)
(26.2755 5.2803 5.28634e-17)
(26.433 5.26333 1.04001e-16)
(26.5876 5.23469 -5.83618e-16)
(26.7364 5.19572 -4.06695e-16)
(26.8789 5.14735 -4.10007e-16)
(27.0161 5.08989 8.39507e-16)
(27.1475 5.02403 -2.17622e-16)
(27.2736 4.94985 -3.56289e-16)
(27.3948 4.86719 -9.01719e-16)
(27.511 4.77598 6.97099e-16)
(27.622 4.676 5.08299e-16)
(27.7273 4.56712 -1.91997e-16)
(27.8263 4.44938 -7.75618e-16)
(27.9179 4.32309 2.59742e-16)
(25.3969 5.0368 -2.63919e-18)
(25.5196 5.0834 -5.13045e-18)
(25.6613 5.12431 2.97799e-17)
(25.8114 5.15488 -2.9042e-18)
(25.9583 5.17222 -3.71954e-17)
(26.1122 5.17776 1.11527e-16)
(26.2659 5.17101 -5.95238e-16)
(26.4148 5.15266 5.7041e-17)
(26.5606 5.12328 1.84705e-16)
(26.7007 5.08419 5.06168e-16)
(26.8346 5.03634 3.32973e-16)
(26.9632 4.98002 -4.23416e-17)
(27.0863 4.91593 -6.96944e-16)
(27.2041 4.84415 4.79219e-16)
(27.3171 4.76455 3.51528e-16)
(27.4252 4.67711 4.1535e-16)
(27.5283 4.58163 -3.78388e-16)
(27.6259 4.47804 -1.22313e-15)
(27.7173 4.3664 3.72428e-16)
(27.8018 4.24707 -6.00736e-17)
(27.8782 4.12093 -1.12979e-16)
(25.4311 4.95169 6.84278e-19)
(25.5478 4.99447 5.16611e-18)
(25.6824 5.03155 -4.68266e-18)
(25.8249 5.05861 6.75874e-18)
(25.9641 5.0731 -6.31962e-17)
(26.1099 5.07623 -3.57828e-17)
(26.2553 5.06765 1.78512e-16)
(26.3958 5.04811 -6.06918e-17)
(26.5332 5.01815 5.2537e-17)
(26.665 4.97909 1.29161e-16)
(26.7908 4.93185 -1.29199e-16)
(26.9115 4.87672 -2.39431e-16)
(27.0266 4.81441 -1.70841e-16)
(27.1366 4.74499 -5.17539e-16)
(27.242 4.66838 3.38377e-16)
(27.3425 4.58458 4.63199e-16)
(27.4381 4.49342 3.28683e-16)
(27.5285 4.39486 7.53142e-16)
(27.613 4.28902 -2.33958e-16)
(27.6909 4.17625 3.54524e-16)
(27.7611 4.05744 -4.77353e-16)
(25.4624 4.87069 -4.45041e-19)
(25.5734 4.90991 -3.69547e-18)
(25.7012 4.94343 3.85631e-18)
(25.8364 4.96727 1.87101e-17)
(25.9683 4.97914 -1.52579e-16)
(26.1062 4.9801 2.75649e-16)
(26.2436 4.96991 -2.46468e-16)
(26.3761 4.94937 1.91726e-16)
(26.5056 4.91898 5.68516e-17)
(26.6296 4.88005 1.16745e-16)
(26.7476 4.83351 1.54765e-16)
(26.8607 4.77963 7.98016e-16)
(26.9684 4.7191 -4.12527e-16)
(27.0711 4.65202 5.84039e-16)
(27.1693 4.57832 -8.63029e-16)
(27.2627 4.49803 -3.76621e-16)
(27.3514 4.41101 2.9344e-16)
(27.4351 4.31726 -9.81047e-16)
(27.5131 4.21691 4.69496e-16)
(27.5848 4.11034 -4.1413e-16)
(27.6493 3.99842 -2.90281e-16)
(25.4912 4.7936 -4.72348e-18)
(25.5965 4.82951 -6.76416e-19)
(25.7179 4.85974 2.04081e-17)
(25.846 4.88061 9.96535e-17)
(25.9708 4.8901 -3.17258e-17)
(26.1012 4.88911 -1.39745e-16)
(26.2309 4.8775 6.84138e-16)
(26.3559 4.85612 -3.8364e-16)
(26.4778 4.82544 -1.15899e-16)
(26.5943 4.78677 6.66813e-16)
(26.7051 4.74099 -1.31932e-15)
(26.811 4.68839 1.52722e-15)
(26.9117 4.62965 -2.19852e-16)
(27.0076 4.56488 -4.06365e-16)
(27.0989 4.49401 -8.56169e-16)
(27.1858 4.4171 -1.70836e-16)
(27.2681 4.33406 1.83873e-16)
(27.3454 4.24488 -5.90856e-16)
(27.4175 4.14974 1.10892e-15)
(27.4835 4.04904 -6.72877e-16)
(27.5427 3.94361 2.79262e-16)
(25.5175 4.72025 -1.29533e-18)
(25.6175 4.75308 3.22375e-18)
(25.7325 4.78027 -2.55403e-17)
(25.8538 4.79841 -4.33939e-18)
(25.972 4.80574 -5.89313e-17)
(26.0952 4.803 -1.65789e-16)
(26.2175 4.79016 -5.18989e-16)
(26.3353 4.76808 1.36269e-16)
(26.4499 4.73724 -4.50663e-16)
(26.5594 4.69891 -3.32694e-17)
(26.6633 4.65397 -5.90198e-16)
(26.7624 4.60268 -5.99185e-16)
(26.8565 4.54573 1.0912e-15)
(26.9459 4.48321 6.03904e-16)
(27.031 4.4151 -1.53168e-16)
(27.1116 4.34147 1.23245e-15)
(27.1879 4.26223 5.53803e-16)
(27.2594 4.17742 3.94745e-16)
(27.3259 4.08723 -1.4057e-16)
(27.3867 3.99206 -4.88134e-16)
(27.441 3.89274 7.05988e-17)
(25.5416 4.65047 2.07275e-19)
(25.6364 4.68045 -2.71869e-19)
(25.7454 4.70482 3.78801e-18)
(25.8602 4.72046 -5.83497e-17)
(25.9718 4.72583 -7.79186e-17)
(26.0881 4.72152 1.60981e-16)
(26.2034 4.70761 1.14413e-16)
(26.3143 4.68499 9.14563e-17)
(26.4221 4.65409 -1.02673e-16)
(26.5248 4.61619 -7.3966e-16)
(26.6222 4.57214 7.4684e-16)
(26.7149 4.52219 1.83133e-16)
(26.8028 4.46701 -8.35763e-16)
(26.8861 4.40672 -2.33541e-16)
(26.9652 4.34129 -1.96551e-16)
(27.0401 4.2708 3.76881e-16)
(27.1108 4.19521 -7.53809e-16)
(27.177 4.11457 4.08676e-16)
(27.2382 4.02907 3.48809e-16)
(27.2941 3.93913 1.22886e-16)
(27.344 3.84556 3.683e-16)
(27.3869 3.74986 2.9687e-16)
(25.5637 4.58411 -1.0737e-18)
(25.6535 4.61143 1.67839e-18)
(25.7566 4.63321 1.61393e-17)
(25.8651 4.64655 3.63702e-17)
(25.9705 4.65014 2.61707e-16)
(26.0801 4.64445 -2.95765e-17)
(26.1888 4.62962 -3.30515e-16)
(26.293 4.60658 1.68827e-16)
(26.3943 4.57573 3.08858e-16)
(26.4907 4.53833 4.63066e-16)
(26.5818 4.4952 7.8177e-16)
(26.6685 4.44661 9.60963e-16)
(26.7505 4.3932 -8.62493e-16)
(26.8282 4.33508 -4.21563e-17)
(26.9017 4.27225 -5.2547e-16)
(26.9712 4.2048 -2.64534e-16)
(27.0367 4.13271 6.84657e-17)
(27.0978 4.05604 1.43966e-15)
(27.1543 3.97499 -1.13455e-15)
(27.2057 3.88998 -5.7842e-16)
(27.2514 3.80181 4.94721e-16)
(27.2907 3.71192 -2.7597e-16)
(25.5838 4.521 -1.50781e-18)
(25.6688 4.54587 -4.01359e-18)
(25.7662 4.56525 -1.99368e-17)
(25.8687 4.57649 -3.45537e-18)
(25.968 4.57848 -2.75799e-17)
(26.0713 4.57155 1.28798e-16)
(26.1736 4.55595 1.73789e-16)
(26.2716 4.5326 1.32663e-16)
(26.3666 4.50189 -3.80975e-16)
(26.4569 4.46505 -2.02142e-16)
(26.5422 4.4229 -2.36334e-16)
(26.6232 4.37567 -3.15563e-16)
(26.6997 4.324 1.05253e-15)
(26.772 4.26801 -2.15666e-16)
(26.8404 4.2077 7.32856e-16)
(26.9049 4.14318 -1.1579e-16)
(26.9654 4.07443 7.19918e-18)
(27.0219 4.00154 -9.48774e-16)
(27.074 3.92471 1.58183e-15)
(27.1213 3.84437 -8.72468e-17)
(27.1632 3.76128 1.85795e-16)
(27.1991 3.67683 -1.8372e-16)
(25.6022 4.46102 2.28154e-18)
(25.6825 4.4836 -2.01222e-18)
(25.7745 4.50078 2.35355e-17)
(25.8711 4.5101 -6.5632e-17)
(25.9647 4.51064 1.01729e-16)
(26.0619 4.50263 -3.47263e-16)
(26.158 4.48637 7.25785e-17)
(26.25 4.46282 -5.55326e-16)
(26.3391 4.43233 5.62278e-16)
(26.4236 4.39611 -6.93463e-16)
(26.5034 4.35495 -4.4398e-16)
(26.579 4.30909 3.70186e-16)
(26.6503 4.25914 -7.2939e-16)
(26.7176 4.20523 -3.60058e-16)
(26.7811 4.14737 -1.01787e-15)
(26.8409 4.08566 6.44626e-17)
(26.8969 4.02011 4.62462e-17)
(26.9491 3.95081 1.57642e-16)
(26.9971 3.87798 -4.36755e-16)
(27.0405 3.80203 -2.14971e-16)
(27.079 3.72372 3.16886e-16)
(27.1118 3.64437 6.44097e-18)
(25.6189 4.40402 -7.12056e-19)
(25.6947 4.42449 -6.89613e-18)
(25.7814 4.43963 9.20936e-18)
(25.8724 4.44721 -2.90792e-17)
(25.9604 4.44644 -5.17447e-17)
(26.0518 4.43749 1.82506e-18)
(26.142 4.42069 -2.25819e-16)
(26.2283 4.39703 6.04233e-16)
(26.3117 4.36682 1.9493e-16)
(26.3909 4.33127 4.85484e-16)
(26.4654 4.29113 -3.88589e-16)
(26.5359 4.24664 3.99619e-16)
(26.6023 4.19838 -2.4171e-16)
(26.6649 4.14649 1.56412e-15)
(26.7238 4.09098 3.55624e-16)
(26.7793 4.03197 5.74009e-16)
(26.8311 3.96948 5.46496e-17)
(26.8793 3.9036 -5.03742e-16)
(26.9235 3.83455 3.91519e-16)
(26.9634 3.76276 4.46038e-18)
(26.9986 3.68892 -2.32736e-16)
(27.0287 3.61434 -2.24814e-16)
(25.6342 4.34987 -6.11574e-18)
(25.7055 4.36838 -3.1235e-18)
(25.7872 4.38165 5.06213e-17)
(25.8727 4.38764 1.15498e-16)
(25.9554 4.38571 1.82085e-17)
(26.0412 4.37593 -1.20623e-16)
(26.1258 4.3587 5.65328e-16)
(26.2066 4.33501 -5.94802e-16)
(26.2846 4.30515 -6.51039e-16)
(26.3586 4.2703 -2.45458e-16)
(26.4281 4.23119 5.48667e-16)
(26.4939 4.18805 8.05743e-17)
(26.5557 4.14146 4.98952e-16)
(26.6138 4.09153 -7.67782e-16)
(26.6685 4.0383 -9.47753e-16)
(26.7199 3.98188 6.85775e-16)
(26.7678 3.9223 -1.30284e-15)
(26.8122 3.85967 3.63023e-16)
(26.853 3.7942 -5.16948e-16)
(26.8897 3.72631 7.17847e-17)
(26.922 3.65669 6.27853e-16)
(26.9494 3.58656 1.85987e-16)
(25.648 4.29844 1.35456e-18)
(25.7151 4.31514 6.73483e-18)
(25.7918 4.3267 -6.21127e-17)
(25.8721 4.33124 -3.65545e-17)
(25.9497 4.32827 -1.03594e-16)
(26.0301 4.31778 4.93205e-16)
(26.1093 4.30021 -1.01434e-16)
(26.1849 4.27656 -3.30671e-17)
(26.2578 4.2471 -9.83192e-17)
(26.3268 4.21298 7.91445e-16)
(26.3917 4.17492 -1.01523e-15)
(26.4529 4.13312 8.67133e-16)
(26.5104 4.08815 4.73918e-17)
(26.5644 4.04013 2.09347e-16)
(26.6151 3.98909 7.57192e-16)
(26.6626 3.93515 -5.36258e-16)
(26.7069 3.87835 1.00279e-15)
(26.7479 3.81879 -1.0137e-16)
(26.7854 3.75672 -4.5427e-16)
(26.8192 3.6925 1.26854e-16)
(26.8488 3.62682 -2.03957e-16)
(26.8739 3.56086 5.77218e-16)
(25.6605 4.24962 -3.32831e-18)
(25.7235 4.26465 -9.99206e-18)
(25.7955 4.27463 2.94811e-17)
(25.8707 4.27786 -9.34032e-17)
(25.9434 4.27396 -1.78372e-17)
(26.0185 4.26286 -1.19445e-17)
(26.0926 4.24505 -6.19331e-16)
(26.1632 4.2215 5.88882e-16)
(26.2313 4.19249 -3.88057e-16)
(26.2956 4.15913 -8.29188e-16)
(26.356 4.12211 4.256e-16)
(26.413 4.08163 -9.48234e-16)
(26.4664 4.03824 7.26963e-16)
(26.5165 3.99207 -3.59605e-16)
(26.5635 3.94313 -1.29218e-15)
(26.6075 3.89157 5.53127e-16)
(26.6484 3.8374 -7.21092e-17)
(26.6862 3.78077 -1.85084e-16)
(26.7207 3.72188 -1.82078e-16)
(26.7518 3.66112 1.42235e-16)
(26.7789 3.59914 -4.2199e-16)
(26.8019 3.53706 2.32115e-17)
(26.8205 3.47629 -1.31471e-16)
(25.6719 4.20329 2.35842e-18)
(25.7309 4.21678 -4.45379e-18)
(25.7982 4.22532 2.50752e-17)
(25.8686 4.22735 1.04169e-16)
(25.9364 4.22263 -2.40178e-16)
(26.0066 4.21102 -1.3234e-16)
(26.0757 4.19304 5.13247e-16)
(26.1416 4.16966 -5.40427e-16)
(26.205 4.14113 1.01257e-15)
(26.2649 4.10854 -7.31767e-16)
(26.3211 4.07256 -9.19083e-17)
(26.3741 4.03338 -6.72574e-16)
(26.4236 3.99153 -6.47722e-16)
(26.4701 3.94714 4.01765e-16)
(26.5136 3.90022 -1.18559e-16)
(26.5543 3.85092 -8.87075e-16)
(26.5921 3.79926 -4.98019e-16)
(26.627 3.74539 5.54767e-16)
(26.6588 3.68951 -1.94308e-17)
(26.6872 3.632 -4.21541e-16)
(26.7122 3.57348 3.93745e-16)
(26.7332 3.51501 2.34979e-16)
(26.7503 3.45796 4.48918e-17)
(25.6821 4.15935 1.78281e-18)
(25.7373 4.1714 2.31209e-18)
(25.8001 4.17862 7.12576e-18)
(25.8657 4.17958 -9.26399e-17)
(25.929 4.17414 1.33559e-16)
(25.9944 4.16211 1.25353e-16)
(26.0588 4.14402 -6.27024e-16)
(26.1201 4.12086 3.52215e-16)
(26.1791 4.09285 -4.68632e-16)
(26.2348 4.06104 7.75472e-16)
(26.287 4.0261 1.23546e-16)
(26.3361 3.98819 5.4072e-16)
(26.3821 3.94783 7.90074e-17)
(26.4252 3.90514 -5.06265e-16)
(26.4654 3.86016 8.776e-16)
(26.503 3.81301 9.8939e-17)
(26.5379 3.76374 -4.24251e-16)
(26.57 3.71247 7.16191e-16)
(26.5993 3.65942 2.32458e-16)
(26.6255 3.60495 -5.52821e-16)
(26.6484 3.54967 9.79017e-17)
(26.6677 3.49458 2.56041e-17)
(26.6832 3.44096 2.25336e-17)
(25.6913 4.11768 5.16056e-19)
(25.7427 4.12842 2.14247e-18)
(25.8012 4.13443 3.77727e-17)
(25.8623 4.13443 -1.00883e-16)
(25.9212 4.12836 -1.2828e-16)
(25.982 4.11598 2.91967e-16)
(26.0418 4.09786 -8.94589e-17)
(26.0987 4.07495 4.66043e-16)
(26.1535 4.04748 4.94813e-16)
(26.2052 4.01647 -1.19737e-16)
(26.2537 3.98254 2.90447e-16)
(26.2992 3.94587 9.90425e-17)
(26.3418 3.90696 -4.8227e-16)
(26.3816 3.86592 7.84055e-16)
(26.4189 3.82278 -7.51268e-16)
(26.4536 3.77768 1.57036e-15)
(26.4857 3.73066 -7.12431e-16)
(26.5154 3.68184 -2.64554e-16)
(26.5423 3.63146 9.8798e-16)
(26.5664 3.57984 -1.14e-16)
(26.5874 3.52757 4.50704e-17)
(26.6051 3.47562 -6.50891e-16)
(26.6193 3.4252 2.6666e-16)
(25.6996 4.07819 1.22012e-18)
(25.7474 4.08771 -2.99557e-18)
(25.8017 4.09263 -7.99776e-17)
(25.8583 4.09175 1.24016e-16)
(25.9129 4.08514 7.26406e-17)
(25.9693 4.0725 1.11056e-16)
(26.0247 4.05439 -6.56653e-17)
(26.0775 4.03179 -7.81837e-17)
(26.1283 4.00488 -7.24651e-16)
(26.1762 3.97466 6.7995e-16)
(26.2211 3.94174 2.57118e-16)
(26.2632 3.90627 -4.04876e-17)
(26.3026 3.86875 -3.96212e-16)
(26.3394 3.82929 -5.25167e-16)
(26.3738 3.78791 8.89428e-16)
(26.4058 3.74475 -7.67466e-16)
(26.4355 3.69986 3.46893e-18)
(26.4628 3.65336 5.24929e-16)
(26.4876 3.60546 -2.02527e-16)
(26.5097 3.55651 5.36519e-16)
(26.529 3.50706 -3.41237e-16)
(26.5453 3.45802 -9.06401e-17)
(26.5584 3.41055 3.0512e-16)
(25.707 4.04078 -4.012e-18)
(25.7512 4.04919 8.36623e-18)
(25.8014 4.0531 2.36975e-17)
(25.8538 4.05145 4.91558e-17)
(25.9042 4.04438 -4.96988e-17)
(25.9563 4.03153 -1.50263e-16)
(26.0076 4.0135 -2.69461e-17)
(26.0565 3.99125 1.11381e-16)
(26.1035 3.96491 -4.58923e-17)
(26.1478 3.93549 -6.66671e-16)
(26.1892 3.90355 4.28278e-16)
(26.2282 3.86924 3.11885e-17)
(26.2646 3.83305 3.66358e-16)
(26.2985 3.7951 7.54233e-16)
(26.3303 3.7554 -8.76402e-16)
(26.3598 3.71408 1.28997e-15)
(26.3872 3.6712 -1.99856e-16)
(26.4123 3.62687 4.84999e-16)
(26.4352 3.58132 -4.86789e-16)
(26.4556 3.53485 -7.17368e-16)
(26.4734 3.48801 3.91017e-16)
(26.4883 3.44168 4.01689e-16)
(26.5003 3.39695 -2.45188e-16)
(25.7136 4.00536 1.82203e-18)
(25.7544 4.01273 4.31769e-19)
(25.8006 4.01574 1.33678e-17)
(25.8488 4.01341 5.73236e-17)
(25.8953 4.00595 -2.06012e-16)
(25.9433 3.99296 2.84703e-16)
(25.9906 3.97506 -1.95913e-16)
(26.0356 3.95319 -1.60257e-16)
(26.079 3.92743 1.21149e-16)
(26.1198 3.89882 2.97238e-17)
(26.1581 3.86784 -1.15215e-15)
(26.194 3.83463 1.03698e-15)
(26.2276 3.79972 -4.83251e-16)
(26.2589 3.76322 7.17907e-16)
(26.2883 3.72513 -2.13248e-16)
(26.3155 3.68555 -6.08175e-16)
(26.3408 3.64455 -2.86483e-16)
(26.364 3.60227 2.25574e-16)
(26.3851 3.55889 2.66039e-16)
(26.4039 3.51475 -1.35337e-16)
(26.4203 3.47034 1.94191e-16)
(26.4341 3.42651 -4.39404e-16)
(26.4451 3.38429 -1.55833e-16)
(25.7195 3.97183 -2.31224e-18)
(25.7569 3.97826 1.53318e-19)
(25.7993 3.98044 -1.22629e-17)
(25.8435 3.97751 -7.79815e-17)
(25.8861 3.96974 -3.85637e-18)
(25.9301 3.95667 -1.71549e-16)
(25.9736 3.93895 1.2121e-17)
(26.015 3.91749 3.26583e-16)
(26.0549 3.89233 -2.05202e-16)
(26.0925 3.86454 5.01473e-16)
(26.1276 3.83447 1.0697e-15)
(26.1607 3.80231 -1.53584e-15)
(26.1917 3.76865 3.68674e-16)
(26.2207 3.73355 -1.50852e-16)
(26.2478 3.69697 -6.75477e-17)
(26.273 3.65903 4.5421e-16)
(26.2964 3.6198 -3.33338e-16)
(26.3179 3.57942 1.41691e-16)
(26.3373 3.53808 -7.31789e-16)
(26.3547 3.49609 4.87909e-18)
(26.3698 3.45393 8.46182e-17)
(26.3825 3.41241 1.69285e-16)
(26.3927 3.37252 -4.748e-17)
(25.7247 3.9401 5.61135e-19)
(25.7588 3.94565 4.21868e-18)
(25.7974 3.9471 -3.34849e-18)
(25.8377 3.94366 2.70387e-16)
(25.8767 3.93564 -3.0572e-16)
(25.9169 3.92255 4.17793e-17)
(25.9568 3.90507 2.52758e-16)
(25.9946 3.88405 -1.69857e-16)
(26.0312 3.85947 3.50676e-17)
(26.0657 3.83255 -7.68514e-16)
(26.0979 3.80334 -2.6205e-16)
(26.1284 3.77219 5.19172e-16)
(26.1571 3.73975 -7.99316e-16)
(26.184 3.70601 3.63043e-16)
(26.209 3.67086 1.29296e-16)
(26.2323 3.63444 -1.26625e-16)
(26.2539 3.59686 5.35113e-16)
(26.2737 3.55825 1.95659e-16)
(26.2917 3.5188 -2.84355e-16)
(26.3077 3.47879 -1.84845e-16)
(26.3216 3.4387 5.69866e-17)
(26.3334 3.3993 2.9484e-16)
(26.3428 3.36154 4.41951e-17)
(26.35 3.32653 2.41362e-16)
(25.7292 3.91007 -1.07987e-18)
(25.7601 3.91483 -1.07732e-17)
(25.7951 3.91563 -6.11126e-17)
(25.8316 3.91176 -2.49786e-16)
(25.867 3.90357 3.57069e-16)
(25.9036 3.89052 4.13374e-16)
(25.94 3.87335 -2.49698e-16)
(25.9744 3.85277 3.09128e-16)
(26.0081 3.82878 -2.32612e-16)
(26.0394 3.80286 7.28012e-16)
(26.0689 3.77434 -3.87228e-16)
(26.0973 3.74405 -1.60707e-16)
(26.1239 3.71284 5.68748e-16)
(26.1487 3.68041 -5.88871e-16)
(26.1718 3.64659 3.86733e-16)
(26.1932 3.6116 8.36058e-17)
(26.2131 3.57557 -3.22182e-16)
(26.2314 3.53861 5.41511e-16)
(26.248 3.5009 3.52798e-16)
(26.2627 3.46272 -4.8818e-16)
(26.2756 3.42454 -1.60529e-16)
(26.2865 3.3871 -3.98713e-16)
(26.2953 3.35129 7.11629e-17)
(26.302 3.31819 6.59975e-17)
(25.7332 3.88163 -5.01906e-18)
(25.7609 3.88566 -5.05828e-18)
(25.7923 3.88589 -2.55013e-18)
(25.8252 3.88168 -1.8795e-17)
(25.857 3.8734 -9.55964e-17)
(25.8901 3.86047 1.20515e-16)
(25.9232 3.84371 1.939e-16)
(25.9544 3.82358 -1.77773e-16)
(25.9855 3.80031 -1.00705e-16)
(26.0135 3.7755 -1.0593e-16)
(26.0409 3.74731 -4.25347e-16)
(26.0674 3.71772 2.78158e-16)
(26.0922 3.68779 1.18276e-16)
(26.1149 3.65665 1.09194e-15)
(26.136 3.62404 6.43906e-17)
(26.1557 3.59035 2.28179e-16)
(26.174 3.55575 -1.7748e-16)
(26.1909 3.52031 -3.6556e-16)
(26.2061 3.4842 2.53055e-16)
(26.2198 3.44771 1.25785e-16)
(26.2317 3.41128 -9.14524e-17)
(26.2418 3.37563 -2.42463e-17)
(26.25 3.34161 9.35167e-17)
(26.2562 3.31024 1.09601e-16)
(25.7361 3.8589 1.71864e-18)
(25.7613 3.8623 1.01678e-19)
(25.7898 3.86184 2.968e-17)
(25.8195 3.85697 6.52456e-17)
(25.8483 3.84807 -1.12414e-16)
(25.8781 3.83454 -1.56275e-16)
(25.9076 3.81729 -3.04336e-16)
(25.935 3.79651 7.09602e-16)
(25.9627 3.77304 -4.81906e-17)
(25.9859 3.74738 1.11527e-16)
(26.0103 3.71957 -1.9812e-16)
(26.0361 3.69208 -5.0389e-16)
(26.0605 3.66464 -2.37434e-16)
(26.0824 3.6355 -3.54139e-16)
(26.1027 3.60455 2.36961e-16)
(26.1219 3.57244 -5.3562e-16)
(26.1397 3.53938 -7.84396e-17)
(26.156 3.50545 2.8448e-16)
(26.1709 3.47082 -2.44914e-17)
(26.1841 3.4358 -5.22868e-16)
(26.1957 3.40084 2.19839e-16)
(26.2055 3.36664 1.1065e-16)
(26.2134 3.33404 -7.3591e-17)
(26.2194 3.30401 5.96839e-17)
(25.7383 3.84065 -2.72908e-19)
(25.7614 3.84346 -1.33047e-18)
(25.7874 3.84222 1.76896e-17)
(25.8144 3.83645 2.89858e-18)
(25.8402 3.82654 -3.81121e-17)
(25.8667 3.8119 1.1666e-16)
(25.8925 3.79347 1.24322e-16)
(25.9157 3.77136 2.5069e-16)
(25.9391 3.74699 -6.18588e-16)
(25.9565 3.71906 3.56562e-18)
(25.9773 3.69106 5.84128e-16)
(26.0032 3.66686 -1.03773e-15)
(26.0286 3.6426 -1.37103e-16)
(26.0508 3.61583 -2.06787e-16)
(26.0713 3.58686 4.19493e-16)
(26.0907 3.55656 -7.99527e-16)
(26.1089 3.52516 -3.98326e-16)
(26.1255 3.49276 5.51844e-16)
(26.1405 3.45956 -4.61525e-16)
(26.1538 3.42588 9.23003e-17)
(26.1655 3.39219 -1.14635e-16)
(26.1753 3.35921 -2.21433e-16)
(26.1833 3.32777 -7.39147e-18)
(26.1893 3.29884 2.22554e-16)
(25.7404 3.82204 5.31982e-20)
(25.7613 3.82428 1.38079e-18)
(25.7847 3.82233 -4.77236e-17)
(25.8089 3.81576 5.67595e-17)
(25.8318 3.80501 1.38346e-16)
(25.855 3.7895 1.9878e-17)
(25.8769 3.77016 5.05946e-16)
(25.8963 3.74716 -2.34995e-16)
(25.9155 3.72223 -1.75213e-16)
(25.9278 3.69273 -1.70878e-16)
(25.9451 3.66492 -6.35911e-16)
(25.9708 3.64368 -2.07719e-16)
(25.997 3.62199 4.82573e-16)
(26.0195 3.59716 1.58151e-16)
(26.0401 3.56987 -1.32352e-16)
(26.0596 3.54117 9.94349e-16)
(26.0779 3.51128 7.28816e-16)
(26.0947 3.48028 2.29586e-16)
(26.1098 3.4484 -4.48599e-16)
(26.1232 3.41599 2.43316e-16)
(26.1349 3.38353 2.12927e-17)
(26.1448 3.35173 1.90214e-16)
(26.1528 3.32142 -3.02454e-16)
(26.1588 3.29355 -4.59112e-17)
(25.7423 3.80325 4.49548e-19)
(25.7609 3.80496 6.53727e-18)
(25.7817 3.80237 3.05396e-17)
(25.803 3.79514 -9.0857e-17)
(25.8229 3.78371 -6.95776e-17)
(25.8429 3.76761 -1.23219e-16)
(25.8611 3.74762 -4.2741e-16)
(25.877 3.7242 2.44262e-16)
(25.8921 3.699 1.40755e-16)
(25.9 3.66878 7.4105e-16)
(25.914 3.6413 9.2098e-17)
(25.9392 3.62251 7.40389e-16)
(25.966 3.60291 -1.70636e-16)
(25.9887 3.57966 -1.20755e-16)
(26.0091 3.5538 -6.07186e-16)
(26.0286 3.52649 1.90051e-16)
(26.047 3.49792 1.06038e-16)
(26.0638 3.46818 3.38405e-16)
(26.0789 3.4375 -1.35701e-17)
(26.0924 3.40627 2.03367e-16)
(26.1041 3.37496 -2.67504e-16)
(26.114 3.34428 7.36068e-17)
(26.122 3.31504 1.00622e-16)
(26.128 3.2882 -4.9818e-17)
(25.744 3.78435 1.06096e-18)
(25.7603 3.78555 -3.8633e-18)
(25.7784 3.78241 -5.14112e-18)
(25.7968 3.77466 1.72033e-17)
(25.8138 3.76276 1.95801e-16)
(25.8305 3.74634 -1.48545e-17)
(25.8452 3.72602 1.35576e-16)
(25.8578 3.70268 -3.69453e-16)
(25.869 3.67749 -1.65992e-16)
(25.8733 3.64746 -6.25627e-16)
(25.8844 3.62047 -1.55775e-17)
(25.9088 3.6036 5.01703e-16)
(25.9358 3.58557 -1.97834e-16)
(25.9584 3.56355 -2.90195e-16)
(25.9786 3.53883 7.19086e-16)
(25.9979 3.51265 -4.50011e-16)
(26.0163 3.4852 -1.82016e-16)
(26.0331 3.45654 -5.81667e-16)
(26.0482 3.42694 -1.77049e-16)
(26.0616 3.39676 -4.76466e-17)
(26.0733 3.3665 -2.20351e-16)
(26.0832 3.33686 2.35175e-16)
(26.0911 3.30862 2.68865e-17)
(26.0972 3.28271 -9.04786e-17)
(25.7455 3.76541 -3.36078e-18)
(25.7594 3.76614 2.72294e-18)
(25.7748 3.76254 -1.51311e-17)
(25.7903 3.75445 6.45482e-17)
(25.8044 3.7423 -1.33247e-16)
(25.818 3.72588 -3.98302e-17)
(25.8294 3.70555 2.90671e-17)
(25.8391 3.6828 -1.69089e-17)
(25.8467 3.65795 2.0912e-16)
(25.8483 3.62907 8.1955e-17)
(25.8569 3.60272 -7.34615e-16)
(25.8801 3.58721 5.13832e-16)
(25.9066 3.57019 -2.43332e-16)
(25.929 3.54902 -2.98741e-16)
(25.9488 3.52514 8.74157e-16)
(25.9679 3.49984 -6.86752e-16)
(25.986 3.47328 -6.61626e-17)
(26.0026 3.44552 1.8601e-16)
(26.0176 3.41681 8.37201e-16)
(26.031 3.38755 5.79366e-17)
(26.0426 3.35822 1.00411e-16)
(26.0525 3.32953 -2.6566e-16)
(26.0603 3.30228 1.03761e-16)
(26.0664 3.27738 -5.7317e-17)
(25.7468 3.74647 -4.6748e-20)
(25.7583 3.74677 5.18513e-19)
(25.771 3.74285 -5.86389e-18)
(25.7836 3.73459 3.80695e-17)
(25.7949 3.72247 9.91893e-18)
(25.8055 3.70636 -5.52072e-17)
(25.814 3.68644 -3.24278e-17)
(25.8211 3.66483 -3.97016e-17)
(25.8254 3.64066 4.71617e-16)
(25.8254 3.61394 5.08299e-17)
(25.8318 3.58837 -6.42112e-16)
(25.8534 3.57363 1.30469e-16)
(25.8791 3.55706 6.14012e-16)
(25.9008 3.53634 -1.43894e-18)
(25.9201 3.51299 -2.21476e-16)
(25.9386 3.48826 -6.10865e-17)
(25.9564 3.46233 3.16665e-16)
(25.9727 3.43525 -2.08011e-16)
(25.9875 3.40725 3.9267e-17)
(26.0008 3.37872 -2.57965e-16)
(26.0124 3.35013 3.39263e-17)
(26.0222 3.32211 -2.191e-16)
(26.0303 3.29543 3.07179e-17)
(26.0365 3.27096 1.04867e-16)
(25.7479 3.72756 9.89871e-20)
(25.757 3.72749 -2.42152e-18)
(25.767 3.72339 -9.29628e-19)
(25.7769 3.71519 -1.10035e-16)
(25.7855 3.70342 1.2006e-16)
(25.7933 3.68798 -1.2166e-17)
(25.7992 3.66896 -2.32955e-16)
(25.8041 3.64907 -9.48445e-17)
(25.8056 3.62597 1.13284e-16)
(25.8051 3.60249 6.26386e-17)
(25.8096 3.57781 -2.93294e-16)
(25.8292 3.56322 6.08648e-16)
(25.8534 3.5465 -5.13457e-16)
(25.8742 3.52583 -3.7754e-17)
(25.8927 3.50264 1.79044e-17)
(25.9105 3.47816 3.73684e-16)
(25.9277 3.45255 -6.02224e-16)
(25.9437 3.42585 3.74795e-16)
(25.9581 3.39835 8.28434e-17)
(25.9711 3.3705 -5.20334e-18)
(25.9824 3.34281 -2.20944e-16)
(25.9919 3.31595 7.97858e-17)
(25.9995 3.29072 1.29688e-16)
(26.0052 3.26798 -1.69518e-17)
(26.0094 3.24788 -4.03146e-18)
(25.7487 3.70866 -8.17766e-19)
(25.7556 3.7083 1.97377e-18)
(25.763 3.7042 1.08741e-17)
(25.7702 3.69635 6.28465e-17)
(25.7764 3.6853 -7.64618e-17)
(25.7817 3.67097 -9.22426e-17)
(25.7854 3.65346 -2.09178e-16)
(25.7885 3.63582 4.71039e-16)
(25.788 3.6142 -2.78075e-16)
(25.7881 3.59513 -1.24988e-16)
(25.7909 3.57138 1.12135e-15)
(25.808 3.55635 -7.44945e-16)
(25.8302 3.53892 -2.44632e-16)
(25.8495 3.51782 1.59451e-16)
(25.8668 3.49441 6.13409e-16)
(25.8837 3.46987 -1.18398e-16)
(25.9001 3.44424 -4.54203e-16)
(25.9155 3.41749 1.0854e-16)
(25.9298 3.3898 4.36532e-16)
(25.9429 3.36152 -5.47846e-17)
(25.9546 3.33309 -3.32974e-16)
(25.9649 3.30516 1.62088e-16)
(25.9737 3.27845 1.21783e-16)
(25.9809 3.25379 -1.25152e-16)
(25.9865 3.23143 -2.06309e-17)
(25.7493 3.68978 1.65591e-18)
(25.7539 3.68921 3.23624e-18)
(25.7588 3.68531 -2.67801e-17)
(25.7636 3.67815 -3.17456e-18)
(25.7676 3.66826 1.2467e-16)
(25.771 3.65554 -1.8392e-16)
(25.7733 3.64027 2.15765e-16)
(25.775 3.62529 7.90434e-17)
(25.7736 3.60579 -3.96067e-17)
(25.7749 3.59244 5.62876e-17)
(25.7759 3.56928 1.5356e-16)
(25.79 3.55334 -1.07214e-15)
(25.8094 3.53472 5.12979e-16)
(25.8267 3.51268 -2.59371e-16)
(25.8427 3.48855 1.55116e-16)
(25.8583 3.46356 4.35945e-16)
(25.8733 3.43797 -3.14905e-16)
(25.8874 3.4119 7.25407e-17)
(25.9003 3.38568 -1.56544e-16)
(25.9119 3.35973 -1.77464e-17)
(25.9221 3.33451 1.7058e-16)
(25.9305 3.31071 -2.56858e-16)
(25.9369 3.28904 1.39836e-16)
(25.9415 3.27023 -1.87632e-17)
(25.9448 3.25419 1.57686e-17)
(25.7496 3.67083 -4.72307e-18)
(25.7522 3.67014 -3.78001e-19)
(25.755 3.66672 -1.38474e-18)
(25.7578 3.66064 7.02641e-17)
(25.76 3.65239 4.4836e-18)
(25.7618 3.6419 -7.24888e-17)
(25.7631 3.62964 -1.56341e-16)
(25.764 3.61768 3.13648e-16)
(25.7627 3.60162 -2.14672e-16)
(25.7652 3.5951 -8.47152e-17)
(25.7644 3.57174 -7.77071e-17)
(25.7753 3.55439 3.87663e-16)
(25.7911 3.53433 -2.87109e-16)
(25.8058 3.51117 3.63418e-16)
(25.82 3.48567 -2.15109e-16)
(25.8347 3.45846 3.04908e-16)
(25.8497 3.42946 -1.26427e-16)
(25.8646 3.39876 -2.73296e-16)
(25.879 3.36671 2.55843e-16)
(25.8928 3.33382 -4.32762e-17)
(25.9059 3.30065 -7.58605e-18)
(25.9182 3.26791 -1.24705e-16)
(25.9297 3.23635 -4.97698e-17)
(25.9397 3.20691 8.34633e-17)
(25.9476 3.18008 -2.38551e-17)
(25.7498 3.6514 -2.53786e-18)
(25.7511 3.65078 6.37076e-18)
(25.7525 3.64822 3.82058e-18)
(25.7537 3.6438 -2.59397e-18)
(25.7545 3.6379 6.80521e-19)
(25.755 3.63051 -4.13378e-17)
(25.7552 3.62215 1.00211e-16)
(25.755 3.6139 -2.35295e-16)
(25.7539 3.60335 1.81718e-16)
(25.7563 3.60303 -7.00825e-17)
(25.7548 3.5795 1.38094e-16)
(25.7638 3.5598 -7.32738e-17)
(25.7764 3.53726 3.14917e-16)
(25.7873 3.51397 -2.64262e-16)
(25.797 3.49114 9.52504e-17)
(25.8066 3.46916 -6.90787e-17)
(25.8161 3.44776 -9.4327e-18)
(25.8256 3.42686 5.74093e-17)
(25.8347 3.40664 -7.32628e-18)
(25.8432 3.38747 -1.19783e-16)
(25.8506 3.36989 4.43445e-17)
(25.8561 3.3546 -3.923e-17)
(25.8593 3.34212 3.4563e-17)
(25.8609 3.33247 -1.00078e-17)
(25.8625 3.32492 1.93138e-17)
(25.7499 3.63068 9.06294e-18)
(25.7506 3.6304 -1.89497e-18)
(25.7511 3.62934 -6.0077e-18)
(25.7515 3.62756 8.91112e-17)
(25.7515 3.62522 -1.64907e-16)
(25.7512 3.62235 3.42815e-17)
(25.7505 3.61919 8.96205e-17)
(25.7494 3.61601 1.00173e-16)
(25.748 3.61256 -1.14208e-16)
(25.7486 3.61419 -1.20055e-17)
(25.7451 3.59389 4.81111e-17)
(25.7515 3.57309 -8.81875e-18)
(25.7631 3.54287 -1.58312e-16)
(25.7756 3.50717 -4.32462e-17)
(25.7889 3.46761 2.0996e-16)
(25.8028 3.42502 -9.30674e-17)
(25.8176 3.37966 1.58606e-16)
(25.8331 3.33191 1.06273e-16)
(25.8497 3.28226 -3.80424e-17)
(25.8674 3.23145 -1.81662e-16)
(25.8867 3.18048 1.65113e-16)
(25.9073 3.13097 -1.49933e-16)
(25.9283 3.08469 -5.32452e-17)
(25.9467 3.04349 -2.43769e-17)
(25.9597 3.00774 6.57338e-17)
)
;

boundaryField
{
    inlet
    {
        type            freestreamVelocity;
        freestreamValue uniform (25.75 3.62 0);
        value           nonuniform List<vector> 
25
(
(25.75 3.62005 4.4127e-20)
(25.75 3.62005 -9.22651e-21)
(25.75 3.62005 -2.92511e-20)
(25.75 3.62004 4.33874e-19)
(25.75 3.62003 -8.02912e-19)
(25.75 3.62001 1.66911e-19)
(25.75 3.62 4.36344e-19)
(25.75 3.61998 4.87718e-19)
(25.75 3.61996 -5.56047e-19)
(25.75 3.61997 -5.84515e-20)
(25.7472 3.60514 2.73913e-17)
(25.7509 3.5933 -5.01876e-18)
(25.7574 3.57613 -9.00414e-17)
(25.7646 3.55587 -2.45794e-17)
(25.7721 3.53346 1.1924e-16)
(25.78 3.50936 -5.28103e-17)
(25.7883 3.48374 8.99199e-17)
(25.7971 3.45682 6.01938e-17)
(25.8064 3.42889 -2.15265e-17)
(25.8164 3.40035 -1.02692e-16)
(25.8272 3.37179 9.32435e-17)
(25.8388 3.3441 -8.45886e-17)
(25.8505 3.31827 -3.00122e-17)
(25.8608 3.29531 -1.37291e-17)
(25.868 3.27541 3.69956e-17)
)
;
    }
    outlet
    {
        type            freestreamVelocity;
        freestreamValue nonuniform List<vector> 0();
        value           nonuniform List<vector> 0();
    }
    walls
    {
        type            noSlip;
    }
    frontAndBack
    {
        type            empty;
    }
    procBoundary4to0
    {
        type            processor;
        value           nonuniform List<vector> 
72
(
(17.8915 14.0205 -4.10486e-18)
(18.5997 13.3687 1.58301e-17)
(19.2302 12.7756 -1.09175e-17)
(19.7941 12.2326 1.03551e-17)
(20.301 11.7329 9.74453e-18)
(20.7585 11.2709 1.30283e-17)
(21.1729 10.8421 -1.10949e-17)
(21.5492 10.4427 -3.19448e-18)
(21.8921 10.0698 1.87902e-17)
(22.2051 9.72051 -2.14209e-17)
(22.4914 9.39269 1.17818e-17)
(22.7538 9.08445 -1.26778e-17)
(22.9946 8.79409 -1.10836e-17)
(23.2159 8.52014 1.32366e-17)
(23.4195 8.26134 -1.03535e-17)
(23.607 8.01654 1.14668e-17)
(23.7798 7.78476 -9.21312e-19)
(23.9391 7.56511 -1.66226e-18)
(24.086 7.35678 1.21603e-17)
(24.2217 7.15904 9.51122e-18)
(24.3469 6.97127 -4.50211e-18)
(24.4626 6.79284 5.23338e-21)
(24.4626 6.79284 5.23338e-21)
(24.3626 6.48388 -3.13976e-17)
(24.4701 6.33211 -1.98998e-17)
(24.5696 6.1876 -9.1913e-17)
(24.6618 6.04994 6.74276e-17)
(24.7473 5.9188 -1.50849e-17)
(24.8266 5.79384 -4.05358e-17)
(24.9 5.67475 1.37929e-18)
(24.968 5.56124 -1.10897e-17)
(25.031 5.45305 4.16764e-17)
(25.0893 5.34993 -4.73181e-17)
(25.1434 5.25164 -9.05394e-17)
(25.1934 5.15795 5.44459e-17)
(25.2397 5.06866 -1.23743e-17)
(25.2825 4.98356 3.69169e-18)
(25.3221 4.90248 -3.47459e-18)
(25.3588 4.82522 -2.06158e-17)
(25.3926 4.75163 1.53736e-17)
(25.4239 4.68154 -2.26942e-17)
(25.4528 4.6148 -2.2002e-17)
(25.4795 4.55126 -1.57745e-17)
(25.5041 4.49079 -1.1302e-17)
(25.5268 4.43326 3.37843e-17)
(25.5477 4.37853 3.39024e-17)
(25.567 4.3265 -1.69111e-17)
(25.5848 4.27704 -1.55665e-17)
(25.6011 4.23004 -3.98353e-17)
(25.6162 4.18541 -5.23664e-18)
(25.63 4.14304 -5.35278e-18)
(25.6427 4.10283 4.17003e-17)
(25.6544 4.06469 -2.31328e-17)
(25.6652 4.02854 -1.15509e-17)
(25.675 3.99428 2.02411e-17)
(25.684 3.96184 -4.60799e-17)
(25.6923 3.93111 2.36436e-17)
(25.6998 3.90202 -2.45515e-18)
(25.7067 3.87445 7.464e-18)
(25.7121 3.85237 2.96927e-17)
(25.7163 3.8346 -1.7888e-17)
(25.7204 3.81649 4.30613e-18)
(25.7245 3.79821 -2.64838e-17)
(25.7284 3.77983 8.90365e-18)
(25.7322 3.76139 -9.79544e-18)
(25.7357 3.74297 1.49338e-17)
(25.739 3.72457 -1.09416e-17)
(25.7421 3.70619 1.30186e-17)
(25.7448 3.68783 6.4098e-18)
(25.747 3.66939 -4.88726e-18)
(25.7484 3.65049 3.26788e-17)
(25.7493 3.63036 2.18888e-17)
)
;
    }
    procBoundary4to5
    {
        type            processor;
        value           nonuniform List<vector> 
95
(
(17.8132 15.4905 -2.6571e-17)
(18.6801 16.2512 1.06305e-17)
(19.6566 16.9761 1.00965e-17)
(21.2333 16.6425 -9.30484e-18)
(21.2333 16.6425 -9.30484e-18)
(22.2969 17.1565 -3.69308e-17)
(23.7307 16.6371 1.32474e-16)
(23.7307 16.6371 1.32474e-16)
(24.8178 16.9276 2.03539e-16)
(26.0523 16.2286 4.37598e-16)
(26.0523 16.2286 4.37598e-16)
(27.1381 15.4914 4.25185e-16)
(27.1381 15.4914 4.25185e-16)
(28.0872 14.7245 8.37455e-17)
(28.043 14.0336 -3.0932e-16)
(28.043 14.0336 -3.0932e-16)
(28.8144 13.3034 3.48317e-16)
(28.8144 13.3034 3.48317e-16)
(29.4802 12.5586 -1.58123e-16)
(29.3454 12.0141 1.88676e-16)
(29.3454 12.0141 1.88676e-16)
(29.8769 11.3086 2.40808e-16)
(29.7157 10.8398 1.2353e-15)
(29.7157 10.8398 1.2353e-15)
(30.134 10.1727 -8.23137e-17)
(29.9537 9.76928 -7.96764e-16)
(29.9537 9.76928 -7.96764e-16)
(30.2746 9.14036 -8.98593e-16)
(30.0807 8.79441 7.31024e-16)
(29.8965 8.46629 2.49715e-16)
(29.8965 8.46629 2.49715e-16)
(30.115 7.90926 1.08608e-15)
(29.9219 7.62929 -3.21685e-16)
(29.7376 7.36382 -3.64718e-16)
(29.7376 7.36382 -3.64718e-16)
(29.8735 6.87266 6.37057e-17)
(29.6842 6.64835 3.55535e-16)
(29.5032 6.43583 -2.31513e-16)
(29.5032 6.43583 -2.31513e-16)
(29.5728 6.00665 -3.94187e-16)
(29.3902 5.82965 9.91263e-17)
(29.2155 5.66236 -2.48043e-15)
(29.2155 5.66236 -2.48043e-15)
(29.2324 5.29209 -3.63243e-16)
(29.0591 5.15549 4.57784e-16)
(28.8933 5.02681 5.76197e-16)
(28.7347 4.90576 -1.47029e-15)
(28.583 4.79205 1.33482e-15)
(28.583 4.79205 1.33482e-15)
(28.5531 4.51492 8.06012e-16)
(28.4054 4.42501 -7.87612e-16)
(28.2643 4.34093 9.36167e-16)
(28.1296 4.2624 3.43852e-17)
(28.001 4.18916 3.38332e-16)
(28.001 4.18916 3.38332e-16)
(27.9451 3.98977 1.34353e-16)
(27.8224 3.93432 -5.87884e-16)
(27.7055 3.88283 3.67607e-16)
(27.5941 3.83508 -5.69741e-16)
(27.488 3.79084 -2.18542e-16)
(27.488 3.79084 -2.18542e-16)
(27.4225 3.65405 4.7062e-17)
(27.3231 3.62224 -2.75671e-16)
(27.2286 3.59286 1.539e-16)
(27.1387 3.56573 1.58343e-16)
(27.0532 3.54066 6.55068e-18)
(26.9718 3.5175 2.32873e-16)
(26.8943 3.4961 1.27607e-16)
(26.8943 3.4961 1.27607e-16)
(26.8347 3.41858 4.43354e-17)
(26.7632 3.40395 1.63327e-16)
(26.6951 3.39038 -7.52833e-17)
(26.6302 3.37778 1.23864e-16)
(26.5683 3.36605 1.2688e-16)
(26.5095 3.35513 -1.84283e-16)
(26.4535 3.34495 5.16322e-17)
(26.4005 3.33544 4.28539e-17)
(26.4005 3.33544 4.28539e-17)
(26.3552 3.29455 1.18272e-16)
(26.3069 3.28804 9.95529e-17)
(26.2608 3.28174 7.51555e-17)
(26.2239 3.2768 -1.03613e-16)
(26.1938 3.27265 2.58831e-17)
(26.1633 3.26837 -1.72636e-19)
(26.1325 3.26399 -4.62316e-17)
(26.1017 3.25936 -8.57356e-17)
(26.0708 3.25506 4.80511e-17)
(26.0413 3.24891 2.19253e-17)
(26.0413 3.24891 2.19253e-17)
(26.0126 3.22938 -2.01761e-18)
(25.9908 3.21051 -4.20576e-17)
(25.9476 3.23968 1.73076e-18)
(25.9532 3.15529 2.29665e-17)
(25.8654 3.31749 -1.54243e-17)
(25.9687 2.97479 -1.95117e-17)
)
;
    }
}


// ************************************************************************* //
