/*--------------------------------*- C++ -*----------------------------------*\
| =========                 |                                                 |
| \\      /  F ield         | OpenFOAM: The Open Source CFD Toolbox           |
|  \\    /   O peration     | Version:  2506                                  |
|   \\  /    A nd           | Website:  www.openfoam.com                      |
|    \\/     M anipulation  |                                                 |
\*---------------------------------------------------------------------------*/
FoamFile
{
    version     2.0;
    format      ascii;
    arch        "LSB;label=32;scalar=64";
    class       volVectorField;
    location    "150";
    object      U;
}
// * * * * * * * * * * * * * * * * * * * * * * * * * * * * * * * * * * * * * //

dimensions      [0 1 -1 0 0 0 0];

internalField   nonuniform List<vector> 
1340
(
(18.5007 14.1646 -2.59069e-19)
(19.2715 14.863 2.85045e-17)
(20.1395 15.5309 -2.2323e-17)
(19.1663 13.4931 1.6654e-17)
(19.8851 14.1338 -6.33274e-18)
(20.6917 14.7464 1.2444e-17)
(21.5513 15.2853 -6.15433e-17)
(22.5015 15.7673 3.63393e-18)
(19.7597 12.8834 1.3173e-17)
(20.433 13.4727 -2.35578e-17)
(21.1862 14.0357 -3.48155e-17)
(21.9849 14.5301 1.02035e-17)
(22.866 14.9733 3.00556e-17)
(23.8038 15.3439 -1.20474e-16)
(24.7799 15.6256 -5.23568e-17)
(20.2909 12.3264 -2.03993e-17)
(20.924 12.8695 -6.63828e-17)
(21.6301 13.3877 1.57753e-17)
(22.3752 13.842 -2.50352e-19)
(23.1955 14.2497 -7.92814e-17)
(24.0665 14.5911 1.6751e-16)
(24.9705 14.8519 -2.9185e-16)
(25.9112 15.0293 9.5363e-16)
(20.7687 11.8147 3.05467e-17)
(21.3657 12.3161 1.79322e-17)
(22.0299 12.7937 2.12249e-17)
(22.7275 13.2114 3.02866e-17)
(23.494 13.5864 -4.30453e-17)
(24.3058 13.9005 8.11814e-17)
(25.1458 14.1408 3.92167e-16)
(26.0188 14.3058 -5.31898e-16)
(26.9119 14.3886 -2.54509e-16)
(21.1998 11.3423 3.43736e-18)
(21.7644 11.8058 -1.86291e-18)
(22.3908 12.2466 -1.98444e-17)
(23.0459 12.631 3.77617e-18)
(23.7644 12.9758 7.51078e-17)
(24.5232 13.2643 -1.67366e-16)
(25.3062 13.4851 -3.37687e-17)
(26.1184 13.6373 -1.45253e-16)
(26.9481 13.7149 -1.70689e-16)
(21.5903 10.9045 -6.11325e-17)
(22.1253 11.3335 6.12418e-17)
(22.7174 11.7407 -8.32769e-18)
(23.3342 12.0945 7.47431e-18)
(24.0093 12.4114 1.35955e-16)
(24.7205 12.6761 -8.09826e-17)
(25.4524 12.8784 -4.19408e-16)
(26.2099 13.0177 6.60949e-16)
(26.9825 13.0891 4.6583e-16)
(27.7651 13.0889 -3.65174e-16)
(21.9448 10.4972 2.72763e-17)
(22.4528 10.8948 5.07135e-18)
(23.0134 11.2711 1.17738e-17)
(23.5955 11.597 1.87591e-17)
(24.2312 11.8882 -1.38358e-16)
(24.8994 12.1307 4.06336e-16)
(25.5849 12.3153 2.79679e-16)
(26.2932 12.442 -4.05842e-16)
(27.0139 12.5065 -2.99609e-16)
(27.7431 12.5059 2.47278e-16)
(28.4808 12.4371 8.86363e-17)
(22.2676 10.1173 -2.44593e-17)
(22.7504 10.4859 -1.10713e-17)
(23.2823 10.8339 5.93921e-18)
(23.8324 11.1341 -8.12777e-18)
(24.4323 11.4016 -3.73693e-17)
(25.0612 11.6234 -5.92532e-16)
(25.7048 11.7914 -1.78741e-16)
(26.3681 11.9059 -1.53603e-16)
(27.0419 11.9633 1.51774e-16)
(27.7222 11.9612 1.52482e-16)
(28.41 11.8969 1.93701e-16)
(22.562 9.76185 2.63511e-17)
(23.0215 10.1039 5.36426e-17)
(23.5267 10.4257 1.2233e-17)
(24.0475 10.7023 9.37072e-18)
(24.6145 10.9478 1.05474e-16)
(25.2075 11.1505 1.38058e-16)
(25.8126 11.3029 1.83232e-16)
(26.4351 11.4056 1.69439e-16)
(27.0659 11.4559 -2.88546e-16)
(27.7016 11.4515 -1.95328e-17)
(28.3436 11.3903 -1.01007e-16)
(28.9873 11.2697 1.97702e-16)
(22.8309 9.4286 -6.13915e-18)
(23.2688 9.74601 -4.44344e-17)
(23.7491 10.0439 -3.45951e-18)
(24.2429 10.2985 1.6443e-17)
(24.7795 10.5238 -4.56021e-17)
(25.3394 10.7086 5.08951e-17)
(25.9093 10.8464 -3.26562e-16)
(26.4943 10.938 2.90919e-16)
(27.0857 10.9811 6.10482e-17)
(27.6806 10.9739 1.42483e-16)
(28.2805 10.9149 -1.40339e-16)
(28.8815 10.8014 3.07862e-16)
(23.0771 9.11548 -4.42855e-17)
(23.4946 9.41014 2.15549e-17)
(23.9518 9.6857 -1.54231e-17)
(24.4205 9.92025 -6.19233e-18)
(24.9289 10.1267 6.27731e-17)
(25.4582 10.2949 8.67134e-17)
(25.9956 10.4191 -1.28812e-16)
(26.546 10.5002 -1.21582e-16)
(27.1013 10.5362 2.00588e-16)
(27.6587 10.526 -7.18273e-16)
(28.2198 10.4681 1.049e-15)
(28.7815 10.3606 -1.15908e-15)
(29.3421 10.2005 1.04481e-15)
(23.3027 8.82072 -1.25977e-19)
(23.7011 9.0943 -1.96813e-17)
(24.1366 9.34927 1.07474e-17)
(24.5818 9.56516 -4.1147e-18)
(25.064 9.7542 -1.00977e-17)
(25.565 9.90703 -1.21692e-16)
(26.0723 10.0185 -2.64532e-16)
(26.5907 10.0896 -1.63739e-16)
(27.1126 10.1189 2.04416e-16)
(27.6354 10.1055 5.08219e-17)
(28.1609 10.0482 -1.0642e-16)
(28.6861 9.94554 4.04777e-16)
(29.21 9.79467 -1.1301e-15)
(23.5096 8.54285 6.20322e-18)
(23.89 8.79685 -5.19755e-17)
(24.3051 9.03272 8.24632e-18)
(24.7284 9.23134 2.00963e-17)
(25.1861 9.40421 5.85858e-17)
(25.6606 9.54275 -1.22396e-16)
(26.14 9.64232 2.8946e-16)
(26.6289 9.70414 1.23077e-16)
(27.1198 9.72699 -6.14577e-16)
(27.6106 9.71031 3.00616e-16)
(28.1031 9.65325 -1.00369e-15)
(28.5946 9.55443 6.01266e-16)
(29.0845 9.41161 5.2037e-17)
(29.5716 9.22205 -1.74858e-16)
(23.6996 8.28048 2.87696e-17)
(24.063 8.51632 -2.02142e-17)
(24.4589 8.73448 1.46794e-18)
(24.8616 8.91705 3.90643e-17)
(25.2963 9.07494 1.17662e-16)
(25.7461 9.20021 -1.06098e-16)
(26.1994 9.28876 3.1374e-16)
(26.6608 9.34184 1.74017e-16)
(27.1231 9.35861 6.26248e-16)
(27.5842 9.3387 1.99233e-16)
(28.0461 9.2815 1.13719e-15)
(28.5064 9.18592 -3.96046e-16)
(28.9646 9.05001 1.86395e-15)
(29.4199 8.87124 -3.88663e-16)
(23.8743 8.0325 -2.04024e-17)
(24.2215 8.25143 2.31137e-17)
(24.5992 8.45307 -9.10056e-18)
(24.9824 8.62079 7.30599e-17)
(25.3956 8.76477 -1.5345e-16)
(25.8222 8.87772 3.20609e-16)
(26.2511 8.95601 -3.53725e-16)
(26.6869 9.001 7.39705e-17)
(27.1225 9.01204 -4.91341e-16)
(27.5562 8.98903 3.93307e-16)
(27.9897 8.93149 3.83912e-16)
(28.4209 8.83862 -7.08341e-16)
(28.8497 8.70872 -1.57212e-15)
(29.2755 8.53953 -1.22646e-15)
(24.0349 7.79783 2.20071e-17)
(24.3667 8.00104 -5.81079e-18)
(24.7272 8.18731 -8.3563e-18)
(25.0921 8.34123 -2.94958e-17)
(25.4849 8.47229 8.32239e-17)
(25.8897 8.5738 1.53552e-16)
(26.2958 8.64262 1.69801e-16)
(26.7076 8.68005 5.96572e-17)
(27.1184 8.68574 -2.30064e-17)
(27.5264 8.65975 -8.79757e-18)
(27.9335 8.60176 -7.83942e-16)
(28.3378 8.51122 -1.63035e-16)
(28.7392 8.3866 3.96561e-16)
(29.1375 8.226 3.06124e-16)
(29.5303 8.02725 1.77534e-15)
(24.1826 7.5756 2.59891e-17)
(24.4999 7.76414 3.00289e-17)
(24.8439 7.93609 4.68264e-18)
(25.1915 8.07718 -7.57724e-17)
(25.565 8.19626 -1.56465e-17)
(25.9493 8.28717 -2.80538e-16)
(26.3341 8.34721 -2.88511e-16)
(26.7234 8.37765 -2.92764e-16)
(27.1109 8.37837 -5.26777e-16)
(27.495 8.34957 1.86723e-16)
(27.8775 8.29109 3.53092e-16)
(28.2567 8.20253 5.44759e-16)
(28.6326 8.08264 -6.47804e-16)
(29.0051 7.92966 -2.78526e-16)
(29.3723 7.74163 -7.5139e-16)
(24.3186 7.36497 -5.20507e-17)
(24.6219 7.53979 -7.9386e-18)
(24.9504 7.69841 -1.27668e-17)
(25.2815 7.82757 -3.65743e-18)
(25.6368 7.93552 5.99458e-17)
(26.0017 8.01665 3.56613e-17)
(26.3664 8.06856 4.02176e-16)
(26.7346 8.09251 -1.36339e-16)
(27.1003 8.08863 6.03251e-16)
(27.4621 8.05725 -1.5838e-16)
(27.8216 7.99825 3.03531e-16)
(28.1773 7.91148 7.32856e-18)
(28.5294 7.79581 9.18704e-16)
(28.8779 7.64973 5.82217e-16)
(29.2212 7.47146 -6.11109e-16)
(24.4439 7.16517 1.32126e-17)
(24.7338 7.32717 -1.6248e-17)
(25.0473 7.47337 2.29144e-17)
(25.3628 7.59147 1.94602e-17)
(25.7009 7.6891 -1.27673e-16)
(26.0475 7.76116 1.74314e-16)
(26.3932 7.80556 8.99241e-18)
(26.7415 7.82357 -5.17943e-16)
(27.0869 7.81544 -5.11023e-16)
(27.4276 7.78166 6.1097e-16)
(27.7657 7.7222 -3.1997e-16)
(28.0995 7.63703 -2.45868e-16)
(28.4295 7.52521 6.44937e-16)
(28.7555 7.38538 -8.00072e-16)
(29.0764 7.216 7.7358e-16)
(29.3904 7.01543 -7.71323e-16)
(24.5591 6.97551 4.82879e-18)
(24.8363 7.12555 2.49056e-18)
(25.1356 7.26018 1.17965e-17)
(25.4362 7.368 -7.6798e-18)
(25.758 7.45606 8.92806e-17)
(26.0873 7.51972 -2.72469e-16)
(26.4149 7.5572 -2.53831e-16)
(26.7446 7.56974 9.20202e-16)
(27.0707 7.55774 -1.0922e-16)
(27.3919 7.52177 -6.94574e-17)
(27.7098 7.46191 -6.77908e-16)
(28.0232 7.37822 -4.34722e-16)
(28.3323 7.26993 -1.08615e-15)
(28.6374 7.13583 3.03e-16)
(28.9373 6.97461 4.85735e-16)
(29.2305 6.78465 -1.06273e-15)
(24.6653 6.7954 1.35092e-17)
(24.9302 6.93424 2.781e-17)
(25.2159 7.05809 5.30826e-18)
(25.5024 7.15637 -6.95935e-17)
(25.8086 7.23557 -3.47777e-17)
(26.1214 7.29147 1.2912e-16)
(26.4321 7.32257 3.84003e-16)
(26.7441 7.33011 4.51162e-17)
(27.0521 7.31458 -4.60548e-16)
(27.3548 7.27665 2.58216e-16)
(27.6539 7.21646 5.08291e-16)
(27.9481 7.13418 1.30168e-15)
(28.2379 7.02918 -6.57449e-16)
(28.5233 6.90037 -8.90848e-16)
(28.8035 6.74663 2.27936e-16)
(29.0773 6.56647 2.01196e-16)
(24.5473 6.4932 -1.0038e-18)
(24.763 6.6242 7.52173e-18)
(25.0162 6.75265 -1.5485e-17)
(25.2889 6.86647 1.54211e-17)
(25.5619 6.95588 -8.61053e-17)
(25.8533 7.02687 1.86268e-16)
(26.1505 7.07561 -4.28246e-18)
(26.4451 7.10087 7.75082e-17)
(26.7404 7.10381 -2.67883e-16)
(27.0314 7.08509 -2.32631e-16)
(27.3167 7.04542 -3.41311e-16)
(27.5981 6.985 -1.76947e-17)
(27.8743 6.9041 -6.54993e-17)
(28.1459 6.80218 1.46954e-16)
(28.413 6.67829 1.07293e-15)
(28.6748 6.53146 1.34345e-16)
(28.9304 6.36041 -1.18476e-15)
(29.1778 6.164 -1.65268e-16)
(24.6466 6.33981 6.93763e-18)
(24.8529 6.46149 -2.52486e-17)
(25.0949 6.58022 -1.57047e-18)
(25.3552 6.68469 -2.03588e-17)
(25.6153 6.76588 3.93428e-17)
(25.8926 6.82927 -1.30464e-16)
(26.1749 6.87141 -9.34294e-17)
(26.4543 6.89131 -4.27199e-16)
(26.7338 6.89008 3.89798e-16)
(27.0087 6.86849 4.02562e-17)
(27.2776 6.8273 -2.54318e-16)
(27.5424 6.76675 6.16564e-16)
(27.8018 6.6872 -9.3377e-17)
(28.0562 6.58819 -9.03479e-18)
(28.3061 6.46892 -6.3849e-16)
(28.5507 6.32852 -6.21389e-16)
(28.7892 6.16589 1.11497e-15)
(29.0198 5.97993 7.14804e-16)
(24.7383 6.19383 -2.8595e-18)
(24.9356 6.30679 1.4419e-18)
(25.1668 6.41645 8.90791e-18)
(25.4153 6.51221 -4.01454e-17)
(25.6631 6.58575 -2.55036e-17)
(25.9269 6.64211 -6.15851e-17)
(26.1951 6.67817 4.27332e-17)
(26.46 6.69316 -9.85739e-17)
(26.7245 6.68816 -6.64394e-17)
(26.9841 6.66401 1.47459e-16)
(27.2377 6.62151 5.47168e-16)
(27.4868 6.56096 -5.5979e-16)
(27.7304 6.48276 4.86697e-17)
(27.9688 6.38655 -3.33915e-16)
(28.2026 6.27162 4.85589e-16)
(28.4311 6.13724 1.27957e-15)
(28.6534 5.98243 -7.34224e-16)
(28.8683 5.80621 -1.65843e-15)
(24.823 6.05486 -4.13761e-18)
(25.0118 6.15967 2.05334e-17)
(25.2326 6.26085 -4.57285e-18)
(25.4697 6.34849 9.14293e-18)
(25.7057 6.41496 5.60564e-17)
(25.9566 6.46482 2.16141e-16)
(26.2114 6.49529 1.11898e-16)
(26.4625 6.50582 -8.537e-16)
(26.7128 6.4974 -1.11567e-16)
(26.9581 6.47097 1.81344e-16)
(27.1971 6.42737 9.99207e-17)
(27.4315 6.36693 -3.1361e-16)
(27.6601 6.29009 -3.43703e-16)
(27.8836 6.19657 7.06075e-16)
(28.1023 6.08577 -2.86908e-16)
(28.3156 5.95706 7.95647e-16)
(28.5229 5.80956 2.27757e-16)
(28.723 5.64243 9.15794e-16)
(28.9139 5.45522 -8.55418e-16)
(24.9014 5.92252 -7.29123e-18)
(25.0817 6.01971 -9.18912e-18)
(25.2927 6.11299 -4.87631e-18)
(25.5188 6.19308 -2.5719e-17)
(25.7435 6.25297 -6.69632e-17)
(25.9822 6.29684 -2.44353e-16)
(26.2241 6.3222 -5.46384e-17)
(26.4621 6.32866 2.71451e-16)
(26.699 6.31716 4.32123e-16)
(26.9306 6.28873 1.60428e-16)
(27.1559 6.24425 -2.53582e-16)
(27.3764 6.18402 7.4365e-16)
(27.5911 6.10857 6.5259e-19)
(27.8004 6.01767 5.31423e-16)
(28.005 5.91081 1.7954e-16)
(28.2041 5.78743 -1.01176e-16)
(28.3973 5.64677 -1.3266e-15)
(28.5835 5.48815 -1.82691e-15)
(28.761 5.31109 1.14463e-15)
(24.9737 5.7965 1.36606e-18)
(25.1461 5.88656 7.4471e-18)
(25.3475 5.97245 -4.92711e-18)
(25.5631 6.04551 -3.26069e-17)
(25.7771 6.09933 1.0366e-16)
(26.004 6.13768 -1.76754e-16)
(26.2336 6.15834 7.79647e-16)
(26.4592 6.1611 -2.88492e-17)
(26.6833 6.14686 1.41506e-16)
(26.902 6.11669 -9.53694e-16)
(27.1143 6.07151 3.10847e-16)
(27.3217 6.01161 -9.45824e-17)
(27.5232 5.93758 -4.60705e-19)
(27.7193 5.84924 -4.42902e-16)
(27.9105 5.74615 8.7845e-16)
(28.0964 5.62784 4.90275e-16)
(28.2764 5.49366 -5.60663e-16)
(28.4496 5.34299 8.13441e-16)
(28.6144 5.17548 -1.25061e-15)
(25.0405 5.67645 -2.52276e-18)
(25.2052 5.75986 -1.48291e-17)
(25.3974 5.83887 5.57825e-18)
(25.6029 5.9054 4.14962e-17)
(25.8066 5.95359 -1.56052e-16)
(26.0223 5.98685 4.3446e-17)
(26.2402 6.00323 -5.89682e-17)
(26.4539 6.00264 -6.19135e-17)
(26.6659 5.98597 1.36671e-16)
(26.8724 5.95431 6.07569e-16)
(27.0724 5.9086 7.72667e-17)
(27.2674 5.84915 -5.75479e-17)
(27.4565 5.77657 -3.46228e-16)
(27.6402 5.69075 -7.1502e-16)
(27.819 5.59129 4.25862e-16)
(27.9924 5.47781 -5.57299e-16)
(28.16 5.34974 -6.48898e-17)
(28.321 5.20656 3.84704e-16)
(28.474 5.04799 9.63299e-16)
(25.1021 5.5621 5.68623e-18)
(25.2594 5.63929 8.44058e-18)
(25.4428 5.71187 2.31269e-19)
(25.6386 5.77234 -3.99642e-18)
(25.8324 5.81532 3.68158e-17)
(26.0374 5.84391 9.11122e-17)
(26.2442 5.85638 -5.19724e-17)
(26.4466 5.85279 -3.62712e-16)
(26.647 5.83396 2.37825e-16)
(26.8419 5.80104 -9.0471e-16)
(27.0303 5.75498 5.11665e-16)
(27.2136 5.69609 -4.4098e-16)
(27.391 5.625 -3.46911e-16)
(27.5631 5.54165 -1.06413e-15)
(27.7301 5.44569 3.66278e-16)
(27.8918 5.33683 -1.03182e-15)
(28.0479 5.21456 1.39502e-16)
(28.1975 5.07846 1.08044e-16)
(28.3394 4.92828 4.87511e-16)
(25.159 5.45317 -6.05526e-18)
(25.3092 5.52454 2.41349e-18)
(25.484 5.59114 -1.74541e-19)
(25.6706 5.64598 -4.63483e-17)
(25.8549 5.68415 3.84164e-18)
(26.0496 5.70845 7.26233e-17)
(26.2457 5.71737 1.25867e-16)
(26.4373 5.71108 4.72604e-16)
(26.6268 5.69036 -6.94314e-16)
(26.8107 5.65641 3.24069e-16)
(26.9881 5.61015 -3.1737e-16)
(27.1604 5.55192 8.23051e-16)
(27.3268 5.48237 6.95791e-16)
(27.4879 5.40145 1.09147e-15)
(27.6439 5.30889 7.45366e-16)
(27.7947 5.20445 9.1782e-16)
(27.9399 5.08769 -2.28823e-16)
(28.0789 4.95827 1.10201e-16)
(28.2105 4.81601 -1.35205e-16)
(28.3332 4.66117 -3.80165e-16)
(25.2115 5.34939 -9.11472e-18)
(25.3548 5.41533 2.80863e-17)
(25.5214 5.47636 -3.6381e-18)
(25.699 5.52598 3.09522e-17)
(25.8743 5.55972 1.25317e-16)
(26.0591 5.58009 -2.655e-16)
(26.2451 5.58578 1.91277e-17)
(26.4264 5.57708 5.09241e-16)
(26.6055 5.55473 -1.24223e-16)
(26.7789 5.51993 -2.75759e-16)
(26.9459 5.47363 7.3509e-16)
(27.1078 5.41616 -2.40153e-16)
(27.2639 5.34817 -8.03061e-17)
(27.4146 5.26967 -7.30028e-16)
(27.5603 5.18041 3.16686e-16)
(27.7009 5.08021 -1.00726e-15)
(27.836 4.9687 -1.01204e-15)
(27.9649 4.8456 5.82234e-16)
(28.0868 4.71081 -2.57878e-16)
(28.2003 4.56456 -5.40671e-16)
(25.2599 5.25053 -5.868e-18)
(25.3965 5.3114 -2.81919e-18)
(25.5553 5.36725 -2.1585e-17)
(25.7243 5.41202 2.57533e-17)
(25.8908 5.44168 -5.76879e-17)
(26.0663 5.45845 2.66416e-16)
(26.2425 5.46123 2.53994e-17)
(26.4141 5.45039 -2.95777e-16)
(26.5832 5.42663 4.78033e-16)
(26.7467 5.39118 -6.64695e-16)
(26.9039 5.34498 -3.66863e-16)
(27.056 5.28835 2.54698e-16)
(27.2022 5.22196 -3.72614e-16)
(27.3432 5.14584 -2.98757e-16)
(27.4793 5.0598 -3.89283e-16)
(27.6102 4.96368 -1.70522e-16)
(27.7358 4.85719 2.26496e-16)
(27.8555 4.74009 -9.53116e-16)
(27.9684 4.61235 -1.11055e-17)
(28.0731 4.47422 2.43185e-16)
(25.3045 5.15636 -1.12994e-17)
(25.4347 5.21249 1.02564e-18)
(25.5859 5.26352 9.77196e-18)
(25.7467 5.3038 4.13207e-17)
(25.9048 5.32972 -1.54444e-16)
(26.0712 5.34321 7.29802e-17)
(26.2381 5.34336 -3.60197e-17)
(26.4004 5.33062 -5.13043e-16)
(26.5601 5.30568 3.36435e-16)
(26.7142 5.26974 2.92138e-16)
(26.8621 5.22376 4.68959e-16)
(27.0048 5.16805 -4.13798e-16)
(27.1419 5.1033 -3.24175e-17)
(27.2738 5.02954 6.35367e-16)
(27.4007 4.94663 2.57344e-16)
(27.5227 4.85445 -5.16205e-16)
(27.6394 4.75275 3.588e-16)
(27.7504 4.64136 1.36719e-15)
(27.8548 4.52028 -3.54185e-17)
(27.9516 4.38981 3.146e-16)
(25.3455 5.06666 1.36337e-17)
(25.4696 5.11837 -6.49722e-18)
(25.6135 5.16492 -1.80667e-17)
(25.7663 5.20106 -3.55626e-17)
(25.9165 5.22352 1.37417e-16)
(26.0742 5.23402 8.90584e-17)
(26.2322 5.23181 5.04936e-17)
(26.3856 5.21742 9.87038e-17)
(26.5363 5.19147 -5.58858e-16)
(26.6815 5.15522 -3.90839e-16)
(26.8205 5.10958 -3.9532e-16)
(26.9545 5.05487 8.10729e-16)
(27.0829 4.99177 -2.1051e-16)
(27.2062 4.92035 -3.45253e-16)
(27.3246 4.84049 -8.75732e-16)
(27.4382 4.75211 6.77912e-16)
(27.5466 4.655 4.95154e-16)
(27.6495 4.54904 -1.86917e-16)
(27.746 4.43427 -7.56568e-16)
(27.8353 4.31102 2.53602e-16)
(25.3833 4.98122 -2.76866e-18)
(25.5015 5.02882 -8.98833e-18)
(25.6384 5.0712 2.36392e-17)
(25.7835 5.10351 -2.21838e-18)
(25.9259 5.12281 -3.51011e-17)
(26.0754 5.1306 1.04326e-16)
(26.2249 5.12627 -5.6274e-16)
(26.3699 5.11044 5.38313e-17)
(26.512 5.08368 1.76507e-16)
(26.6487 5.04724 4.8583e-16)
(26.7793 5.00205 3.20761e-16)
(26.9051 4.9484 -4.05285e-17)
(27.0253 4.88698 -6.74406e-16)
(27.1404 4.81788 4.64686e-16)
(27.2509 4.74098 3.41168e-16)
(27.3566 4.65627 4.03552e-16)
(27.4573 4.56356 -3.68374e-16)
(27.5526 4.46277 -1.19189e-15)
(27.6418 4.35398 3.63062e-16)
(27.7242 4.23754 -5.86674e-17)
(27.7985 4.11436 -1.10371e-16)
(25.4181 4.89986 7.10272e-19)
(25.5305 4.94362 9.24526e-18)
(25.6606 4.98214 -5.24817e-18)
(25.7984 5.01091 5.49038e-18)
(25.9335 5.02731 -5.85721e-17)
(26.075 5.03264 -3.44187e-17)
(26.2164 5.02643 1.68701e-16)
(26.3532 5.00935 -5.75854e-17)
(26.4872 4.98194 5.02716e-17)
(26.6158 4.94546 1.23698e-16)
(26.7386 4.9008 -1.24435e-16)
(26.8565 4.84827 -2.30778e-16)
(26.969 4.78855 -1.65267e-16)
(27.0766 4.72174 -5.01982e-16)
(27.1795 4.64774 3.28433e-16)
(27.2778 4.56657 4.50322e-16)
(27.3713 4.47807 3.19868e-16)
(27.4595 4.38221 7.3377e-16)
(27.542 4.27909 -2.28051e-16)
(27.6179 4.1691 3.46067e-16)
(27.6862 4.05307 -4.66265e-16)
(25.45 4.82238 -7.14598e-19)
(25.5569 4.86258 -2.57109e-18)
(25.6805 4.89751 3.00299e-18)
(25.8113 4.92302 1.80133e-17)
(25.9392 4.93677 -1.39643e-16)
(26.0732 4.93988 2.58329e-16)
(26.2068 4.932 -2.32864e-16)
(26.3359 4.91385 1.82677e-16)
(26.4621 4.88594 5.36628e-17)
(26.5831 4.84953 1.11808e-16)
(26.6983 4.8055 1.48982e-16)
(26.8088 4.75414 7.70868e-16)
(26.9141 4.69613 -3.99194e-16)
(27.0145 4.63157 5.65912e-16)
(27.1105 4.5604 -8.38088e-16)
(27.2018 4.48264 -3.66311e-16)
(27.2885 4.3982 2.85719e-16)
(27.3702 4.30704 -9.55516e-16)
(27.4464 4.2093 4.57867e-16)
(27.5163 4.10539 -4.04002e-16)
(27.5791 3.99612 -2.83509e-16)
(25.4794 4.74863 -5.17364e-18)
(25.5809 4.7855 6.66262e-19)
(25.6982 4.81711 1.49171e-17)
(25.8222 4.83962 8.93352e-17)
(25.9433 4.85095 -2.80153e-17)
(26.07 4.85205 -1.3048e-16)
(26.1961 4.84269 6.47543e-16)
(26.3179 4.82364 -3.65216e-16)
(26.4367 4.79538 -1.10936e-16)
(26.5504 4.75915 6.40943e-16)
(26.6586 4.71582 -1.27141e-15)
(26.7621 4.66567 1.47485e-15)
(26.8605 4.60937 -2.12059e-16)
(26.9542 4.54703 -3.93332e-16)
(27.0436 4.47861 -8.30947e-16)
(27.1285 4.40416 -1.66047e-16)
(27.2089 4.32359 1.79097e-16)
(27.2846 4.23692 -5.75404e-16)
(27.3549 4.14429 1.08106e-15)
(27.4193 4.04612 -6.56526e-16)
(27.4768 3.94323 2.7248e-16)
(25.5063 4.67843 -1.47707e-18)
(25.6027 4.71221 2.23127e-18)
(25.7139 4.74075 -1.88628e-17)
(25.8314 4.76049 -4.18214e-18)
(25.9459 4.76961 -5.48797e-17)
(26.0656 4.76891 -1.54817e-16)
(26.1847 4.75826 -4.91468e-16)
(26.2994 4.73846 1.29209e-16)
(26.4112 4.70997 -4.3115e-16)
(26.518 4.67401 -3.15289e-17)
(26.6195 4.63144 -5.68577e-16)
(26.7164 4.58254 -5.78782e-16)
(26.8083 4.52795 1.05576e-15)
(26.8957 4.4678 5.85551e-16)
(26.9789 4.40206 -1.48566e-16)
(27.0578 4.33079 1.19733e-15)
(27.1324 4.25394 5.38619e-16)
(27.2023 4.17155 3.84393e-16)
(27.2672 4.08377 -1.3689e-16)
(27.3265 3.99104 -4.76007e-16)
(27.3793 3.89414 6.89699e-17)
(25.531 4.61162 -1.63985e-19)
(25.6224 4.64253 -5.39278e-19)
(25.7278 4.66822 3.61438e-18)
(25.8389 4.68543 -5.13548e-17)
(25.9472 4.69253 -7.23755e-17)
(26.0602 4.69022 1.50076e-16)
(26.1725 4.67844 1.08378e-16)
(26.2804 4.65803 8.7266e-17)
(26.3856 4.62943 -9.83136e-17)
(26.4859 4.59383 -7.10484e-16)
(26.5809 4.55208 7.19594e-16)
(26.6716 4.50444 1.76979e-16)
(26.7575 4.45156 -8.08554e-16)
(26.839 4.39356 -2.2657e-16)
(26.9164 4.33042 -1.91207e-16)
(26.9897 4.26223 3.65933e-16)
(27.0588 4.18895 -7.33386e-16)
(27.1234 4.11062 3.97618e-16)
(27.1833 4.02745 3.39839e-16)
(27.2378 3.93985 1.19725e-16)
(27.2864 3.8486 3.59336e-16)
(27.3281 3.75521 2.89878e-16)
(25.5537 4.54806 -1.31165e-18)
(25.6402 4.57629 4.70761e-18)
(25.74 4.59936 1.29261e-17)
(25.845 4.61424 3.22552e-17)
(25.9473 4.61952 2.41435e-16)
(26.0538 4.61577 -2.74681e-17)
(26.1596 4.60301 -3.13193e-16)
(26.2612 4.58212 1.60246e-16)
(26.3599 4.5535 2.95086e-16)
(26.454 4.51833 4.44256e-16)
(26.5431 4.47745 7.52659e-16)
(26.6278 4.4311 9.27878e-16)
(26.708 4.37991 -8.34009e-16)
(26.7839 4.32401 -4.08705e-17)
(26.8559 4.2634 -5.09678e-16)
(26.9239 4.19817 -2.57205e-16)
(26.9879 4.1283 6.60708e-17)
(27.0477 4.05386 1.4013e-15)
(27.1029 3.97506 -1.10512e-15)
(27.1531 3.8923 -5.64087e-16)
(27.1976 3.80636 4.82737e-16)
(27.2358 3.71866 -2.69396e-16)
(25.5744 4.48759 -1.4125e-18)
(25.6563 4.51335 -5.21722e-18)
(25.7506 4.53399 -1.59256e-17)
(25.8498 4.54673 -1.91643e-18)
(25.9462 4.55037 -2.50729e-17)
(26.0466 4.54533 1.21105e-16)
(26.1461 4.53174 1.6479e-16)
(26.2416 4.51048 1.26647e-16)
(26.3343 4.48193 -3.6414e-16)
(26.4225 4.44727 -1.93662e-16)
(26.5058 4.40728 -2.27197e-16)
(26.585 4.36223 -3.04449e-16)
(26.6598 4.31272 1.01792e-15)
(26.7306 4.25888 -2.09086e-16)
(26.7975 4.20072 7.10561e-16)
(26.8606 4.13834 -1.1246e-16)
(26.9198 4.07174 7.11183e-18)
(26.9751 4.001 -9.23422e-16)
(27.026 3.92633 1.54061e-15)
(27.0721 3.84814 -8.50722e-17)
(27.113 3.76719 1.81167e-16)
(27.1479 3.68484 -1.79404e-16)
(25.5933 4.4301 3.05841e-18)
(25.6707 4.45356 -3.6535e-18)
(25.7597 4.47196 1.93635e-17)
(25.8533 4.48275 -5.96554e-17)
(25.9442 4.48489 9.35951e-17)
(26.0387 4.47871 -3.26069e-16)
(26.1322 4.46441 6.86475e-17)
(26.2219 4.44289 -5.28949e-16)
(26.3088 4.41449 5.38236e-16)
(26.3914 4.38038 -6.65696e-16)
(26.4693 4.34133 -4.28121e-16)
(26.5433 4.29758 3.56783e-16)
(26.613 4.24972 -7.04988e-16)
(26.6788 4.19789 -3.48494e-16)
(26.741 4.1421 -9.87212e-16)
(26.7995 4.08247 6.22782e-17)
(26.8544 4.01899 4.48973e-17)
(26.9054 3.95177 1.53386e-16)
(26.9523 3.88103 -4.25277e-16)
(26.9947 3.80715 -2.0953e-16)
(27.0322 3.73089 3.09065e-16)
(27.0642 3.65354 6.354e-18)
(25.6106 4.37544 -4.37585e-19)
(25.6837 4.39677 -5.74561e-18)
(25.7676 4.41311 5.5031e-18)
(25.8557 4.42211 -2.72972e-17)
(25.9412 4.4229 -4.84467e-17)
(26.03 4.41572 1.3691e-18)
(26.1179 4.40083 -2.14105e-16)
(26.202 4.37913 5.75108e-16)
(26.2834 4.35096 1.86174e-16)
(26.3606 4.31745 4.65974e-16)
(26.4335 4.27936 -3.74446e-16)
(26.5025 4.2369 3.85207e-16)
(26.5674 4.19067 -2.33526e-16)
(26.6286 4.1408 1.5144e-15)
(26.6864 4.0873 3.45176e-16)
(26.7406 4.0303 5.57226e-16)
(26.7914 3.96981 5.30775e-17)
(26.8385 3.90594 -4.90049e-16)
(26.8818 3.8389 3.81183e-16)
(26.9208 3.7691 4.28067e-18)
(26.9552 3.69724 -2.26994e-16)
(26.9844 3.62457 -2.19338e-16)
(25.6263 4.32349 -7.30719e-18)
(25.6952 4.34285 -7.20962e-19)
(25.7742 4.35728 4.30824e-17)
(25.8571 4.36465 1.05577e-16)
(25.9374 4.36423 1.75429e-17)
(26.0208 4.35618 -1.13314e-16)
(26.1032 4.3408 5.34897e-16)
(26.1819 4.31901 -5.6677e-16)
(26.2581 4.29113 -6.23138e-16)
(26.3303 4.25826 -2.35887e-16)
(26.3983 4.22114 5.27451e-16)
(26.4626 4.17997 7.74416e-17)
(26.5231 4.13534 4.82164e-16)
(26.58 4.08737 -7.43313e-16)
(26.6336 4.03608 -9.19037e-16)
(26.6839 3.9816 6.65297e-16)
(26.7308 3.92396 -1.26555e-15)
(26.7743 3.86327 3.52968e-16)
(26.8142 3.79974 -5.03391e-16)
(26.8501 3.73376 6.9577e-17)
(26.8816 3.66604 6.11971e-16)
(26.9084 3.59775 1.81499e-16)
(25.6407 4.27414 1.76203e-18)
(25.7055 4.29166 1.45847e-18)
(25.7797 4.30435 -5.10515e-17)
(25.8576 4.31024 -3.30899e-17)
(25.9329 4.30873 -9.62553e-17)
(26.011 4.29992 4.62863e-16)
(26.0882 4.28415 -9.58243e-17)
(26.1619 4.26234 -3.12033e-17)
(26.2331 4.23479 -9.38701e-17)
(26.3005 4.2026 7.5857e-16)
(26.3639 4.16645 -9.77286e-16)
(26.4238 4.12657 8.35501e-16)
(26.4801 4.0835 4.54009e-17)
(26.5329 4.03737 2.02493e-16)
(26.5826 3.98821 7.33833e-16)
(26.6292 3.93615 -5.20334e-16)
(26.6726 3.88122 9.73717e-16)
(26.7127 3.82354 -9.85302e-17)
(26.7495 3.76332 -4.42186e-16)
(26.7825 3.70096 1.23356e-16)
(26.8114 3.63711 -1.98803e-16)
(26.8359 3.57291 5.6298e-16)
(25.6537 4.22727 -3.6341e-18)
(25.7145 4.2431 -5.37837e-18)
(25.7842 4.25418 2.41891e-17)
(25.8572 4.25871 -8.40101e-17)
(25.9277 4.25624 -1.76187e-17)
(26.0008 4.24676 -1.21269e-17)
(26.0729 4.23069 -5.85856e-16)
(26.1418 4.20893 5.61092e-16)
(26.2082 4.18177 -3.70003e-16)
(26.2711 4.15027 -7.95286e-16)
(26.3302 4.11511 4.09435e-16)
(26.3859 4.07649 -9.1392e-16)
(26.4382 4.03494 7.02117e-16)
(26.4872 3.99059 -3.47554e-16)
(26.5333 3.94348 -1.25188e-15)
(26.5764 3.89373 5.36191e-16)
(26.6165 3.84138 -7.01959e-17)
(26.6536 3.78655 -1.8002e-16)
(26.6874 3.72946 -1.77237e-16)
(26.7178 3.67049 1.38557e-16)
(26.7443 3.61026 -4.11087e-16)
(26.7668 3.54989 2.2629e-17)
(26.7849 3.49076 -1.2807e-16)
(25.6655 4.18278 2.76382e-18)
(25.7225 4.19703 9.99483e-19)
(25.7878 4.20664 2.07819e-17)
(25.856 4.20994 9.4245e-17)
(25.9219 4.2066 -2.2142e-16)
(25.9902 4.19657 -1.24047e-16)
(26.0575 4.18026 4.85093e-16)
(26.1217 4.15862 -5.14746e-16)
(26.1836 4.13188 9.67365e-16)
(26.2422 4.10109 -7.01524e-16)
(26.2971 4.06691 -8.84103e-17)
(26.3489 4.02953 -6.47892e-16)
(26.3975 3.98946 -6.24978e-16)
(26.443 3.94684 3.88897e-16)
(26.4857 3.90169 -1.14318e-16)
(26.5255 3.85414 -8.59926e-16)
(26.5626 3.80424 -4.83629e-16)
(26.5968 3.75211 5.39115e-16)
(26.6279 3.69796 -1.86583e-17)
(26.6559 3.64217 -4.10259e-16)
(26.6803 3.58534 3.83473e-16)
(26.7009 3.52852 2.29047e-16)
(26.7174 3.47303 4.37871e-17)
(25.6762 4.14055 2.1883e-18)
(25.7295 4.15336 -2.3248e-18)
(25.7904 4.16161 5.3131e-18)
(25.8541 4.1638 -8.35223e-17)
(25.9155 4.15969 1.2262e-16)
(25.9792 4.14918 1.17723e-16)
(26.0419 4.13272 -5.92543e-16)
(26.1017 4.11124 3.34978e-16)
(26.1593 4.08496 -4.4728e-16)
(26.2137 4.0549 7.43144e-16)
(26.2648 4.0217 1.18734e-16)
(26.3129 3.98553 5.2061e-16)
(26.3579 3.94689 7.61698e-17)
(26.4001 3.90592 -4.89069e-16)
(26.4396 3.86265 8.49721e-16)
(26.4764 3.8172 9.63072e-17)
(26.5107 3.76962 -4.11534e-16)
(26.5422 3.72004 6.95563e-16)
(26.5709 3.66866 2.26276e-16)
(26.5966 3.61586 -5.37653e-16)
(26.619 3.5622 9.53758e-17)
(26.6379 3.50869 2.50172e-17)
(26.6531 3.45658 2.20046e-17)
(25.6859 4.1005 5.66197e-19)
(25.7356 4.11196 3.24218e-18)
(25.7923 4.11898 3.17288e-17)
(25.8515 4.12016 -9.08321e-17)
(25.9087 4.11538 -1.18672e-16)
(25.9679 4.10447 2.7281e-16)
(26.0262 4.08792 -8.49616e-17)
(26.0817 4.06664 4.42463e-16)
(26.1352 4.04085 4.71814e-16)
(26.1858 4.01152 -1.15202e-16)
(26.2331 3.97929 2.78809e-16)
(26.2777 3.9443 9.54147e-17)
(26.3195 3.90705 -4.65249e-16)
(26.3585 3.86767 7.57298e-16)
(26.395 3.82619 -7.27206e-16)
(26.4291 3.78273 1.52125e-15)
(26.4606 3.73735 -6.90932e-16)
(26.4897 3.69017 -2.57044e-16)
(26.5161 3.6414 9.60146e-16)
(26.5398 3.59139 -1.10765e-16)
(26.5604 3.54069 4.39894e-17)
(26.5777 3.49026 -6.34097e-16)
(26.5917 3.44128 2.59596e-16)
(25.6946 4.06252 1.44058e-18)
(25.7408 4.07275 -2.74308e-18)
(25.7934 4.07863 -6.81863e-17)
(25.8484 4.0789 1.11126e-16)
(25.9014 4.07354 6.67833e-17)
(25.9563 4.06231 1.03723e-16)
(26.0103 4.04572 -6.18064e-17)
(26.0618 4.0247 -7.40772e-17)
(26.1115 3.99941 -6.91931e-16)
(26.1583 3.97082 6.50406e-16)
(26.2022 3.93953 2.47241e-16)
(26.2435 3.90569 -3.83276e-17)
(26.2821 3.86978 -3.81924e-16)
(26.3181 3.83193 -5.07646e-16)
(26.3519 3.79215 8.59611e-16)
(26.3833 3.75059 -7.43394e-16)
(26.4124 3.70728 3.10189e-18)
(26.4392 3.66236 5.09391e-16)
(26.4636 3.61603 -1.96646e-16)
(26.4853 3.56863 5.21872e-16)
(26.5043 3.52069 -3.31995e-16)
(26.5203 3.47312 -8.8328e-17)
(26.5331 3.42704 2.96903e-16)
(25.7025 4.02653 -4.6995e-18)
(25.7452 4.03562 5.41141e-18)
(25.7939 4.04046 1.99239e-17)
(25.8447 4.03992 4.36975e-17)
(25.8937 4.03405 -4.63693e-17)
(25.9445 4.02257 -1.4114e-16)
(25.9945 4.00601 -2.61397e-17)
(26.0421 3.98527 1.054e-16)
(26.088 3.9605 -4.34325e-17)
(26.1313 3.93266 -6.38009e-16)
(26.1719 3.9023 4.10313e-16)
(26.21 3.86956 2.93374e-17)
(26.2457 3.83494 3.52279e-16)
(26.279 3.79854 7.27709e-16)
(26.3102 3.7604 -8.47691e-16)
(26.3392 3.72062 1.24865e-15)
(26.3661 3.67927 -1.93405e-16)
(26.3908 3.63647 4.70685e-16)
(26.4132 3.59243 -4.72522e-16)
(26.4333 3.54747 -6.97373e-16)
(26.4508 3.50209 3.8024e-16)
(26.4654 3.45717 3.91024e-16)
(26.4772 3.41378 -2.3857e-16)
(25.7095 3.99243 2.21313e-18)
(25.7489 4.00046 -2.5135e-20)
(25.7938 4.00436 1.14239e-17)
(25.8405 4.0031 5.13445e-17)
(25.8857 3.9968 -1.89706e-16)
(25.9325 3.98513 2.66673e-16)
(25.9786 3.96865 -1.8456e-16)
(26.0225 3.94824 -1.52647e-16)
(26.0648 3.92399 1.15357e-16)
(26.1048 3.89691 2.86327e-17)
(26.1422 3.86745 -1.10523e-15)
(26.1774 3.83577 9.96627e-16)
(26.2103 3.80238 -4.65921e-16)
(26.2411 3.76738 6.9245e-16)
(26.2699 3.73079 -2.06106e-16)
(26.2966 3.6927 -5.8868e-16)
(26.3215 3.6532 -2.77745e-16)
(26.3443 3.61239 2.1873e-16)
(26.3651 3.57049 2.584e-16)
(26.3836 3.52779 -1.31682e-16)
(26.3997 3.4848 1.88724e-16)
(26.4132 3.44233 -4.27615e-16)
(26.4241 3.40141 -1.51563e-16)
(25.7158 3.96014 -3.29888e-18)
(25.752 3.9672 2.36207e-18)
(25.7931 3.97025 -1.01239e-17)
(25.836 3.96835 -6.90802e-17)
(25.8774 3.96168 -4.01835e-18)
(25.9203 3.94989 -1.61305e-16)
(25.9627 3.93353 1.15082e-17)
(26.003 3.91348 3.10204e-16)
(26.042 3.88978 -1.95514e-16)
(26.0788 3.86346 4.79062e-16)
(26.1132 3.83487 1.02576e-15)
(26.1456 3.80419 -1.47559e-15)
(26.176 3.772 3.54442e-16)
(26.2044 3.73836 -1.45704e-16)
(26.2311 3.70323 -6.5226e-17)
(26.2558 3.66673 4.3952e-16)
(26.2788 3.62895 -3.22284e-16)
(26.2999 3.59001 1.37713e-16)
(26.3191 3.55009 -7.09991e-16)
(26.3362 3.5095 4.55284e-18)
(26.351 3.46871 8.23061e-17)
(26.3636 3.42851 1.64692e-16)
(26.3736 3.38987 -4.6167e-17)
(25.7213 3.92958 4.50807e-19)
(25.7544 3.93574 3.15922e-18)
(25.7918 3.93801 -3.79188e-18)
(25.831 3.93555 2.41726e-16)
(25.8688 3.9286 -2.80236e-16)
(25.908 3.91673 3.89708e-17)
(25.9469 3.90056 2.37901e-16)
(25.9838 3.8809 -1.61322e-16)
(26.0196 3.85773 3.33382e-17)
(26.0533 3.83223 -7.34584e-16)
(26.0848 3.80446 -2.51469e-16)
(26.1147 3.77473 4.98461e-16)
(26.1428 3.74371 -7.69257e-16)
(26.1692 3.71138 3.50208e-16)
(26.1938 3.67764 1.25156e-16)
(26.2167 3.64263 -1.22189e-16)
(26.2379 3.60645 5.17822e-16)
(26.2574 3.56924 1.89727e-16)
(26.2751 3.53116 -2.75542e-16)
(26.2909 3.49251 -1.79303e-16)
(26.3046 3.45374 5.5343e-17)
(26.3162 3.41563 2.86649e-16)
(26.3256 3.37907 4.29794e-17)
(26.3327 3.34521 2.34796e-16)
(25.7263 3.90064 -1.38807e-18)
(25.7562 3.90598 -6.57829e-18)
(25.7901 3.90757 -5.09776e-17)
(25.8256 3.90463 -2.23302e-16)
(25.86 3.89747 3.27059e-16)
(25.8956 3.88558 3.85939e-16)
(25.9311 3.86968 -2.34058e-16)
(25.9647 3.8504 2.93119e-16)
(25.9976 3.82778 -2.21122e-16)
(26.0282 3.80322 6.95098e-16)
(26.0571 3.7761 -3.70742e-16)
(26.0848 3.74719 -1.5471e-16)
(26.111 3.71735 5.46703e-16)
(26.1353 3.68628 -5.67188e-16)
(26.158 3.65383 3.72989e-16)
(26.1791 3.62021 8.10275e-17)
(26.1987 3.58553 -3.11576e-16)
(26.2167 3.54993 5.24508e-16)
(26.233 3.51355 3.42237e-16)
(26.2476 3.4767 -4.73406e-16)
(26.2603 3.43981 -1.55825e-16)
(26.271 3.40361 -3.87478e-16)
(26.2797 3.36897 6.90925e-17)
(26.2864 3.33697 6.42025e-17)
(25.7306 3.87322 -5.95812e-18)
(25.7575 3.87781 -4.27034e-18)
(25.7879 3.87879 -3.07617e-18)
(25.8198 3.87547 -1.74886e-17)
(25.8508 3.86816 -8.82562e-17)
(25.8831 3.85636 1.11973e-16)
(25.9153 3.8408 1.82958e-16)
(25.9457 3.82193 -1.67064e-16)
(25.9761 3.79998 -9.49392e-17)
(26.0035 3.77647 -1.0055e-16)
(26.0303 3.74965 -4.06974e-16)
(26.0563 3.7214 2.66224e-16)
(26.0805 3.69278 1.13437e-16)
(26.1028 3.66296 1.05121e-15)
(26.1236 3.63169 6.18744e-17)
(26.1429 3.59932 2.20286e-16)
(26.161 3.56603 -1.71653e-16)
(26.1776 3.53191 -3.53797e-16)
(26.1926 3.4971 2.45083e-16)
(26.2061 3.46189 1.21987e-16)
(26.2179 3.42672 -8.86977e-17)
(26.2279 3.39227 -2.35917e-17)
(26.236 3.35939 9.06828e-17)
(26.2422 3.32908 1.06505e-16)
(25.7338 3.8513 2.05593e-18)
(25.7582 3.85523 -1.15883e-18)
(25.7858 3.85551 2.40883e-17)
(25.8147 3.8515 5.81581e-17)
(25.8427 3.84356 -1.02826e-16)
(25.8717 3.83112 -1.45583e-16)
(25.9005 3.81505 -2.86087e-16)
(25.9273 3.7955 6.70445e-16)
(25.9544 3.77332 -4.58652e-17)
(25.9771 3.74894 1.06777e-16)
(26.001 3.72247 -1.88853e-16)
(26.0262 3.69625 -4.82849e-16)
(26.0501 3.67004 -2.28424e-16)
(26.0716 3.64217 -3.41074e-16)
(26.0915 3.61251 2.27916e-16)
(26.1103 3.58169 -5.16684e-16)
(26.1278 3.54992 -7.58642e-17)
(26.1439 3.51727 2.75284e-16)
(26.1585 3.48391 -2.37495e-17)
(26.1716 3.45014 -5.06787e-16)
(26.183 3.41641 2.13316e-16)
(26.1927 3.38338 1.07321e-16)
(26.2006 3.35189 -7.15131e-17)
(26.2066 3.3229 5.79008e-17)
(25.7362 3.83374 -1.83384e-19)
(25.7586 3.83706 9.88725e-19)
(25.7838 3.83653 1.48333e-17)
(25.8101 3.83161 3.55417e-18)
(25.8353 3.82264 -3.45696e-17)
(25.8611 3.80907 1.07797e-16)
(25.8862 3.79181 1.1675e-16)
(25.909 3.77092 2.36821e-16)
(25.9319 3.74782 -5.86758e-16)
(25.9489 3.72118 3.33362e-18)
(25.9693 3.6945 5.58119e-16)
(25.9945 3.67147 -9.92635e-16)
(26.0193 3.64835 -1.31645e-16)
(26.0411 3.6228 -1.98915e-16)
(26.0612 3.59507 4.03987e-16)
(26.0803 3.56602 -7.70384e-16)
(26.0981 3.53588 -3.84722e-16)
(26.1144 3.50474 5.33681e-16)
(26.1292 3.47277 -4.46631e-16)
(26.1424 3.44032 8.95281e-17)
(26.1539 3.40784 -1.11176e-16)
(26.1636 3.376 -2.1498e-16)
(26.1715 3.34565 -7.23586e-18)
(26.1775 3.31774 2.16019e-16)
(25.7385 3.81579 1.37779e-20)
(25.7588 3.81854 1.25059e-18)
(25.7815 3.81727 -3.76327e-17)
(25.8051 3.81153 4.9177e-17)
(25.8274 3.80169 1.25387e-16)
(25.85 3.78723 1.79224e-17)
(25.8715 3.76904 4.7374e-16)
(25.8905 3.74723 -2.21717e-16)
(25.9093 3.72355 -1.65834e-16)
(25.9214 3.69533 -1.62231e-16)
(25.9383 3.66882 -6.06741e-16)
(25.9633 3.64864 -1.99368e-16)
(25.9889 3.62804 4.6233e-16)
(26.011 3.60438 1.52062e-16)
(26.031 3.57831 -1.27736e-16)
(26.0502 3.55083 9.58036e-16)
(26.0682 3.52216 7.03403e-16)
(26.0846 3.49239 2.21961e-16)
(26.0995 3.46173 -4.33941e-16)
(26.1127 3.43053 2.35677e-16)
(26.1243 3.39924 2.05979e-17)
(26.1341 3.36857 1.84539e-16)
(26.1419 3.33934 -2.93182e-16)
(26.148 3.31248 -4.4577e-17)
(25.7406 3.79767 6.79182e-19)
(25.7587 3.79986 2.92673e-19)
(25.7789 3.79792 2.33129e-17)
(25.7997 3.79149 -8.07892e-17)
(25.8191 3.78095 -6.27375e-17)
(25.8386 3.76586 -1.13094e-16)
(25.8565 3.747 -3.99359e-16)
(25.872 3.72473 2.30187e-16)
(25.8868 3.70074 1.33639e-16)
(25.8947 3.67176 7.04413e-16)
(25.9083 3.64556 8.77519e-17)
(25.9329 3.62776 7.07998e-16)
(25.959 3.6092 -1.62585e-16)
(25.9811 3.58709 -1.1618e-16)
(26.0011 3.56242 -5.84323e-16)
(26.0202 3.5363 1.82315e-16)
(26.0382 3.50893 1.01821e-16)
(26.0547 3.4804 3.26589e-16)
(26.0696 3.45093 -1.30431e-17)
(26.0828 3.42088 1.96866e-16)
(26.0944 3.39073 -2.59135e-16)
(26.1042 3.36115 7.13014e-17)
(26.112 3.33298 9.7461e-17)
(26.1181 3.30712 -4.83321e-17)
(25.7426 3.77942 1.72963e-18)
(25.7584 3.78107 -1.60735e-18)
(25.776 3.77856 -4.22514e-18)
(25.7939 3.77157 1.56498e-17)
(25.8105 3.76053 1.78364e-16)
(25.8269 3.74508 -1.32187e-17)
(25.8413 3.72584 1.26809e-16)
(25.8537 3.70359 -3.47192e-16)
(25.8647 3.67958 -1.56311e-16)
(25.869 3.65072 -5.9321e-16)
(25.8799 3.625 -1.53485e-17)
(25.9035 3.60906 4.78632e-16)
(25.9298 3.59204 -1.89412e-16)
(25.9518 3.57114 -2.78579e-16)
(25.9716 3.54759 6.90896e-16)
(25.9905 3.52259 -4.32812e-16)
(26.0084 3.49632 -1.75192e-16)
(26.0249 3.46885 -5.6115e-16)
(26.0397 3.44043 -1.71143e-16)
(26.0529 3.41143 -4.60508e-17)
(26.0645 3.38231 -2.13114e-16)
(26.0742 3.35376 2.27443e-16)
(26.082 3.32657 2.59951e-17)
(26.088 3.30165 -8.77005e-17)
(25.7443 3.76111 -4.37332e-18)
(25.7578 3.76226 5.45383e-18)
(25.7728 3.75926 -1.12809e-17)
(25.7879 3.75189 5.71485e-17)
(25.8017 3.74056 -1.1967e-16)
(25.815 3.72505 -3.7586e-17)
(25.8263 3.70576 2.66789e-17)
(25.8357 3.68403 -1.6028e-17)
(25.8433 3.66031 1.97203e-16)
(25.8449 3.6325 7.78412e-17)
(25.8533 3.6074 -6.98107e-16)
(25.8758 3.59279 4.88322e-16)
(25.9016 3.57677 -2.32433e-16)
(25.9234 3.55672 -2.86584e-16)
(25.9428 3.53401 8.38964e-16)
(25.9613 3.50987 -6.60054e-16)
(25.979 3.48448 -6.39818e-17)
(25.9953 3.4579 1.78997e-16)
(26.01 3.43037 8.07936e-16)
(26.0231 3.40227 5.61933e-17)
(26.0346 3.37407 9.71668e-17)
(26.0443 3.34646 -2.56918e-16)
(26.052 3.32023 1.00412e-16)
(26.058 3.29628 -5.54814e-17)
(25.7459 3.74279 1.00341e-19)
(25.7571 3.74348 -1.16514e-18)
(25.7694 3.74012 -4.89938e-18)
(25.7817 3.73253 3.20464e-17)
(25.7928 3.72118 8.11775e-18)
(25.8031 3.70592 -5.13525e-17)
(25.8115 3.68697 -3.06174e-17)
(25.8185 3.66629 -3.79113e-17)
(25.8228 3.64321 4.44198e-16)
(25.8228 3.61742 4.87451e-17)
(25.829 3.59309 -6.08993e-16)
(25.8499 3.57925 1.22136e-16)
(25.8749 3.56368 5.84932e-16)
(25.8961 3.54409 -1.33959e-18)
(25.9149 3.52191 -2.12345e-16)
(25.933 3.49835 -5.89061e-17)
(25.9503 3.47359 3.04358e-16)
(25.9663 3.44768 -2.00429e-16)
(25.9807 3.42086 3.78579e-17)
(25.9937 3.39348 -2.48756e-16)
(26.0051 3.36602 3.27797e-17)
(26.0147 3.3391 -2.11696e-16)
(26.0226 3.31347 2.96331e-17)
(26.0288 3.28999 1.01441e-16)
(25.7471 3.72448 -3.09442e-19)
(25.756 3.72477 -1.33148e-18)
(25.7658 3.72117 -3.3111e-19)
(25.7754 3.71359 -9.44133e-17)
(25.7838 3.70252 1.08301e-16)
(25.7915 3.68786 -1.06261e-17)
(25.7973 3.66974 -2.1633e-16)
(25.8021 3.65066 -8.92442e-17)
(25.8037 3.62859 1.05983e-16)
(25.8032 3.60588 5.91768e-17)
(25.8076 3.58244 -2.7741e-16)
(25.8266 3.56877 5.78486e-16)
(25.8501 3.55309 -4.88078e-16)
(25.8702 3.53357 -3.59436e-17)
(25.8883 3.51156 1.69381e-17)
(25.9056 3.48827 3.58444e-16)
(25.9224 3.46384 -5.78694e-16)
(25.9379 3.43832 3.60408e-16)
(25.9521 3.412 8.00054e-17)
(25.9647 3.38529 -4.83056e-18)
(25.9758 3.35869 -2.13101e-16)
(25.9851 3.33286 7.68949e-17)
(25.9926 3.30859 1.25208e-16)
(25.9982 3.28672 -1.63686e-17)
(26.0024 3.2674 -3.90247e-18)
(25.7482 3.70616 -1.62957e-18)
(25.7548 3.70612 2.2292e-18)
(25.762 3.70246 7.636e-18)
(25.7691 3.69517 5.35056e-17)
(25.7752 3.68474 -6.87514e-17)
(25.7804 3.6711 -8.46641e-17)
(25.7841 3.65439 -1.94261e-16)
(25.7871 3.63744 4.38991e-16)
(25.7867 3.61678 -2.60548e-16)
(25.7867 3.59829 -1.18052e-16)
(25.7895 3.57577 1.05793e-15)
(25.806 3.56171 -7.04185e-16)
(25.8274 3.54537 -2.33691e-16)
(25.8462 3.52547 1.50768e-16)
(25.8631 3.50328 5.86145e-16)
(25.8795 3.47994 -1.13198e-16)
(25.8954 3.45553 -4.35874e-16)
(25.9104 3.43 1.03871e-16)
(25.9243 3.40355 4.19424e-16)
(25.937 3.3765 -5.26597e-17)
(25.9484 3.3493 -3.20654e-16)
(25.9584 3.32257 1.56035e-16)
(25.9669 3.29701 1.17365e-16)
(25.9738 3.27346 -1.20644e-16)
(25.9792 3.25216 -1.99146e-17)
(25.7489 3.68785 1.55961e-18)
(25.7534 3.68754 3.31912e-18)
(25.7582 3.68403 -2.05574e-17)
(25.7629 3.67734 -3.96899e-18)
(25.7669 3.66797 1.11761e-16)
(25.7701 3.65584 -1.67954e-16)
(25.7724 3.64125 1.98388e-16)
(25.7741 3.62682 7.36124e-17)
(25.7728 3.60821 -3.6956e-17)
(25.774 3.59518 5.28159e-17)
(25.7749 3.57329 1.4489e-16)
(25.7885 3.55838 -1.01301e-15)
(25.8072 3.54094 4.84716e-16)
(25.8241 3.52017 -2.47433e-16)
(25.8396 3.49732 1.4759e-16)
(25.8547 3.47358 4.16712e-16)
(25.8693 3.44919 -3.01297e-16)
(25.883 3.42428 6.97303e-17)
(25.8956 3.39917 -1.5021e-16)
(25.9069 3.37424 -1.70412e-17)
(25.9169 3.34999 1.6424e-16)
(25.9251 3.32706 -2.47476e-16)
(25.9314 3.30616 1.34812e-16)
(25.9359 3.288 -1.81354e-17)
(25.9392 3.27252 1.51928e-17)
(25.7494 3.66944 -5.52721e-18)
(25.752 3.66897 1.57865e-18)
(25.7547 3.66585 -2.07698e-18)
(25.7574 3.66014 6.0787e-17)
(25.7595 3.6523 5.80083e-18)
(25.7613 3.64228 -6.54545e-17)
(25.7626 3.63054 -1.44778e-16)
(25.7634 3.61902 2.91204e-16)
(25.7622 3.60371 -2.00018e-16)
(25.7644 3.59722 -7.94529e-17)
(25.7637 3.57523 -7.31588e-17)
(25.7742 3.559 3.64785e-16)
(25.7895 3.54017 -2.71365e-16)
(25.8037 3.51834 3.45205e-16)
(25.8174 3.49424 -2.04689e-16)
(25.8316 3.46848 2.90901e-16)
(25.8461 3.44099 -1.20329e-16)
(25.8604 3.41185 -2.61068e-16)
(25.8742 3.3814 2.44694e-16)
(25.8875 3.35011 -4.13887e-17)
(25.9 3.31855 -7.22632e-18)
(25.9118 3.28739 -1.19447e-16)
(25.9227 3.25737 -4.75937e-17)
(25.9322 3.2294 7.98728e-17)
(25.9396 3.20397 -2.28617e-17)
(25.7497 3.65056 -3.85541e-18)
(25.751 3.65008 5.06995e-18)
(25.7523 3.64772 4.43311e-18)
(25.7535 3.64356 -1.58848e-18)
(25.7543 3.63794 1.09543e-18)
(25.7548 3.63087 -3.73497e-17)
(25.755 3.62285 9.2708e-17)
(25.7548 3.61491 -2.18217e-16)
(25.7537 3.60486 1.69142e-16)
(25.7559 3.60431 -6.54702e-17)
(25.7545 3.58228 1.29136e-16)
(25.763 3.56386 -6.86268e-17)
(25.7751 3.54272 2.97285e-16)
(25.7857 3.52073 -2.49249e-16)
(25.7952 3.49903 9.08849e-17)
(25.8046 3.47805 -6.55747e-17)
(25.8139 3.45754 -8.93798e-18)
(25.8231 3.43747 5.49996e-17)
(25.832 3.41798 -6.92244e-18)
(25.8403 3.39948 -1.15066e-16)
(25.8475 3.38245 4.26769e-17)
(25.8529 3.3676 -3.78927e-17)
(25.8561 3.35542 3.32971e-17)
(25.8577 3.34598 -9.73638e-18)
(25.8594 3.33856 1.86886e-17)
(25.7499 3.6304 1.08139e-17)
(25.7505 3.63017 -2.46902e-18)
(25.7511 3.62919 -5.08468e-18)
(25.7514 3.62751 7.79467e-17)
(25.7515 3.62527 -1.47468e-16)
(25.7512 3.62251 3.03326e-17)
(25.7505 3.61948 8.27085e-17)
(25.7495 3.61642 9.3551e-17)
(25.7481 3.61313 -1.06369e-16)
(25.7487 3.61458 -1.12402e-17)
(25.7453 3.59556 4.49845e-17)
(25.7513 3.57612 -8.30719e-18)
(25.7621 3.54788 -1.47822e-16)
(25.7739 3.51442 -4.09292e-17)
(25.7864 3.47722 1.96876e-16)
(25.7997 3.43705 -8.75382e-17)
(25.8137 3.39418 1.49495e-16)
(25.8284 3.34898 1.00431e-16)
(25.8441 3.30191 -3.57482e-17)
(25.8609 3.25368 -1.7171e-16)
(25.8792 3.20528 1.56218e-16)
(25.8986 3.15823 -1.41843e-16)
(25.9184 3.11425 -5.03868e-17)
(25.9356 3.07512 -2.30664e-17)
(25.9477 3.04125 6.21897e-17)
)
;

boundaryField
{
    inlet
    {
        type            freestreamVelocity;
        freestreamValue uniform (25.75 3.62 0);
        value           nonuniform List<vector> 
25
(
(25.75 3.62005 5.26525e-20)
(25.75 3.62005 -1.20215e-20)
(25.75 3.62004 -2.47569e-20)
(25.75 3.62004 3.79515e-19)
(25.75 3.62003 -7.18003e-19)
(25.75 3.62001 1.47685e-19)
(25.75 3.62 4.02691e-19)
(25.75 3.61998 4.55478e-19)
(25.75 3.61997 -5.17884e-19)
(25.75 3.61997 -5.47256e-20)
(25.7473 3.60608 2.5612e-17)
(25.7507 3.59503 -4.72791e-18)
(25.7569 3.57898 -8.40837e-17)
(25.7636 3.55998 -2.32658e-17)
(25.7707 3.5389 1.1183e-16)
(25.7782 3.51616 -4.96845e-17)
(25.7861 3.49194 8.4778e-17)
(25.7944 3.46644 5.69036e-17)
(25.8033 3.43994 -2.02361e-17)
(25.8127 3.41283 -9.71082e-17)
(25.823 3.38568 8.82633e-17)
(25.8339 3.35934 -8.0067e-17)
(25.845 3.33476 -2.84174e-17)
(25.8546 3.31293 -1.29991e-17)
(25.8613 3.29406 3.50238e-17)
)
;
    }
    outlet
    {
        type            freestreamVelocity;
        freestreamValue nonuniform List<vector> 0();
        value           nonuniform List<vector> 0();
    }
    walls
    {
        type            noSlip;
    }
    frontAndBack
    {
        type            empty;
    }
    procBoundary4to0
    {
        type            processor;
        value           nonuniform List<vector> 
72
(
(17.8596 13.4823 -4.74195e-18)
(18.5678 12.8683 1.74741e-17)
(19.1983 12.3095 -1.16444e-17)
(19.7624 11.7978 1.12337e-17)
(20.2695 11.3268 1.06569e-17)
(20.7272 10.8911 1.38326e-17)
(21.1419 10.4866 -1.22699e-17)
(21.5187 10.1097 -3.09104e-18)
(21.862 9.75754 2.00993e-17)
(22.1754 9.4276 -2.28296e-17)
(22.4623 9.11781 1.26655e-17)
(22.7252 8.82637 -1.36462e-17)
(22.9666 8.55171 -1.18089e-17)
(23.1884 8.29245 1.39398e-17)
(23.3925 8.0474 -1.1089e-17)
(23.5806 7.8155 1.21553e-17)
(23.7539 7.59582 -9.12641e-19)
(23.9138 7.38754 -1.80945e-18)
(24.0614 7.1899 1.27619e-17)
(24.1977 7.00222 9.98849e-18)
(24.3235 6.82391 -4.63426e-18)
(24.4398 6.65441 1.91168e-19)
(24.4398 6.65441 1.91168e-19)
(24.3493 6.3532 -3.26058e-17)
(24.457 6.20934 -2.06816e-17)
(24.5568 6.07229 -9.59635e-17)
(24.6493 5.94166 7.04344e-17)
(24.7351 5.81716 -1.56861e-17)
(24.8146 5.69846 -4.23591e-17)
(24.8883 5.58529 1.68477e-18)
(24.9567 5.47736 -1.15302e-17)
(25.02 5.37445 4.37754e-17)
(25.0787 5.2763 -4.98279e-17)
(25.1331 5.18271 -9.50593e-17)
(25.1835 5.09347 5.71645e-17)
(25.2302 5.00837 -1.28553e-17)
(25.2734 4.92724 4.16877e-18)
(25.3134 4.8499 -3.62268e-18)
(25.3504 4.77618 -2.15913e-17)
(25.3846 4.70593 1.60608e-17)
(25.4163 4.639 -2.3782e-17)
(25.4456 4.57524 -2.31683e-17)
(25.4726 4.51451 -1.68766e-17)
(25.4976 4.4567 -1.21639e-17)
(25.5207 4.40166 3.58355e-17)
(25.542 4.34929 3.6486e-17)
(25.5616 4.29948 -1.81757e-17)
(25.5797 4.2521 -1.63188e-17)
(25.5964 4.20707 -4.27667e-17)
(25.6118 4.16429 -5.62853e-18)
(25.626 4.12365 -5.62251e-18)
(25.639 4.08507 4.52895e-17)
(25.651 4.04846 -2.55759e-17)
(25.6621 4.01374 -1.19909e-17)
(25.6722 3.98083 2.20332e-17)
(25.6815 3.94965 -5.03791e-17)
(25.69 3.92011 2.55687e-17)
(25.6978 3.89213 -2.46392e-18)
(25.705 3.8656 8.10324e-18)
(25.7105 3.84435 3.25365e-17)
(25.7149 3.82729 -1.98622e-17)
(25.7192 3.80986 4.6001e-18)
(25.7234 3.79227 -2.90231e-17)
(25.7275 3.77455 1.01116e-17)
(25.7314 3.75678 -1.05897e-17)
(25.7351 3.739 1.58898e-17)
(25.7386 3.72123 -1.17058e-17)
(25.7417 3.70346 1.41315e-17)
(25.7446 3.6857 7.10749e-18)
(25.7469 3.66786 -5.58525e-18)
(25.7483 3.64955 3.50594e-17)
(25.7493 3.63004 2.37549e-17)
)
;
    }
    procBoundary4to5
    {
        type            processor;
        value           nonuniform List<vector> 
95
(
(17.7484 14.9102 -3.17724e-17)
(18.5795 15.6743 9.54993e-18)
(19.5186 16.4042 2.73454e-17)
(21.0697 16.1188 -2.51105e-18)
(21.0697 16.1188 -2.51105e-18)
(22.0996 16.6421 -2.92473e-17)
(23.5158 16.1687 1.17878e-16)
(23.5158 16.1687 1.17878e-16)
(24.5734 16.4709 1.8783e-16)
(25.7975 15.8145 4.09105e-16)
(25.7975 15.8145 4.09105e-16)
(26.8755 15.1158 4.0084e-16)
(26.8755 15.1158 4.0084e-16)
(27.8192 14.384 8.16278e-17)
(27.79 13.7137 -2.9471e-16)
(27.79 13.7137 -2.9471e-16)
(28.558 13.0135 3.34319e-16)
(28.558 13.0135 3.34319e-16)
(29.2218 12.2961 -1.51304e-16)
(29.1004 11.7673 1.80925e-16)
(29.1004 11.7673 1.80925e-16)
(29.6309 11.0858 2.33042e-16)
(29.4821 10.6305 1.19431e-15)
(29.4821 10.6305 1.19431e-15)
(29.9002 9.9845 -7.98108e-17)
(29.7314 9.59289 -7.72675e-16)
(29.7314 9.59289 -7.72675e-16)
(30.0528 8.98276 -8.7256e-16)
(29.8698 8.6471 7.0989e-16)
(29.696 8.32886 2.42791e-16)
(29.696 8.32886 2.42791e-16)
(29.9157 7.78799 1.05666e-15)
(29.7325 7.51656 -3.13037e-16)
(29.5577 7.25927 -3.55098e-16)
(29.5577 7.25927 -3.55098e-16)
(29.6955 6.7819 6.21939e-17)
(29.5152 6.56458 3.46712e-16)
(29.3429 6.35876 -2.25666e-16)
(29.3429 6.35876 -2.25666e-16)
(29.4149 5.94133 -3.8445e-16)
(29.2406 5.76998 9.68375e-17)
(29.0738 5.60809 -2.42088e-15)
(29.0738 5.60809 -2.42088e-15)
(29.0937 5.2477 -3.54945e-16)
(28.9278 5.11557 4.47271e-16)
(28.7692 4.99116 5.62926e-16)
(28.6174 4.87416 -1.43622e-15)
(28.4722 4.76428 1.30356e-15)
(28.4722 4.76428 1.30356e-15)
(28.4454 4.49451 7.87879e-16)
(28.3038 4.4077 -7.69718e-16)
(28.1686 4.32658 9.14823e-16)
(28.0395 4.25083 3.37186e-17)
(27.9162 4.1802 3.30412e-16)
(27.9162 4.1802 3.30412e-16)
(27.8636 3.98612 1.31395e-16)
(27.7458 3.93272 -5.74577e-16)
(27.6336 3.88318 3.59326e-16)
(27.5268 3.83723 -5.5667e-16)
(27.425 3.79466 -2.13497e-16)
(27.425 3.79466 -2.13497e-16)
(27.3626 3.66163 4.59173e-17)
(27.2672 3.63109 -2.69043e-16)
(27.1766 3.6029 1.50196e-16)
(27.0903 3.57683 1.54461e-16)
(27.0082 3.55274 6.35226e-18)
(26.9301 3.53047 2.26999e-16)
(26.8558 3.50986 1.24338e-16)
(26.8558 3.50986 1.24338e-16)
(26.7987 3.43457 4.32299e-17)
(26.73 3.42049 1.59196e-16)
(26.6646 3.4074 -7.3377e-17)
(26.6022 3.39521 1.20631e-16)
(26.5428 3.38384 1.23601e-16)
(26.4862 3.37321 -1.79427e-16)
(26.4324 3.36327 5.02878e-17)
(26.3813 3.35397 4.17444e-17)
(26.3813 3.35397 4.17444e-17)
(26.3379 3.31427 1.15053e-16)
(26.2912 3.30784 9.68527e-17)
(26.2468 3.30157 7.30419e-17)
(26.211 3.29665 -1.00678e-16)
(26.182 3.29251 2.51277e-17)
(26.1524 3.28823 -1.55924e-19)
(26.1225 3.28383 -4.48758e-17)
(26.0925 3.27921 -8.31494e-17)
(26.0624 3.27484 4.65719e-17)
(26.0334 3.26888 2.1218e-17)
(26.0334 3.26888 2.1218e-17)
(26.0055 3.24963 -1.94156e-18)
(25.9834 3.23225 -4.05752e-17)
(25.942 3.25852 1.68628e-18)
(25.9449 3.1805 2.19805e-17)
(25.8622 3.3313 -1.49645e-17)
(25.956 3.01007 -1.84587e-17)
)
;
    }
}


// ************************************************************************* //
