/*--------------------------------*- C++ -*----------------------------------*\
| =========                 |                                                 |
| \\      /  F ield         | OpenFOAM: The Open Source CFD Toolbox           |
|  \\    /   O peration     | Version:  2506                                  |
|   \\  /    A nd           | Website:  www.openfoam.com                      |
|    \\/     M anipulation  |                                                 |
\*---------------------------------------------------------------------------*/
FoamFile
{
    version     2.0;
    format      ascii;
    arch        "LSB;label=32;scalar=64";
    class       volScalarField;
    location    "60.001527662331064";
    object      p;
}
// * * * * * * * * * * * * * * * * * * * * * * * * * * * * * * * * * * * * * //

dimensions      [0 2 -2 0 0 0 0];

internalField   nonuniform List<scalar> 
9700
(
0.00104135
0.00105804
0.00250094
0.00107831
0.00253624
0.00445169
0.00111985
0.00257203
0.00451279
0.00623555
0.00117064
0.00264783
0.00458913
0.00631827
0.00799521
0.00124104
0.00273947
0.0047332
0.00642756
0.00809722
0.00966869
0.00132792
0.00286479
0.0049154
0.00662634
0.00823713
0.00978708
0.0112574
0.00143706
0.00301631
0.00516015
0.00688114
0.00848605
0.00995303
0.0113892
0.0127485
0.00156813
0.00320227
0.00546018
0.00722069
0.0088073
0.0102443
0.0115766
0.0128905
0.0141376
0.00172428
0.00342034
0.0058285
0.00763768
0.00923313
0.0106216
0.0119025
0.0130946
0.0142867
0.0154204
0.00191456
0.00367195
0.00626452
0.00814809
0.00975607
0.0111199
0.0123255
0.0134471
0.0145027
0.0155734
0.0165956
0.00216233
0.00393989
0.00677273
0.00875244
0.0103944
0.0117313
0.0128824
0.0139052
0.0148737
0.0157966
0.0167494
0.0176642
0.00246134
0.00418336
0.00734206
0.00945702
0.0111494
0.012476
0.0135651
0.0145066
0.015356
0.0161781
0.0169753
0.017816
0.0186292
0.00271684
0.00439144
0.0079494
0.0102502
0.0120292
0.0133557
0.0143947
0.015243
0.015988
0.0166743
0.0173596
0.0180405
0.018776
0.0194958
0.00276666
0.00464097
0.00857703
0.0111061
0.0130243
0.0143801
0.0153734
0.0161363
0.0167607
0.0173231
0.0178598
0.0184202
0.0189954
0.0196326
0.0202681
0.00255379
0.00489863
0.00920745
0.011997
0.0141131
0.0155416
0.016512
0.0171884
0.0176964
0.0181154
0.0185122
0.0189149
0.0193636
0.0198441
0.0203926
0.0209489
0.00202624
0.00492292
0.00970557
0.0128944
0.0152632
0.0168219
0.0178049
0.0184111
0.0187966
0.0190729
0.019308
0.0195587
0.0198442
0.020195
0.0205925
0.0210661
0.02155
0.00134737
0.00436626
0.00977946
0.013663
0.0164237
0.0181852
0.0192372
0.0198003
0.0200735
0.0201968
0.0202678
0.0203429
0.0204679
0.0206534
0.0209213
0.0212484
0.0216561
0.0220777
0.000407426
0.0033795
0.0091668
0.0140142
0.0174541
0.0195717
0.0207733
0.0213438
0.0215238
0.0214992
0.0213924
0.0212869
0.0212266
0.0212468
0.0213502
0.0215507
0.0218199
0.0221722
0.022542
-0.000800462
0.00186866
0.00788281
0.0136577
0.0180985
0.0208513
0.0223475
0.0230082
0.0231375
0.0229772
0.0226933
0.0223906
0.0221379
0.0219673
0.0219043
0.0219437
0.0220915
0.0223158
0.0226228
0.0229514
-0.00239868
-0.00012761
0.00592547
0.0125063
0.0180702
0.0218109
0.023839
0.0247254
0.0248845
0.0246214
0.0241672
0.0236648
0.0232009
0.0228307
0.0225753
0.0224504
0.0224438
0.0225534
0.0227456
0.0230175
0.0233148
-0.00418367
-0.00262404
0.00332148
0.010578
0.017227
0.0221808
0.0250695
0.0263841
0.0266964
0.0264062
0.0258049
0.0251053
0.0244253
0.0238352
0.0233774
0.0230623
0.0228964
0.0228611
0.022947
0.0231189
0.0233662
0.0236417
-0.00569379
-0.00533929
0.000175842
0.00790385
0.0155397
0.0217478
0.0258102
0.0278244
0.0284711
0.028263
0.0275848
0.0267028
0.0258056
0.0249889
0.0243074
0.0237911
0.0234409
0.0232543
0.0232072
0.0232831
0.023446
0.0236786
0.0239414
-0.00647144
-0.00762466
-0.00327873
0.00458677
0.0130333
0.020434
0.0258091
0.0288672
0.0300509
0.0301015
0.0294378
0.0284381
0.0273325
0.026285
0.0253719
0.0246327
0.0240863
0.0237249
0.0235372
0.0234942
0.0235727
0.0237373
0.0239648
0.024223
-0.00713251
-0.00912473
-0.00647641
0.000867203
0.00977598
0.0182222
0.0249113
0.0292555
0.0312975
0.0317576
0.0312899
0.0302417
0.0289871
0.027714
0.0265622
0.0255915
0.0248275
0.0242789
0.0239291
0.0237587
0.0237344
0.0238276
0.0240034
0.0242341
0.0244946
-0.00706141
-0.0106358
-0.00919161
-0.00281231
0.00595525
0.0151368
0.0230371
0.0287594
0.0319796
0.0331041
0.0329663
0.0320592
0.030701
0.0292552
0.0278693
0.0266573
0.0256663
0.0249099
0.0243854
0.0240688
0.0239331
0.0239408
0.0240592
0.0242541
0.0244951
0.0247638
-0.00647431
-0.0105488
-0.0117163
-0.00623523
0.00190278
0.0113036
0.020153
0.0272194
0.0318193
0.0339494
0.0343205
0.0336977
0.0324352
0.0308447
0.0292682
0.0278202
0.0265912
0.0256168
0.0248984
0.0244235
0.0241603
0.0240748
0.0241263
0.0242783
0.0244986
0.0247563
0.0250369
-0.00572843
-0.00982164
-0.0121531
-0.00911749
-0.00216122
0.00692511
0.0163154
0.0245377
0.0305834
0.0340141
0.0352747
0.0350028
0.0339844
0.0324464
0.0307032
0.0290519
0.0275902
0.0263862
0.0254636
0.0248131
0.024412
0.0242205
0.0241987
0.024303
0.0244954
0.0247457
0.025024
0.02532
-0.00472232
-0.00884952
-0.0118198
-0.0102766
-0.00573424
0.0021525
0.0116098
0.0206918
0.0280918
0.0330237
0.0354359
0.0360366
0.0352335
0.0338638
0.0321287
0.0303038
0.0286328
0.0272039
0.0260655
0.0252295
0.0246755
0.02437
0.0242663
0.024319
0.0244828
0.0247199
0.0250023
0.0253021
0.0256154
-0.00363146
-0.00744105
-0.0110627
-0.0108474
-0.00780078
-0.00241152
0.00616005
0.0156656
0.0242323
0.0307043
0.0345027
0.0361595
0.0361334
0.0350206
0.0333772
0.0315188
0.0296742
0.0280374
0.0266863
0.0256539
0.0249388
0.0245079
0.0243177
0.0243145
0.0244491
0.0246763
0.0249593
0.0252735
0.0255949
0.0259247
-0.00247009
-0.00583074
-0.00979562
-0.0108686
-0.0092186
-0.00602025
0.000742124
0.00952118
0.0189036
0.0268234
0.0323232
0.0350967
0.0361282
0.0356622
0.0343648
0.0325595
0.0306493
0.0288422
0.0272912
0.0260646
0.0251789
0.0246173
0.0243338
0.0242749
0.024381
0.0246015
0.024892
0.0252192
0.0255629
0.0259041
0.0262473
-0.00131682
-0.00405695
-0.00815452
-0.0103244
-0.0102054
-0.00838342
-0.00401013
0.00321782
0.0120475
0.0212329
0.0283977
0.0329752
0.0349978
0.0355147
0.0348008
0.0333205
0.0314412
0.0295491
0.0278338
0.0264226
0.0253688
0.0246698
0.0242928
0.0241771
0.0242609
0.0244807
0.0247863
0.0251364
0.0255034
0.025872
0.0262292
0.0265812
-0.000217198
-0.00227522
-0.00624835
-0.00923233
-0.0106692
-0.00988919
-0.0076034
-0.00269466
0.00482159
0.0136716
0.0226003
0.0289671
0.0327762
0.0343206
0.0344951
0.0335448
0.0319304
0.0300521
0.028242
0.0266779
0.0254634
0.0246315
0.0241593
0.0239941
0.0240616
0.0242938
0.0246258
0.0250107
0.0254135
0.0258134
0.0261999
0.0265679
0.0269237
0.000789152
-0.000562595
-0.00422471
-0.00775955
-0.0105354
-0.010875
-0.0107653
-0.00710431
-0.00255054
0.00555524
0.0143861
0.0230245
0.0286264
0.031892
0.033128
0.033039
0.0318913
0.0302249
0.028414
0.0267535
0.0254061
0.0244485
0.0238912
0.0236826
0.0237507
0.0240099
0.0243888
0.0248249
0.0252794
0.0257246
0.026148
0.026544
0.0269165
0.0272703
0.00170463
0.00105119
-0.00216306
-0.00606846
-0.00979061
-0.011686
-0.0130583
-0.0113383
-0.00811699
-0.00325879
0.00539301
0.014289
0.0226
0.0275294
0.0304939
0.0314664
0.0311315
0.029867
0.0282194
0.0265466
0.0251116
0.0240531
0.0234219
0.0231911
0.0232766
0.0235915
0.0240414
0.0245567
0.0250834
0.0255937
0.026068
0.0265038
0.0269005
0.0272703
0.027616
0.00269995
0.00244464
-0.00014997
-0.0042402
-0.00866008
-0.012191
-0.0145072
-0.0152293
-0.0136025
-0.00997136
-0.00477872
0.00445656
0.0135219
0.0215039
0.0260109
0.0286331
0.0293309
0.0287855
0.0274744
0.0259209
0.0244697
0.0233457
0.0226673
0.0224364
0.0225765
0.0229789
0.0235423
0.0241702
0.0248039
0.0254028
0.025951
0.0264392
0.0268758
0.0272638
0.0276236
0.0279555
0.00337433
0.00404887
0.00153833
-0.00235846
-0.0072923
-0.0120872
-0.0156833
-0.0187149
-0.0187225
-0.0168249
-0.0125478
-0.00677768
0.00304861
0.0121957
0.0197828
0.0240336
0.0262873
0.0266927
0.0259836
0.024698
0.0233308
0.0221985
0.0215048
0.0213164
0.0215482
0.0220976
0.0228254
0.0236221
0.0244045
0.0251318
0.0257793
0.0263453
0.0268321
0.0272575
0.0276278
0.0279709
0.028284
0.00359865
0.00526612
0.00348382
-0.000750729
-0.00576133
-0.0114829
-0.0166465
-0.0215197
-0.0233842
-0.0233823
-0.0206625
-0.0154471
-0.00862631
0.00134629
0.0105969
0.0177218
0.0215802
0.0233848
0.0234965
0.0226768
0.0215042
0.0204315
0.0197639
0.0196721
0.0200679
0.0208247
0.021806
0.0228418
0.0238413
0.0247456
0.0255355
0.026205
0.0267687
0.0272386
0.0276412
0.0279861
0.0283066
0.0285967
0.00339346
0.0059181
0.00524479
0.00133155
-0.00438172
-0.0105333
-0.0169897
-0.0233409
-0.0274111
-0.0294821
-0.0285816
-0.0246903
-0.0178589
-0.0108115
-0.000284767
0.0088046
0.0152399
0.0185311
0.0198162
0.0196455
0.018779
0.0178281
0.0172158
0.0172684
0.0179184
0.0190031
0.0203468
0.0217393
0.0230422
0.0242017
0.0251872
0.0260047
0.0266695
0.0272107
0.0276493
0.0280195
0.0283325
0.0286256
0.0288895
0.00299122
0.00612723
0.0064623
0.00343801
-0.00236337
-0.0095418
-0.0167721
-0.024337
-0.030646
-0.0348626
-0.0361105
-0.0338044
-0.0281329
-0.0202096
-0.0124055
-0.00170055
0.00665791
0.0121532
0.014713
0.0154246
0.0149905
0.0141728
0.0136273
0.0138458
0.014831
0.0163382
0.0182543
0.0201685
0.0219165
0.0234307
0.0246954
0.0257154
0.0265253
0.0271594
0.0276598
0.0280552
0.0283851
0.0286615
0.0289236
0.0291594
0.0025128
0.00612428
0.00719068
0.00509186
1.48351e-05
-0.0077552
-0.0163072
-0.024809
-0.033147
-0.0393322
-0.0428673
-0.0426021
-0.038257
-0.0307623
-0.0216175
-0.0129096
-0.00334399
0.0038955
0.00821588
0.00990357
0.00999397
0.009359
0.00879462
0.00911294
0.0105179
0.0125275
0.0151909
0.0179129
0.0203102
0.0223433
0.0239968
0.0253037
0.0263115
0.0270798
0.0276597
0.0281042
0.0284471
0.0287311
0.0289679
0.0291973
0.0294048
0.00202984
0.00584517
0.00753964
0.00623763
0.00210072
-0.00518803
-0.0149259
-0.0248405
-0.0347489
-0.0428643
-0.0485897
-0.0505473
-0.048047
-0.0413178
-0.0319872
-0.0215362
-0.0135981
-0.00555006
0.000206741
0.00313591
0.00382565
0.00329483
0.00268472
0.00286692
0.00459885
0.00702746
0.0107496
0.0146369
0.0179893
0.0207848
0.0230069
0.0247144
0.0260012
0.0269522
0.0276487
0.0281557
0.0285328
0.0288169
0.0290517
0.0292483
0.0294437
0.0296243
0.00161603
0.00540243
0.00727346
0.00691589
0.00376776
-0.00267333
-0.0122109
-0.0239581
-0.0351512
-0.045364
-0.0531403
-0.0573461
-0.0568788
-0.0515856
-0.0424539
-0.0315783
-0.0213194
-0.0147426
-0.00870591
-0.00475679
-0.00342356
-0.00380145
-0.00474811
-0.00477865
-0.00313109
-0.000211307
0.00423383
0.00993806
0.0145873
0.0185136
0.0215818
0.023872
0.0255488
0.0267567
0.0276121
0.028213
0.0286331
0.0289353
0.0291574
0.0293424
0.0294996
0.029662
0.0298156
0.00131954
0.00494911
0.00671749
0.00707799
0.00495122
-0.000346431
-0.00924071
-0.0210433
-0.0346316
-0.0462675
-0.0564752
-0.0626865
-0.0644712
-0.0608407
-0.0526348
-0.0416101
-0.0304323
-0.021458
-0.0168217
-0.0132346
-0.0113577
-0.0118009
-0.0130781
-0.0138249
-0.0124012
-0.00886666
-0.00386504
0.00377766
0.00981276
0.0151334
0.0194866
0.0226506
0.0248904
0.0264577
0.0275367
0.0282665
0.0287547
0.029079
0.0293029
0.0294633
0.0296001
0.0297203
0.0298537
0.0299814
0.00111293
0.00440606
0.00616114
0.00692822
0.00570692
0.00159813
-0.00614102
-0.0175268
-0.0313702
-0.0462491
-0.057652
-0.0666243
-0.0702816
-0.0687955
-0.0618188
-0.051217
-0.0395257
-0.0293237
-0.0224834
-0.0203532
-0.0195384
-0.0199592
-0.0221552
-0.0236612
-0.0231734
-0.0193408
-0.0133496
-0.00405785
0.00381064
0.010478
0.0163583
0.0208296
0.0239207
0.0260042
0.0273966
0.0283089
0.0288922
0.0292574
0.0294827
0.029629
0.0297306
0.029823
0.0299105
0.0300178
0.0301231
0.000979427
0.00384235
0.00552622
0.00659596
0.0060933
0.0031187
-0.00328348
-0.0134899
-0.0271728
-0.0425123
-0.0578797
-0.0679109
-0.0745035
-0.0747144
-0.0695937
-0.0598423
-0.0480826
-0.0371569
-0.0290401
-0.0249667
-0.0256647
-0.028015
-0.0308002
-0.0341516
-0.0346616
-0.031721
-0.0245539
-0.0148691
-0.00407224
0.00436197
0.0121655
0.0181119
0.0224427
0.0253112
0.027153
0.0283231
0.0290435
0.0294687
0.0297077
0.0298358
0.0299089
0.0299572
0.030011
0.0300707
0.030156
0.0302432
0.000870414
0.00331413
0.00489886
0.00612302
0.00616532
0.00419962
-0.000769862
-0.00953126
-0.0220118
-0.0374933
-0.0535004
-0.0681213
-0.076143
-0.0788859
-0.0752415
-0.0669801
-0.0556825
-0.0443549
-0.0354773
-0.0302491
-0.0292729
-0.0329855
-0.0390589
-0.0436031
-0.0468101
-0.0448028
-0.0382732
-0.0272406
-0.0148361
-0.0036777
0.00676165
0.0145114
0.0202254
0.0242137
0.0267403
0.0282811
0.0291992
0.0297148
0.0299794
0.0300953
0.0301323
0.0301398
0.0301426
0.0301648
0.0302029
0.0302711
0.0303447
0.000781921
0.00284467
0.00433728
0.00559852
0.00602901
0.00490296
0.00126763
-0.00582201
-0.0167646
-0.0310425
-0.04753
-0.0630953
-0.0760052
-0.0808048
-0.0789443
-0.0720191
-0.0618186
-0.05061
-0.0412091
-0.0352737
-0.0333106
-0.0355695
-0.0427675
-0.0526006
-0.0573398
-0.0587264
-0.0527011
-0.0419502
-0.0275694
-0.0135198
-0.000548035
0.00983378
0.0172707
0.0225322
0.0260268
0.0281343
0.0293396
0.0299925
0.0303021
0.0304115
0.0304131
0.0303693
0.0303213
0.0302879
0.0302865
0.03031
0.0303663
0.0304315
0.000707278
0.00245925
0.00384418
0.00509126
0.00575741
0.00528994
0.0028282
-0.00262392
-0.0116832
-0.0243656
-0.0396994
-0.0561952
-0.0699066
-0.0802548
-0.0802165
-0.0750152
-0.0659652
-0.0554708
-0.0459813
-0.0394977
-0.0368719
-0.038201
-0.0445587
-0.0557137
-0.0673204
-0.0705687
-0.0683776
-0.057306
-0.0424565
-0.025601
-0.00991068
0.0033605
0.0133268
0.0202264
0.0248676
0.0277808
0.0294308
0.0302884
0.0306779
0.0307903
0.0307566
0.0306575
0.030546
0.0304546
0.0303956
0.0303794
0.0303956
0.0304455
0.0305076
0.000649653
0.00215016
0.00343435
0.004624
0.00543194
0.00542274
0.00393333
-4.93614e-06
-0.00717802
-0.0177997
-0.031564
-0.0470059
-0.062392
-0.0729221
-0.079628
-0.0753479
-0.0680886
-0.0584893
-0.0493562
-0.0426141
-0.0393184
-0.0402694
-0.0458875
-0.0573279
-0.0694048
-0.0818122
-0.0814085
-0.0743838
-0.0581897
-0.0398592
-0.0213382
-0.00515048
0.00775223
0.0170162
0.0231728
0.0270995
0.0293942
0.0305802
0.0310972
0.0312372
0.0311692
0.0310103
0.0308276
0.030664
0.0305427
0.0304697
0.0304479
0.0304642
0.0305135
0.0305775
0.000607034
0.00190745
0.00310168
0.00422588
0.00510461
0.00540365
0.00463836
0.00201588
-0.00336723
-0.0118965
-0.0235058
-0.0375562
-0.0520236
-0.0651785
-0.0720824
-0.0746924
-0.0677722
-0.0595963
-0.0510458
-0.0442444
-0.0407275
-0.0416104
-0.0466089
-0.0566983
-0.0707412
-0.0836568
-0.0940501
-0.0879158
-0.0757239
-0.0554588
-0.0345805
-0.0154916
0.000313401
0.0123716
0.0206474
0.0259601
0.0291275
0.0308061
0.0315465
0.0317448
0.0316589
0.0314342
0.031172
0.0309255
0.0307271
0.0305906
0.0305154
0.030497
0.0305208
0.0305754
0.030646
0.000575651
0.00171909
0.00283881
0.00390038
0.00480458
0.00530731
0.00505684
0.0034563
-0.000294107
-0.00681168
-0.0162123
-0.0281482
-0.0415491
-0.0540963
-0.0640893
-0.0674067
-0.0668026
-0.0585681
-0.050971
-0.0444683
-0.0412926
-0.0419454
-0.0463824
-0.0548616
-0.0688708
-0.0850271
-0.0963688
-0.102207
-0.0888716
-0.0721433
-0.0493486
-0.0274237
-0.00876647
0.0060432
0.016886
0.0240554
0.0284763
0.0308803
0.0319751
0.0323062
0.0322188
0.031938
0.0315849
0.0312444
0.030956
0.0307414
0.0306044
0.0305387
0.0305328
0.0305709
0.0306363
0.0307181
0.000553731
0.00157356
0.00263567
0.00364113
0.00455151
0.00517854
0.00527776
0.00443826
0.00199835
-0.00266148
-0.00992887
-0.0197545
-0.0310564
-0.0429861
-0.0530146
-0.0593943
-0.0596342
-0.0569094
-0.0491481
-0.0435285
-0.0404314
-0.04059
-0.0446036
-0.0521085
-0.0656465
-0.0821886
-0.0977671
-0.105501
-0.104969
-0.0854061
-0.0645676
-0.0408109
-0.0192795
-0.0017945
0.0116334
0.0210795
0.0271257
0.0306415
0.0323114
0.0328764
0.0328469
0.0325145
0.0320747
0.0316252
0.0312338
0.0309267
0.0307144
0.0305917
0.0305468
0.030562
0.0306204
0.0307016
0.0307984
0.000536723
0.00146358
0.00248035
0.0034404
0.00434461
0.00505029
0.00539029
0.00506999
0.00364317
0.000471669
-0.00482491
-0.0128123
-0.0218874
-0.0318346
-0.0416756
-0.0488162
-0.0518115
-0.0500756
-0.0465272
-0.041074
-0.0379529
-0.0378535
-0.0412481
-0.0484309
-0.0612306
-0.0776826
-0.0944558
-0.107037
-0.108637
-0.101159
-0.0774474
-0.0542855
-0.0310606
-0.0109619
0.00493758
0.0168099
0.0248102
0.0297765
0.0324013
0.0333952
0.0335004
0.0331648
0.0326331
0.0320743
0.0315628
0.0311493
0.0308467
0.0306553
0.0305612
0.0305476
0.0305912
0.0306751
0.0307763
0.030891
0.000527433
0.00137871
0.00236493
0.00328697
0.00418241
0.00493552
0.00543579
0.00547788
0.0047582
0.00280142
-0.000914388
-0.00679546
-0.0141732
-0.0220097
-0.030551
-0.0377825
-0.0420584
-0.0424918
-0.0400145
-0.037068
-0.0343865
-0.0340482
-0.037004
-0.043668
-0.0554867
-0.071578
-0.0891428
-0.103681
-0.110774
-0.104849
-0.0924264
-0.066519
-0.0429263
-0.0212491
-0.00306256
0.0111296
0.0213882
0.027999
0.0319421
0.0337222
0.0341288
0.0338452
0.0332619
0.0325823
0.0319468
0.0314093
0.0310023
0.0307274
0.0305749
0.0305226
0.0305492
0.0306276
0.0307408
0.0308649
0.0309993
0.000518371
0.00131922
0.00227719
0.00317334
0.00405732
0.00484112
0.00544804
0.00573679
0.00550151
0.00443149
0.00205287
-0.00194585
-0.00740085
-0.0129474
-0.0205765
-0.0271867
-0.0317683
-0.0336549
-0.0326312
-0.0305657
-0.0289966
-0.02946
-0.031862
-0.0379495
-0.0485439
-0.0638048
-0.0816283
-0.0980691
-0.107987
-0.107855
-0.0959505
-0.08015
-0.0544045
-0.0318889
-0.0121532
0.00409723
0.0166051
0.0252543
0.0306095
0.0335701
0.0346104
0.0345163
0.0339146
0.0331488
0.0323752
0.0317067
0.0311783
0.0308068
0.030582
0.0304848
0.0304858
0.0305602
0.0306779
0.0308225
0.0309713
0.0311256
0.000516889
0.00127198
0.0022165
0.00308767
0.00396459
0.00476567
0.00544637
0.00590285
0.00600088
0.00552997
0.0041945
0.00158465
-0.00215021
-0.00653383
-0.0117051
-0.0176675
-0.0220061
-0.0243673
-0.0245929
-0.0231977
-0.0222831
-0.0225782
-0.0262215
-0.0313218
-0.0408426
-0.0547275
-0.0721093
-0.0896059
-0.1025
-0.10629
-0.0996735
-0.084049
-0.0661934
-0.0427653
-0.0219811
-0.00411732
0.0103798
0.021243
0.02836
0.032612
0.0346844
0.0350684
0.0345593
0.0337253
0.0328429
0.0320295
0.0313706
0.0308868
0.0305786
0.0304248
0.0303975
0.0304613
0.0305887
0.0307481
0.0309245
0.0310979
0.0312708
0.000510019
0.00124422
0.00216805
0.00302853
0.00389461
0.00470918
0.00543819
0.0060125
0.00633671
0.006279
0.00564046
0.00416932
0.0016495
-0.00144986
-0.00519126
-0.00980186
-0.0132167
-0.0156371
-0.0163534
-0.0157225
-0.0147602
-0.0153883
-0.0176823
-0.0245459
-0.0324483
-0.0450458
-0.0611296
-0.0788185
-0.0937203
-0.101457
-0.0992629
-0.0882571
-0.0711084
-0.0533536
-0.0324477
-0.0134743
0.00279226
0.0157149
0.0249509
0.0307151
0.0339779
0.0352749
0.0350752
0.0342816
0.0333019
0.0323663
0.031565
0.0309589
0.0305542
0.0303355
0.0302713
0.030326
0.0304593
0.0306422
0.0308434
0.0310497
0.0312457
0.0314343
0.000512763
0.00121735
0.00214078
0.00298197
0.0038466
0.00466585
0.00543036
0.00608426
0.00656773
0.00678706
0.00662677
0.00591662
0.00448637
0.00233197
-0.000112993
-0.00291934
-0.00579867
-0.00783488
-0.00870446
-0.0084036
-0.00759805
-0.00752958
-0.00988251
-0.014184
-0.0243949
-0.0349049
-0.0496265
-0.0663563
-0.0823847
-0.0930906
-0.095435
-0.0888118
-0.0756453
-0.0591584
-0.0420806
-0.0238229
-0.00633958
0.00859968
0.0200231
0.0276857
0.0323557
0.0346973
0.0352871
0.0346822
0.033718
0.0326706
0.031743
0.0310058
0.030495
0.0302019
0.0300964
0.0301376
0.030283
0.0304892
0.030727
0.0309674
0.0311994
0.0314143
0.0316146
0.000509479
0.00120884
0.00211319
0.00295576
0.00380873
0.00463669
0.00542225
0.00613375
0.00672544
0.00713923
0.00729435
0.0071009
0.00643809
0.00521128
0.00357956
0.00194796
0.000299363
-0.00123065
-0.00196336
-0.00175614
-0.000998146
-0.000488851
-0.00153151
-0.00572758
-0.0120708
-0.0255515
-0.0377803
-0.0533335
-0.0692339
-0.0819663
-0.0880262
-0.0861088
-0.0771805
-0.0636824
-0.0495268
-0.0332949
-0.0168849
-0.000451274
0.0132832
0.0232166
0.0294884
0.0333004
0.0347857
0.0348018
0.0339575
0.0329002
0.0318588
0.0310012
0.0303794
0.0300042
0.029853
0.0298815
0.0300398
0.0302807
0.0305591
0.0308479
0.0311219
0.0313735
0.0316005
0.0318071
0.00119499
0.00210784
0.00292997
0.00378806
0.00461301
0.00541788
0.0061666
0.00683585
0.00738137
0.00775603
0.00789794
0.0077527
0.00724751
0.00635487
0.00538291
0.00466302
0.0040343
0.00367004
0.00396381
0.00479005
0.0055872
0.00550968
0.00325531
-0.00289333
-0.0113326
-0.0271991
-0.0399521
-0.055543
-0.0690286
-0.0778132
-0.0800504
-0.0758103
-0.0663483
-0.0549517
-0.0422383
-0.0266715
-0.0114767
0.0042615
0.0167348
0.0252739
0.0304701
0.0335446
0.0343103
0.0339112
0.0329289
0.03186
0.0308985
0.0301727
0.0297158
0.0295148
0.0295326
0.0297112
0.0299934
0.0303294
0.0306752
0.0310075
0.0313067
0.0315692
0.0318006
0.0320053
0.00209515
0.00292408
0.00376697
0.00460136
0.00541235
0.0061909
0.00691164
0.0075507
0.00807295
0.00844576
0.00863175
0.00861164
0.00835462
0.00791504
0.00766583
0.00777404
0.00805188
0.00862194
0.00958477
0.0106639
0.01121
0.0103557
0.0068322
-0.00127941
-0.0117375
-0.028679
-0.0417322
-0.0554401
-0.0658396
-0.0713558
-0.0713778
-0.0665493
-0.0584311
-0.0483268
-0.0373146
-0.0217398
-0.00749794
0.0077598
0.0188484
0.0263182
0.0307251
0.0330425
0.033279
0.0326471
0.0316284
0.0306339
0.0298255
0.0292922
0.0290485
0.0290575
0.0292667
0.0296054
0.0300123
0.0304375
0.0308411
0.0312057
0.0315191
0.031782
0.0320097
0.0322028
0.00291296
0.00376312
0.00458756
0.00541231
0.00620596
0.00696568
0.00766734
0.00829321
0.00881955
0.009231
0.0095155
0.00968483
0.00975087
0.00983325
0.0102653
0.0110806
0.0120973
0.0133141
0.0146464
0.0156965
0.0157842
0.0140028
0.00920314
-0.000645566
-0.0128689
-0.0308176
-0.0419986
-0.0529379
-0.0609784
-0.0645257
-0.0639613
-0.0595591
-0.0531158
-0.044278
-0.0344586
-0.0182329
-0.00493235
0.00996842
0.019667
0.026569
0.0302435
0.0318754
0.0317716
0.0310429
0.0300953
0.0292611
0.0286785
0.0283983
0.0284151
0.0286651
0.0290809
0.0295825
0.0301075
0.03061
0.0310573
0.0314399
0.0317542
0.032006
0.0322197
0.032392
0.00375283
0.00458687
0.00540749
0.00621916
0.00700169
0.00774924
0.00844436
0.00907689
0.00963663
0.0101242
0.0105535
0.0109637
0.0113976
0.0120019
0.0130234
0.0143978
0.0159358
0.0175354
0.0189781
0.0197769
0.0192495
0.0164176
0.0104282
-0.000810446
-0.0143101
-0.031137
-0.0400834
-0.049547
-0.0560737
-0.0590326
-0.0586984
-0.0558092
-0.0503593
-0.0425087
-0.0334461
-0.0162042
-0.00368824
0.0109101
0.0194035
0.0259212
0.0290294
0.0301141
0.0298481
0.0291462
0.0283695
0.0277831
0.027501
0.0275361
0.0278565
0.0283707
0.0289995
0.0296577
0.0302863
0.0308481
0.0313209
0.0317044
0.0320048
0.032233
0.0324219
0.0325643
0.00457942
0.00541073
0.00622426
0.00702834
0.00780447
0.00854919
0.0092522
0.00991235
0.010532
0.0111285
0.0117383
0.0124181
0.0132259
0.0143047
0.0157947
0.0175626
0.0194074
0.0211471
0.0224804
0.022846
0.0215902
0.0176403
0.0106248
-0.00162372
-0.0153655
-0.0300317
-0.0382942
-0.0465356
-0.0525937
-0.0558981
-0.0565731
-0.0547475
-0.0501887
-0.042727
-0.0342821
-0.0158038
-0.00352873
0.0107262
0.0186739
0.0245965
0.0271041
0.0278309
0.0275545
0.0269963
0.0264931
0.0262462
0.0263455
0.0267564
0.0274155
0.0282071
0.0290438
0.0298416
0.0305511
0.0311488
0.0316252
0.0319909
0.0322621
0.0324538
0.0326072
0.0327106
0.00540664
0.00623195
0.00704322
0.00784331
0.00861974
0.00937224
0.0100982
0.0108053
0.0115072
0.0122384
0.0130472
0.0139992
0.0151558
0.0166262
0.0184524
0.0204568
0.0224145
0.0240846
0.0251275
0.0249168
0.0228754
0.0178403
0.00998579
-0.00258995
-0.0160101
-0.029538
-0.0371777
-0.0450462
-0.051462
-0.0555874
-0.0574159
-0.0564778
-0.0522295
-0.0449926
-0.0366485
-0.0168217
-0.0043158
0.00958961
0.0173429
0.0225179
0.0245168
0.025081
0.0249252
0.0246315
0.0245112
0.0247077
0.0252743
0.0261137
0.0271359
0.0282041
0.029229
0.0301382
0.0308987
0.0315047
0.0319607
0.0322893
0.0325155
0.0326586
0.0327661
0.0328223
0.00623177
0.00705548
0.00786683
0.00866801
0.00945225
0.0102234
0.0109856
0.0117553
0.0125574
0.013436
0.0144451
0.015651
0.0171027
0.0188638
0.0208981
0.0229986
0.0249124
0.0263465
0.0269657
0.0260886
0.0232654
0.017316
0.00878639
-0.00370001
-0.017036
-0.0297856
-0.0375077
-0.0458043
-0.0530606
-0.0582909
-0.0616331
-0.0605559
-0.0566734
-0.049066
-0.0389472
-0.0188688
-0.00540921
0.00796106
0.0153139
0.0196465
0.0213251
0.0218909
0.0219878
0.0220874
0.0224805
0.0232428
0.0243559
0.0256672
0.0270604
0.0283842
0.0295619
0.0305445
0.0313203
0.0319041
0.032315
0.0325873
0.0327538
0.0328371
0.0328896
0.0328913
0.0070588
0.00788327
0.00869798
0.00950585
0.0103054
0.0111045
0.0119136
0.0127581
0.013669
0.0146952
0.0158913
0.0173126
0.0189883
0.0209359
0.0230593
0.025136
0.0268834
0.0279701
0.0280899
0.0265179
0.0229462
0.0163052
0.0072039
-0.00529625
-0.018868
-0.0315462
-0.0399063
-0.0492744
-0.0576418
-0.0653109
-0.0679233
-0.0674931
-0.063262
-0.0532043
-0.0413128
-0.0212135
-0.00654183
0.00585486
0.0124019
0.0160026
0.0175519
0.0182681
0.0187611
0.0194092
0.0204897
0.0219358
0.0236673
0.0254797
0.0272232
0.0287588
0.03004
0.0310498
0.0318016
0.0323315
0.0326734
0.0328716
0.0329652
0.0329795
0.0329689
0.03291
0.00788922
0.00871714
0.0095392
0.0103592
0.01118
0.0120142
0.0128785
0.0138031
0.0148222
0.0159862
0.0173409
0.0189265
0.0207481
0.0227814
0.0248879
0.0268398
0.028323
0.0290279
0.0285958
0.026342
0.0220493
0.0148037
0.00508216
-0.00775727
-0.0219937
-0.0353849
-0.0449578
-0.0557169
-0.0662338
-0.0736561
-0.0775163
-0.0770478
-0.0701963
-0.056559
-0.0435496
-0.0226146
-0.00794325
0.00292305
0.00851453
0.0115941
0.0131734
0.0141933
0.0152544
0.0166961
0.0186448
0.0208851
0.0233031
0.025604
0.027642
0.0293261
0.0306509
0.0316362
0.0323233
0.0327688
0.0330199
0.0331287
0.0331386
0.0330762
0.0329965
0.0328725
0.00872561
0.00955946
0.0103921
0.0112281
0.0120744
0.0129492
0.0138714
0.0148749
0.0159946
0.0172754
0.0187508
0.0204438
0.022332
0.0243594
0.0263577
0.0280973
0.0292915
0.0295373
0.0285272
0.0256122
0.0205964
0.0126946
0.00217284
-0.0114404
-0.0269343
-0.0417451
-0.0530708
-0.0651314
-0.0770175
-0.0859143
-0.0903593
-0.0869158
-0.0757638
-0.0586401
-0.0435111
-0.0235741
-0.0101376
-0.0011115
0.00360764
0.00633887
0.0080869
0.00957501
0.0115388
0.0140677
0.0170493
0.0202388
0.0233511
0.0260674
0.0283171
0.0300714
0.0313715
0.0322793
0.0328627
0.0331967
0.0333381
0.0333454
0.0332633
0.0331192
0.0329656
0.0327739
0.00956924
0.0104114
0.0112563
0.0121107
0.0129855
0.013902
0.0148803
0.0159565
0.0171606
0.0185298
0.0200832
0.0218245
0.0237053
0.0256468
0.0274603
0.02892
0.0297782
0.0294811
0.0278926
0.0243179
0.0185311
0.00982972
-0.00177421
-0.0167341
-0.0343185
-0.0509178
-0.0642356
-0.0797565
-0.0926891
-0.101959
-0.103302
-0.0948091
-0.0787665
-0.0578659
-0.0418382
-0.0250836
-0.0136528
-0.00642453
-0.0024729
-2.2579e-07
0.00204427
0.00441827
0.00777877
0.011588
0.0159177
0.0201505
0.0238518
0.0268733
0.0292316
0.0309649
0.0321702
0.0329502
0.0333954
0.033595
0.0336123
0.0335095
0.03333
0.0331014
0.032871
0.0326104
0.0104211
0.0112724
0.0121297
0.0130043
0.0139071
0.0148629
0.0158919
0.017028
0.018295
0.0197203
0.0213065
0.0230394
0.024847
0.0266356
0.0282028
0.0293287
0.0297262
0.028916
0.0267171
0.0224444
0.0157937
0.00607239
-0.00706232
-0.0241359
-0.0448182
-0.0632821
-0.0821428
-0.0986951
-0.111112
-0.11766
-0.113554
-0.0986676
-0.077189
-0.0546341
-0.0408239
-0.0278177
-0.0188278
-0.0133044
-0.0101178
-0.00787044
-0.0050729
-0.000938189
0.00402014
0.0096087
0.0155641
0.0206719
0.0248121
0.0280062
0.0303468
0.0319647
0.0330096
0.0336176
0.0338963
0.0339445
0.033828
0.0336102
0.033331
0.0330171
0.0327093
0.0323777
0.0112803
0.0121404
0.0130099
0.0139033
0.0148309
0.0158212
0.0168906
0.0180699
0.019375
0.0208219
0.0223964
0.0240693
0.0257474
0.0273298
0.0285993
0.0293427
0.0292308
0.027907
0.025035
0.0199921
0.0123295
0.00122702
-0.0141443
-0.0342521
-0.0591622
-0.0808253
-0.102692
-0.11854
-0.128639
-0.129832
-0.118264
-0.0971295
-0.0723913
-0.0518523
-0.0413623
-0.0324032
-0.026043
-0.0223529
-0.0200016
-0.0176986
-0.013032
-0.00681453
0.000471748
0.00884346
0.0160699
0.0218077
0.0262223
0.0294126
0.0316066
0.0330216
0.0338494
0.03425
0.0343418
0.0342277
0.0339727
0.0336388
0.0332604
0.0328625
0.0324795
0.0320773
0.0121448
0.013013
0.0138916
0.0148004
0.0157484
0.0167645
0.017861
0.0190643
0.0203808
0.0218147
0.0233364
0.0249041
0.0264065
0.0277407
0.0286707
0.0289973
0.028385
0.0264791
0.0228805
0.016957
0.00802251
-0.00504711
-0.0236121
-0.047667
-0.0777372
-0.100345
-0.123409
-0.136987
-0.141777
-0.135206
-0.116207
-0.0909881
-0.0668013
-0.0503294
-0.0444143
-0.039458
-0.0359958
-0.0345149
-0.0328757
-0.0294932
-0.0225809
-0.0142753
-0.00139466
0.00926489
0.0173997
0.0235768
0.0280094
0.031014
0.0329444
0.0340828
0.0346493
0.0348178
0.0347103
0.0344295
0.034036
0.0335886
0.0331141
0.0326355
0.0321786
0.0317101
0.013012
0.0138852
0.0147687
0.0156885
0.0166494
0.0176803
0.018789
0.0199956
0.0212963
0.0226847
0.0241168
0.0255409
0.0268312
0.0278826
0.0284474
0.0283313
0.0272004
0.024666
0.0202697
0.0132863
0.00263125
-0.0132268
-0.0359597
-0.0643087
-0.0983983
-0.120172
-0.141687
-0.150513
-0.147116
-0.132493
-0.108277
-0.0827772
-0.0623215
-0.0511582
-0.0504447
-0.0499735
-0.049738
-0.0508309
-0.0488926
-0.0428935
-0.0332667
-0.0173144
-0.00123558
0.0106242
0.0196237
0.0258772
0.0300601
0.0327192
0.0342905
0.0350964
0.0353718
0.0352944
0.0349837
0.034538
0.0340105
0.0334552
0.0328896
0.0323355
0.0318064
0.0312755
0.0138775
0.0147513
0.0156349
0.0165589
0.0175236
0.0185575
0.0196621
0.0208507
0.0221099
0.0234231
0.0247339
0.0259829
0.027033
0.027773
0.0279596
0.027382
0.0257004
0.0224914
0.0171883
0.00884119
-0.00420731
-0.0236967
-0.050965
-0.0825338
-0.118063
-0.137606
-0.153357
-0.154673
-0.143654
-0.122716
-0.0973955
-0.0751669
-0.0605288
-0.0549999
-0.0599421
-0.0652014
-0.0685242
-0.0714709
-0.0666116
-0.0557549
-0.0363479
-0.0152917
5.59481e-05
0.0133293
0.0226224
0.0285358
0.0322475
0.0344349
0.0355773
0.0360149
0.0359837
0.0356574
0.0351475
0.0345444
0.0338913
0.0332365
0.0325865
0.031963
0.0313661
0.030776
0.0147356
0.0156053
0.0164827
0.017403
0.0183619
0.019386
0.0204699
0.02162
0.0228141
0.024026
0.0251899
0.0262379
0.0270289
0.0274377
0.0272341
0.0261774
0.023914
0.0199637
0.0135762
0.00337622
-0.0127888
-0.0362588
-0.0671317
-0.0995379
-0.133646
-0.147807
-0.155957
-0.148812
-0.132249
-0.109243
-0.0867941
-0.070275
-0.0622454
-0.0624988
-0.0736092
-0.0865442
-0.092817
-0.0942376
-0.0822328
-0.0629748
-0.0359761
-0.0145929
0.00345328
0.0172802
0.0261042
0.0313698
0.034445
0.0360727
0.036744
0.0367968
0.0364579
0.0358898
0.0351919
0.0344437
0.0336766
0.0329324
0.0322059
0.0315194
0.0308601
0.0302149
0.0155812
0.0164404
0.0173046
0.0182132
0.0191563
0.0201572
0.0212044
0.0222974
0.0234054
0.0244943
0.0254908
0.0263179
0.0268353
0.0269034
0.0262959
0.0247456
0.0218623
0.0170767
0.00928689
-0.00331422
-0.0229695
-0.0497013
-0.0820079
-0.111823
-0.142342
-0.148016
-0.148189
-0.135426
-0.116404
-0.0956798
-0.0784816
-0.0695269
-0.0676883
-0.074693
-0.0919581
-0.115376
-0.119726
-0.114396
-0.0912211
-0.0634844
-0.0350902
-0.0106558
0.00889314
0.0219075
0.0298034
0.034204
0.0365359
0.0375552
0.037739
0.0374087
0.0367739
0.0359801
0.0351113
0.0342341
0.0333669
0.0325447
0.0317508
0.0310079
0.0302915
0.0295957
0.0164075
0.0172498
0.0180941
0.0189826
0.0198996
0.0208647
0.0218608
0.0228797
0.0238842
0.0248324
0.0256459
0.0262388
0.0264736
0.0261948
0.0251741
0.0231148
0.0195616
0.0137722
0.00422391
-0.0110634
-0.0339025
-0.0618037
-0.0929932
-0.116923
-0.141937
-0.139136
-0.132722
-0.117778
-0.100006
-0.0840576
-0.0751151
-0.0727074
-0.07752
-0.0924341
-0.118908
-0.147583
-0.143014
-0.126379
-0.092228
-0.0585078
-0.0271716
-0.00228108
0.0152691
0.0268465
0.033483
0.0368839
0.0384213
0.0388182
0.0385216
0.0378264
0.0369183
0.0359224
0.0349046
0.0339172
0.0329653
0.0320768
0.0312247
0.0304322
0.0296643
0.0289228
0.0172084
0.0180275
0.0188454
0.0197054
0.0205867
0.0215046
0.0224362
0.0233669
0.0242538
0.0250477
0.0256674
0.0260195
0.0259661
0.0253395
0.0239
0.0213112
0.017015
0.0100265
-0.00134212
-0.0194078
-0.0438677
-0.0701773
-0.0980129
-0.114954
-0.132658
-0.123532
-0.113865
-0.0994663
-0.0866913
-0.0782605
-0.0758818
-0.0800246
-0.09316
-0.119432
-0.150434
-0.176334
-0.155091
-0.127044
-0.0864446
-0.0482635
-0.0164658
0.00642844
0.0220166
0.0317446
0.036939
0.0392861
0.0400223
0.0398125
0.0390627
0.0380343
0.0368849
0.0357163
0.0345747
0.0334974
0.0324767
0.0315336
0.0306324
0.0297967
0.028983
0.0282007
0.0179782
0.0187682
0.0195535
0.0203772
0.0212143
0.0220747
0.0229307
0.0237619
0.0245202
0.0251509
0.025571
0.02568
0.0253385
0.0243679
0.022506
0.0193629
0.0142542
0.00610278
-0.00751796
-0.0274334
-0.0506846
-0.0736107
-0.0960827
-0.106756
-0.116988
-0.105025
-0.0948176
-0.0861529
-0.0788558
-0.0767984
-0.0806382
-0.0936093
-0.114985
-0.155106
-0.17977
-0.196794
-0.151129
-0.118666
-0.0743145
-0.0352815
-0.00540349
0.0152429
0.0285887
0.0362978
0.0400162
0.0413152
0.0412799
0.040504
0.039345
0.0380263
0.0366747
0.0353666
0.034128
0.0329817
0.0319076
0.0309211
0.0299789
0.0291063
0.0282523
0.027434
0.0187121
0.0194675
0.0202146
0.0209955
0.0217806
0.0225749
0.0233465
0.0240694
0.0246921
0.0251553
0.0253739
0.0252431
0.02462
0.0233129
0.0210291
0.0173325
0.0114089
0.00199094
-0.0147157
-0.032756
-0.0532606
-0.0721797
-0.0880199
-0.0936013
-0.0974998
-0.0872812
-0.0810931
-0.0762946
-0.0750496
-0.0790913
-0.0913721
-0.111953
-0.146864
-0.187257
-0.203602
-0.208822
-0.146862
-0.102726
-0.0583934
-0.0215366
0.00553428
0.023624
0.0345884
0.0403064
0.0425974
0.042902
0.0421552
0.0408736
0.0393625
0.0378049
0.036295
0.0348825
0.0335743
0.0323787
0.0312655
0.0302455
0.0292698
0.028366
0.0274772
0.026628
0.0194059
0.0201219
0.0208266
0.0215587
0.0222857
0.0230073
0.0236879
0.0242969
0.0247804
0.0250756
0.0250963
0.0247347
0.0238418
0.0222137
0.0195286
0.0153148
0.00854335
-0.00330216
-0.0182311
-0.0344485
-0.0516817
-0.066188
-0.0757212
-0.0780169
-0.0788412
-0.0727395
-0.0699903
-0.0704754
-0.0749898
-0.0863127
-0.107165
-0.136569
-0.179626
-0.213853
-0.212426
-0.194255
-0.130333
-0.0827261
-0.0413505
-0.00812544
0.0157224
0.0312152
0.0398073
0.0436386
0.0446022
0.0440036
0.0426273
0.0409156
0.0391202
0.0373809
0.0357587
0.0342773
0.0329253
0.0316984
0.0305586
0.0295133
0.0285107
0.0275808
0.0266625
0.0257879
0.0200564
0.0207297
0.0213884
0.0220673
0.0227314
0.0233752
0.0239606
0.0244534
0.0247979
0.0249294
0.0247611
0.0241831
0.0230409
0.0211227
0.018085
0.0133514
0.00568052
-0.00634408
-0.0180973
-0.033309
-0.0463877
-0.0565718
-0.0614042
-0.0626549
-0.062317
-0.0615781
-0.062991
-0.0684363
-0.0790302
-0.0983775
-0.126397
-0.167502
-0.209514
-0.226968
-0.205365
-0.171435
-0.108405
-0.0624713
-0.025049
0.00425901
0.0249077
0.0378546
0.0441113
0.0462134
0.0459885
0.0446
0.042692
0.0406383
0.0386334
0.0367722
0.0350838
0.0335671
0.0321944
0.0309514
0.0297949
0.028731
0.0277068
0.0267556
0.0258134
0.0249177
0.0206621
0.0212891
0.0218998
0.0225229
0.0231206
0.0236838
0.0241726
0.0245499
0.0247594
0.0247361
0.0243932
0.0236206
0.022262
0.0201019
0.0167682
0.0116131
0.00377557
-0.0053049
-0.0180671
-0.0291807
-0.0383665
-0.044904
-0.0472705
-0.0488594
-0.0497142
-0.054064
-0.0594323
-0.0699451
-0.0870282
-0.113532
-0.153297
-0.196691
-0.227914
-0.223492
-0.183539
-0.141972
-0.0861248
-0.0439822
-0.0103741
0.0153309
0.0330271
0.0433789
0.0473983
0.0479891
0.0467404
0.0446887
0.042362
0.0400629
0.0379263
0.0360031
0.0342919
0.0327694
0.0313952
0.0301478
0.0289818
0.0279041
0.026863
0.0258951
0.0249361
0.0240231
0.0212226
0.0218004
0.0223627
0.0229277
0.0234576
0.0239397
0.024333
0.0245987
0.0246815
0.0245172
0.0240205
0.0230848
0.0215559
0.0192183
0.0157041
0.0106016
0.00336152
-0.00528944
-0.0151883
-0.0226925
-0.0288724
-0.0328122
-0.0345564
-0.0372948
-0.0405373
-0.0495431
-0.0587926
-0.0747462
-0.0985792
-0.135375
-0.179716
-0.216718
-0.227412
-0.202973
-0.155378
-0.112921
-0.0654658
-0.0278338
0.00254246
0.0250113
0.0399774
0.0476229
0.0496136
0.0489421
0.0468553
0.0442856
0.0416669
0.039222
0.0370313
0.0351022
0.0334066
0.0319027
0.0305411
0.0292968
0.0281257
0.0270375
0.0259838
0.0250044
0.0240362
0.0231172
0.0217385
0.0222677
0.0227793
0.0232857
0.0237482
0.0241507
0.0244524
0.0246141
0.0245825
0.024296
0.0236736
0.0226165
0.0209776
0.0185701
0.0151173
0.0104022
0.00367159
-0.00405921
-0.00959673
-0.0149812
-0.0189513
-0.0214626
-0.023641
-0.0279664
-0.0337398
-0.0475979
-0.0609151
-0.0828491
-0.114931
-0.157249
-0.198519
-0.220473
-0.211105
-0.17344
-0.127579
-0.0863016
-0.0477822
-0.0138564
0.0138233
0.0332591
0.0455167
0.0506445
0.0507886
0.0490897
0.0463506
0.0434296
0.0406494
0.038158
0.035986
0.0341012
0.0324525
0.0309847
0.0296438
0.0284059
0.0272316
0.0261353
0.0250733
0.0240888
0.0231147
0.022202
0.022208
0.022692
0.0231534
0.0236019
0.0239991
0.0243256
0.0245425
0.0246112
0.0244818
0.0240978
0.0233856
0.0222594
0.0205945
0.0182722
0.0150997
0.010768
0.00518161
0.000500756
-0.00337402
-0.00681493
-0.00937448
-0.0113683
-0.014434
-0.0205438
-0.0286183
-0.0481047
-0.0658778
-0.094309
-0.131484
-0.173176
-0.20361
-0.208445
-0.183749
-0.142367
-0.103827
-0.0660951
-0.0330706
-0.00162458
0.0234268
0.0400276
0.0495272
0.0525628
0.0510557
0.0484659
0.0452844
0.0421767
0.0393645
0.0369207
0.0348325
0.0330329
0.0314533
0.0300306
0.0287124
0.0274802
0.0263026
0.0252006
0.0241353
0.0231524
0.0221825
0.0212807
0.0226355
0.023076
0.0234892
0.0238822
0.0242178
0.0244745
0.024616
0.0246063
0.0244
0.0239487
0.0231904
0.0220611
0.0204756
0.0183778
0.0156257
0.0119889
0.00818027
0.00550834
0.00324258
0.00119355
-0.000571032
-0.0025867
-0.0066626
-0.0148029
-0.0249393
-0.0510846
-0.0733293
-0.10579
-0.143663
-0.178039
-0.194144
-0.184323
-0.15268
-0.118999
-0.0854119
-0.0511778
-0.0207081
0.0089939
0.0311304
0.0451911
0.0520776
0.0529635
0.0503621
0.0471307
0.0437307
0.0405988
0.037876
0.0355648
0.0336145
0.0319293
0.0304297
0.0290525
0.0277528
0.0265223
0.0253407
0.0242359
0.0231738
0.0222026
0.0212518
0.0203717
0.0230242
0.023423
0.0237919
0.0241332
0.0244127
0.0246081
0.0246866
0.024616
0.0243581
0.0238753
0.0231224
0.0220647
0.0206613
0.0189033
0.0167569
0.0141615
0.0119682
0.0108327
0.00979369
0.00866143
0.00729706
0.00499308
-0.000141432
-0.0107461
-0.023097
-0.0559887
-0.0804304
-0.114271
-0.147709
-0.170747
-0.174032
-0.155513
-0.12966
-0.0997821
-0.0726407
-0.0393228
-0.0104513
0.0177489
0.0368311
0.0485168
0.0528155
0.0518307
0.0487113
0.0451947
0.0417817
0.0387773
0.0362548
0.0341484
0.0323753
0.0308189
0.0293977
0.0280571
0.0267665
0.0255321
0.0243461
0.0232437
0.0221938
0.0212475
0.0203247
0.0194866
0.0233783
0.0237381
0.0240672
0.0243621
0.0245931
0.0247376
0.0247681
0.0246574
0.0243769
0.0239027
0.0232109
0.0222984
0.0211683
0.0198716
0.0184743
0.0169755
0.0161962
0.0161627
0.0159366
0.0153842
0.0141637
0.0114009
0.00508123
-0.00849494
-0.0238451
-0.060791
-0.0862254
-0.117001
-0.142242
-0.154628
-0.149966
-0.131868
-0.111075
-0.0873327
-0.0638192
-0.0292097
-0.00243481
0.0243889
0.0405254
0.0499089
0.0517199
0.0497209
0.0463064
0.0427641
0.0395367
0.0368021
0.0345767
0.0327298
0.0311542
0.0297241
0.0283666
0.0270454
0.0257512
0.0245072
0.0233188
0.0222271
0.0212025
0.0202963
0.0194148
0.0186344
0.0237021
0.0240272
0.0243215
0.0245768
0.0247684
0.0248747
0.024874
0.0247467
0.0244752
0.0240517
0.0234761
0.0227758
0.0220004
0.021255
0.020633
0.0201829
0.0205198
0.0212064
0.0214934
0.02123
0.0199292
0.0164688
0.00876263
-0.00780649
-0.0270839
-0.0662329
-0.0884307
-0.112397
-0.129937
-0.135781
-0.127746
-0.116111
-0.0998494
-0.0796045
-0.0583199
-0.0206353
0.0031825
0.029055
0.0419186
0.049389
0.0492721
0.046759
0.0432938
0.0399626
0.0371066
0.0347709
0.03292
0.0313643
0.0299837
0.0286582
0.0273369
0.0260121
0.0247006
0.0234439
0.022259
0.0211903
0.0202075
0.0193583
0.0185387
0.0178312
0.0240006
0.024296
0.024562
0.0247858
0.0249482
0.0250304
0.0250175
0.0248986
0.0246683
0.0243365
0.0239271
0.023496
0.0231308
0.0229629
0.0230751
0.0235385
0.0246672
0.02582
0.0263634
0.0261011
0.0244487
0.0199238
0.0108056
-0.00828828
-0.0312166
-0.0674709
-0.084888
-0.10348
-0.116162
-0.119049
-0.11615
-0.107772
-0.0942258
-0.0755951
-0.0561756
-0.0147372
0.00622828
0.0322412
0.04216
0.0468085
0.0457289
0.043007
0.0398142
0.0369238
0.0346148
0.0327876
0.0313609
0.030099
0.0288842
0.0276223
0.0262997
0.0249456
0.0236058
0.0223382
0.0211687
0.0201402
0.0192195
0.0184474
0.0177108
0.0170945
0.0242794
0.0245511
0.0247959
0.0249971
0.0251419
0.0252154
0.02521
0.0251243
0.0249665
0.0247637
0.0245611
0.0244375
0.0245016
0.0248833
0.0256394
0.026814
0.0284639
0.0298975
0.0304922
0.0299524
0.0276447
0.0216729
0.0113213
-0.00998345
-0.0351145
-0.0649755
-0.0794961
-0.0950013
-0.105858
-0.111563
-0.111159
-0.104928
-0.093162
-0.0753097
-0.0575632
-0.0130792
0.00653436
0.0314511
0.0398774
0.0426269
0.0412016
0.0386529
0.03602
0.0337968
0.032196
0.0309584
0.0299691
0.0289669
0.0278597
0.0266036
0.0252365
0.0238299
0.0224569
0.0211877
0.0200522
0.0190865
0.0182524
0.0175801
0.0169478
0.0164421
0.0245447
0.0247993
0.0250303
0.0252188
0.0253583
0.0254388
0.0254601
0.0254315
0.0253741
0.0253299
0.0253607
0.0255594
0.0260359
0.0268996
0.0281728
0.0298412
0.0317897
0.0333306
0.0338155
0.0327846
0.0295884
0.0219261
0.010118
-0.012621
-0.0373159
-0.062669
-0.0762482
-0.0903879
-0.102622
-0.110075
-0.111766
-0.107394
-0.096722
-0.0790039
-0.0612958
-0.0152433
0.00709822
0.0288419
0.0354666
0.0371808
0.0358718
0.0338519
0.032084
0.0307532
0.0299929
0.0293866
0.0287986
0.0279787
0.0268936
0.0255746
0.0241214
0.0226465
0.0212455
0.0199933
0.0189175
0.0180426
0.0173225
0.0167743
0.0162687
0.0158932
0.0248025
0.0250471
0.0252723
0.0254584
0.025605
0.0257075
0.025774
0.0258235
0.0258883
0.0260216
0.0262969
0.0268071
0.02765
0.0289022
0.0305476
0.032503
0.034552
0.0360009
0.0362219
0.0345571
0.0303565
0.0210672
0.00740992
-0.0151308
-0.0397344
-0.0630673
-0.0764556
-0.0913989
-0.105368
-0.114621
-0.118563
-0.115656
-0.105009
-0.0859624
-0.0651968
-0.0205821
0.00571771
0.0240682
0.0292956
0.0306361
0.0298936
0.0287804
0.0282177
0.0279841
0.0281548
0.0281627
0.0278746
0.0271149
0.0259466
0.0244956
0.0229238
0.0213783
0.019967
0.0187605
0.0177775
0.0170259
0.016449
0.0160498
0.0156935
0.0154674
0.0250593
0.0253011
0.0255286
0.0257223
0.0258875
0.0260262
0.0261537
0.0262974
0.0264984
0.0268174
0.0273298
0.0281193
0.029263
0.0307963
0.0326655
0.0347194
0.036672
0.0378987
0.0376165
0.0351836
0.0298798
0.019186
0.0039876
-0.0185147
-0.0438795
-0.0674207
-0.0812176
-0.0978329
-0.113964
-0.12624
-0.132872
-0.129659
-0.117751
-0.0926336
-0.0679643
-0.0235775
0.00270415
0.0170103
0.0216233
0.0231067
0.0234214
0.0236757
0.0246625
0.0257085
0.0268319
0.0273395
0.0271805
0.026322
0.0249601
0.0233187
0.0216135
0.0200123
0.0186228
0.0175013
0.0166505
0.0160575
0.0156536
0.0154283
0.0152428
0.0151824
0.025321
0.0255674
0.0258045
0.0260152
0.0262096
0.0263967
0.026597
0.0268452
0.0271883
0.0276879
0.0284143
0.0294358
0.0308012
0.0325041
0.0344545
0.0364319
0.0381816
0.0390237
0.0380254
0.0346438
0.0280771
0.0161044
-0.00059985
-0.0239034
-0.0507136
-0.0762101
-0.0910337
-0.110428
-0.130568
-0.147944
-0.153834
-0.149694
-0.130736
-0.0973759
-0.0660973
-0.025937
-0.00338519
0.00794027
0.0125105
0.0146574
0.0167086
0.0188299
0.0217058
0.0241839
0.0261322
0.0269093
0.0266466
0.0255149
0.0238617
0.0219948
0.0201655
0.0185439
0.017223
0.0162349
0.0155597
0.0151614
0.0149602
0.0149324
0.0149356
0.015053
0.0255934
0.0258509
0.0261044
0.0263403
0.0265728
0.026817
0.0270976
0.0274545
0.0279357
0.028599
0.0295049
0.0307002
0.0322025
0.0339647
0.0358689
0.0376055
0.0391021
0.0392029
0.0374428
0.0329343
0.0249958
0.0116812
-0.00678049
-0.0316968
-0.0609572
-0.0898769
-0.107662
-0.131892
-0.159672
-0.175545
-0.18307
-0.171791
-0.13988
-0.0970874
-0.0618049
-0.0307461
-0.0128208
-0.00320955
0.0018143
0.00543998
0.0100942
0.014614
0.0197619
0.0236283
0.0260647
0.0267846
0.0261481
0.0245864
0.0225745
0.020481
0.0185655
0.0169797
0.0157873
0.0149871
0.0145326
0.0143651
0.0143948
0.0145832
0.0147878
0.0150941
0.0258813
0.0261558
0.0264311
0.0266988
0.0269757
0.0272821
0.0276458
0.0281083
0.0287151
0.0295165
0.0305584
0.0318629
0.0334172
0.0351348
0.0368828
0.0382419
0.0392427
0.0384911
0.0358854
0.0301874
0.020762
0.00589078
-0.0146914
-0.0422262
-0.0758731
-0.109952
-0.133774
-0.166866
-0.193573
-0.21447
-0.215575
-0.187507
-0.141198
-0.0901309
-0.0614435
-0.0398034
-0.0255538
-0.0171307
-0.0106176
-0.00430207
0.00390496
0.0117285
0.0192721
0.0240905
0.0265335
0.0267906
0.0255261
0.0234184
0.0210293
0.0187486
0.0168146
0.0153397
0.014345
0.0137899
0.0136012
0.0136993
0.0139823
0.0143972
0.0148151
0.015327
0.0261879
0.0264844
0.0267858
0.0270895
0.027414
0.0277844
0.0282286
0.0287869
0.0295
0.0304069
0.0315356
0.0328833
0.0344089
0.0359893
0.0374737
0.0384006
0.0386349
0.0371239
0.0334955
0.0265467
0.0155002
-0.00125399
-0.0246044
-0.056404
-0.097927
-0.138322
-0.173633
-0.211864
-0.24288
-0.257393
-0.238805
-0.191045
-0.131787
-0.0843468
-0.0678765
-0.0538742
-0.0425509
-0.0346436
-0.0245336
-0.0143623
-0.000867872
0.0111412
0.0203808
0.0254615
0.0273301
0.0266938
0.024607
0.0219029
0.0191754
0.0167893
0.0149318
0.0136569
0.0129337
0.0126818
0.0128028
0.013194
0.0137409
0.0143897
0.0150394
0.0156981
0.0265159
0.0268369
0.0271673
0.027509
0.0278818
0.0283137
0.0288306
0.02947
0.0302646
0.0312394
0.0324039
0.033731
0.0351528
0.0365168
0.0376391
0.0380801
0.0375169
0.0351597
0.0304027
0.0221104
0.00924774
-0.00988634
-0.0372822
-0.0760109
-0.130428
-0.177738
-0.232728
-0.272485
-0.293882
-0.287308
-0.243829
-0.179947
-0.119003
-0.0844459
-0.0811321
-0.0748265
-0.065821
-0.0564117
-0.0403773
-0.0233811
-0.00218759
0.0131525
0.0229657
0.0274928
0.0280918
0.02623
0.023223
0.0199569
0.0169905
0.0146203
0.0129549
0.0119765
0.0116002
0.0117086
0.0121746
0.0128701
0.0136851
0.0145867
0.01541
0.0161158
0.0268676
0.0272133
0.0275725
0.0279524
0.0283708
0.0288578
0.029436
0.0301374
0.0309848
0.031988
0.0331382
0.0343849
0.035636
0.0367156
0.037399
0.0372716
0.0359286
0.0326339
0.0266929
0.0169162
0.00193486
-0.020427
-0.0541586
-0.103503
-0.177633
-0.234626
-0.295327
-0.32607
-0.326481
-0.293122
-0.229371
-0.161043
-0.111636
-0.0922879
-0.101996
-0.106618
-0.0986741
-0.0866252
-0.059147
-0.0274346
0.000729034
0.0173085
0.0268533
0.0296189
0.0283959
0.0251424
0.0212424
0.0175361
0.014487
0.0122842
0.0109383
0.0103562
0.0104024
0.0109176
0.0117413
0.0127418
0.0138458
0.0149614
0.0158334
0.0166399
0.0272412
0.0276112
0.0279977
0.0284128
0.0288713
0.0294041
0.030029
0.0307702
0.0316397
0.0326321
0.0337206
0.0348335
0.0358561
0.0365942
0.0367889
0.0360418
0.0338934
0.0296299
0.0224221
0.0109655
-0.006651
-0.0337512
-0.0772733
-0.142584
-0.238155
-0.28985
-0.345573
-0.355149
-0.32955
-0.274318
-0.203273
-0.145174
-0.113495
-0.109428
-0.133213
-0.154738
-0.14606
-0.126252
-0.0717391
-0.0233083
0.00695998
0.0241938
0.0310865
0.0311773
0.027857
0.023229
0.0185886
0.0146448
0.0117132
0.00984756
0.0089546
0.0088697
0.00940027
0.0103384
0.0115167
0.0128474
0.0142257
0.0153951
0.0163657
0.0172692
0.027634
0.028027
0.0284369
0.0288821
0.0293733
0.0299401
0.0305944
0.0313516
0.0322128
0.0331571
0.0341409
0.0350736
0.0358214
0.0361741
0.0358531
0.0344576
0.0314893
0.0262129
0.0176323
0.00421373
-0.0169974
-0.051145
-0.109033
-0.193234
-0.2941
-0.335084
-0.366031
-0.349125
-0.305519
-0.240442
-0.178
-0.139912
-0.125878
-0.13923
-0.179091
-0.221243
-0.197141
-0.145189
-0.0649846
-0.0132702
0.0182161
0.0318343
0.0346138
0.0315819
0.0261766
0.0203671
0.0152523
0.0113375
0.008751
0.0074024
0.00709824
0.00759443
0.00863103
0.00998522
0.0115496
0.0132342
0.0146794
0.0159393
0.0170055
0.0180028
0.0280423
0.0284549
0.0288833
0.029352
0.0298665
0.0304537
0.0311191
0.0318685
0.032692
0.033554
0.0343961
0.0351111
0.0355496
0.0354889
0.0346365
0.0325822
0.028783
0.0224482
0.0123474
-0.00352402
-0.0295796
-0.0740095
-0.149863
-0.239595
-0.329541
-0.345103
-0.349239
-0.31571
-0.264409
-0.205603
-0.164863
-0.146581
-0.150758
-0.188182
-0.242616
-0.293492
-0.229431
-0.143083
-0.053987
0.00282453
0.0311982
0.0385539
0.036551
0.0303981
0.0231654
0.0165262
0.0112941
0.00771562
0.00571825
0.00507116
0.00547011
0.00657764
0.00810971
0.00992087
0.0119472
0.0137144
0.0152467
0.0165928
0.0177515
0.0188375
0.0284618
0.0288888
0.0293298
0.029814
0.0303412
0.0309344
0.0315923
0.032311
0.03307
0.0338202
0.0344903
0.0349597
0.035067
0.0345805
0.0331936
0.0304832
0.0258479
0.0183981
0.00656506
-0.0123601
-0.0446932
-0.102905
-0.189812
-0.262609
-0.336
-0.321092
-0.305859
-0.268591
-0.221256
-0.184251
-0.165247
-0.165631
-0.192812
-0.263318
-0.315777
-0.341597
-0.226445
-0.127359
-0.0346794
0.0234139
0.0426473
0.0429594
0.0362754
0.0273514
0.018761
0.0117733
0.00684105
0.00393139
0.00277503
0.00298603
0.00413132
0.00583667
0.00791867
0.0103311
0.0124656
0.0143114
0.0159256
0.0173543
0.0185998
0.0197684
0.0288867
0.0293223
0.0297694
0.0302601
0.0307887
0.0313734
0.0320061
0.032673
0.0333441
0.0339585
0.0344342
0.0346407
0.0344073
0.0334964
0.0315858
0.0282347
0.022764
0.0141349
0.00035496
-0.0219157
-0.0644131
-0.132804
-0.21564
-0.253031
-0.309574
-0.276756
-0.253902
-0.222166
-0.193174
-0.178244
-0.178617
-0.19917
-0.262571
-0.354688
-0.371583
-0.346108
-0.192376
-0.0796331
0.00296368
0.0425042
0.0506647
0.044199
0.0333991
0.0223343
0.0130365
0.00626847
0.00209094
0.000195688
9.57745e-05
0.00122716
0.00310345
0.00548048
0.00834639
0.0108983
0.0131045
0.0150226
0.016715
0.0182194
0.0195452
0.0207901
0.0293112
0.0297489
0.030195
0.0306829
0.0312021
0.0317644
0.0323555
0.0329522
0.0335164
0.0339773
0.0342446
0.0341817
0.0336103
0.0322903
0.0298817
0.0259205
0.0196291
0.00981902
-0.00606149
-0.0328586
-0.0879852
-0.151612
-0.219798
-0.23564
-0.263074
-0.227828
-0.209831
-0.19183
-0.182087
-0.185484
-0.206967
-0.25783
-0.353689
-0.424931
-0.376825
-0.297326
-0.129912
-0.022143
0.037157
0.0569805
0.0542709
0.0417966
0.0277483
0.015423
0.00619521
0.000270433
-0.00267674
-0.00325985
-0.00221354
-0.000176829
0.00253219
0.00593052
0.00897763
0.0115904
0.0138604
0.0158467
0.0176098
0.0191819
0.0205806
0.0218964
0.0297293
0.0301624
0.0306005
0.0310768
0.0315759
0.0321031
0.0326384
0.0331502
0.0335934
0.0338901
0.0339441
0.033616
0.0327224
0.031023
0.0281592
0.0236427
0.0165956
0.00566302
-0.0125789
-0.0473639
-0.0975409
-0.153943
-0.192729
-0.198878
-0.209387
-0.187163
-0.178372
-0.175626
-0.183014
-0.209692
-0.255856
-0.340879
-0.433734
-0.441418
-0.330465
-0.219216
-0.0659896
0.0252293
0.0624729
0.0650821
0.0528761
0.0355182
0.0193949
0.00687965
-0.00142259
-0.00584886
-0.00715245
-0.00629439
-0.00411348
-0.00102925
0.00301269
0.00664371
0.0097389
0.0124029
0.0147321
0.0167779
0.0186031
0.0202341
0.0216979
0.0230789
0.0301352
0.0305572
0.030981
0.0314373
0.0319068
0.0323878
0.032856
0.0332718
0.0335857
0.0337148
0.0335598
0.0329818
0.0317953
0.029763
0.0265106
0.0215363
0.01386
0.00180829
-0.0187611
-0.0544257
-0.0966572
-0.138891
-0.155083
-0.157419
-0.159423
-0.15451
-0.157586
-0.170957
-0.199535
-0.248421
-0.326456
-0.427569
-0.471235
-0.397675
-0.258979
-0.138084
-0.0109602
0.0603883
0.0769945
0.066132
0.0461053
0.0254107
0.00868109
-0.00284457
-0.00932114
-0.0116735
-0.0111484
-0.00885281
-0.00533556
-0.000506467
0.00383151
0.00749282
0.0106241
0.0133346
0.015713
0.0178091
0.0196858
0.0213656
0.0228877
0.0245317
0.0305236
0.0309288
0.0313325
0.0317616
0.0321932
0.0326193
0.033012
0.0333255
0.0335076
0.0334735
0.0331232
0.0323224
0.0308869
0.0285889
0.0250472
0.019759
0.0116332
-0.00107996
-0.021671
-0.0495673
-0.0895183
-0.109933
-0.114363
-0.117783
-0.119285
-0.132739
-0.148068
-0.178634
-0.227599
-0.303857
-0.405758
-0.478991
-0.444518
-0.321936
-0.189862
-0.0650093
0.0303747
0.0835054
0.0813571
0.0596347
0.0339537
0.0119164
-0.00379119
-0.0130934
-0.0169411
-0.0169519
-0.0145882
-0.0105645
-0.00475152
0.000448594
0.00479293
0.00847024
0.0116325
0.0143783
0.0167958
0.0189299
0.0208449
0.0225655
0.0243611
0.0262957
0.0308908
0.0312735
0.0316526
0.0320483
0.0324355
0.0328005
0.033113
0.0333227
0.0333769
0.0331915
0.0326696
0.0316852
0.0300616
0.0275898
0.0238949
0.0184963
0.0103431
-0.00153077
-0.0197154
-0.0453076
-0.0669634
-0.0755482
-0.077169
-0.0832962
-0.0904884
-0.121712
-0.14922
-0.197683
-0.269583
-0.371191
-0.454429
-0.460123
-0.370315
-0.243103
-0.136436
-0.0124108
0.0605212
0.0949482
0.0755507
0.0453292
0.01702
-0.00416214
-0.0171625
-0.0231129
-0.0239388
-0.0215808
-0.0169536
-0.0098889
-0.00361947
0.00155405
0.00588749
0.00957556
0.012756
0.0155263
0.0179687
0.0201241
0.0220673
0.0240668
0.0261558
0.028149
0.0312334
0.0315912
0.0319401
0.0322975
0.0326363
0.0329365
0.0331678
0.0332772
0.0332138
0.0328972
0.0322372
0.0311218
0.0293893
0.0268622
0.0231963
0.0180306
0.0106593
0.000745798
-0.0147068
-0.0337335
-0.0391176
-0.0422623
-0.0453807
-0.0559052
-0.0691959
-0.120632
-0.160987
-0.228391
-0.321188
-0.41047
-0.443738
-0.39217
-0.290659
-0.189412
-0.101442
0.0214989
0.0819188
0.0916796
0.0584595
0.0240271
-0.00363518
-0.0216306
-0.0304109
-0.0324392
-0.0301804
-0.0248249
-0.0161374
-0.00852501
-0.00232799
0.00279788
0.00711556
0.0108
0.0139869
0.0167654
0.0192121
0.0213774
0.0236208
0.025906
0.0280397
0.0300734
0.0315471
0.0318823
0.0321948
0.0325111
0.0327993
0.0330345
0.0331876
0.0332052
0.0330407
0.0326209
0.0318667
0.030686
0.0289429
0.0265093
0.0231283
0.0186743
0.0128203
0.00526938
-0.00546124
-0.0121336
-0.0123981
-0.0132458
-0.0193639
-0.0348481
-0.0535407
-0.128967
-0.181022
-0.263212
-0.348092
-0.399244
-0.38368
-0.315017
-0.23403
-0.151922
-0.0860723
0.0398833
0.0872224
0.0723723
0.0316559
-0.00270109
-0.0265123
-0.0391935
-0.0429641
-0.0408705
-0.0346208
-0.0237883
-0.0144666
-0.00699114
-0.000892713
0.00418212
0.0084676
0.0121358
0.015311
0.0180715
0.0205091
0.0230042
0.0255358
0.0278362
0.0299942
0.0320494
0.0318296
0.0321363
0.0324184
0.0326923
0.0329303
0.033103
0.0331851
0.0331243
0.0328816
0.0323941
0.0315992
0.0304319
0.0287958
0.0266401
0.023855
0.0205401
0.0166624
0.0124915
0.00804641
0.00871198
0.0114735
0.0104597
0.00122463
-0.0200232
-0.0449271
-0.140692
-0.199765
-0.276888
-0.331939
-0.344034
-0.311571
-0.255989
-0.200658
-0.134331
-0.085872
0.0470193
0.0716371
0.0395447
-0.00219583
-0.0327474
-0.0499021
-0.0561248
-0.0545263
-0.0470045
-0.0332475
-0.0217078
-0.0126132
-0.00530803
0.000691388
0.00569629
0.00993608
0.0135674
0.0166985
0.0194253
0.0222338
0.0250227
0.0275437
0.0298369
0.0319991
0.0340587
0.0320925
0.0323645
0.0326139
0.0328457
0.0330359
0.0331521
0.0331741
0.0330533
0.0327607
0.0322482
0.0314746
0.0304105
0.0290168
0.0273419
0.0254335
0.0235743
0.0221711
0.0218405
0.0226161
0.0276557
0.0312531
0.0288371
0.0165319
-0.0112775
-0.0432309
-0.148653
-0.196683
-0.252483
-0.28301
-0.279397
-0.257292
-0.228399
-0.190035
-0.135388
-0.0887114
0.0361273
0.0348667
-0.0034207
-0.0407842
-0.0638914
-0.0728862
-0.0720077
-0.0628634
-0.0450843
-0.0306109
-0.0194288
-0.0106064
-0.00346595
0.00241272
0.0073334
0.0115042
0.0150585
0.0181275
0.0212783
0.0243893
0.0271361
0.0296213
0.0318871
0.0340356
0.0360837
0.0323262
0.0325668
0.0327847
0.0329768
0.033124
0.0331926
0.0331687
0.0330107
0.0327018
0.0322123
0.0315288
0.0306653
0.0296536
0.0286422
0.027822
0.0276759
0.0289078
0.0317195
0.0363715
0.0434831
0.0465744
0.042187
0.0272038
-0.00862484
-0.0398352
-0.138319
-0.176366
-0.211382
-0.229108
-0.236461
-0.234657
-0.225818
-0.199186
-0.149628
-0.0745754
0.00683985
-0.0173916
-0.0534794
-0.0818379
-0.095087
-0.0949059
-0.0835338
-0.060018
-0.0416667
-0.0277539
-0.0169952
-0.00842818
-0.00147757
0.00426518
0.00907528
0.0131284
0.0165838
0.0201447
0.0236098
0.026642
0.0293178
0.0317459
0.0339669
0.0360859
0.0381082
0.0325349
0.0327463
0.0329352
0.0330918
0.033203
0.0332354
0.0331834
0.0330143
0.0327263
0.0323114
0.0317892
0.0312222
0.0307152
0.0305052
0.0309139
0.0325241
0.0359859
0.0410936
0.048006
0.05534
0.0576833
0.0509062
0.0341175
-0.016074
-0.0522109
-0.116488
-0.144505
-0.172899
-0.199418
-0.22144
-0.237205
-0.249468
-0.229134
-0.15087
-0.0657464
-0.0478271
-0.0783586
-0.108892
-0.124504
-0.125754
-0.111032
-0.0792328
-0.0555201
-0.0380099
-0.0247487
-0.0143742
-0.00609255
0.000651671
0.0062293
0.0108698
0.0147792
0.0188097
0.0226979
0.02604
0.0289605
0.0315431
0.0338961
0.0360576
0.0381333
0.0401176
0.0327214
0.0329066
0.0330704
0.0331975
0.0332816
0.0332917
0.0332317
0.0330797
0.0328515
0.0325631
0.0322703
0.03208
0.0321696
0.0328324
0.034474
0.0376097
0.0426548
0.0491535
0.0567081
0.0634428
0.0648241
0.0550571
0.0375623
-0.00551343
-0.0488339
-0.095439
-0.123716
-0.156914
-0.193967
-0.229671
-0.27339
-0.297047
-0.256868
-0.135041
-0.0962532
-0.115837
-0.148324
-0.168373
-0.167922
-0.148473
-0.104422
-0.0731741
-0.0507607
-0.034228
-0.0215364
-0.0115824
-0.00360456
0.00290172
0.00824423
0.0126835
0.0172697
0.0216402
0.0253503
0.0285315
0.0313168
0.0337881
0.0360519
0.0381421
0.0401631
0.0420989
0.0328894
0.0330523
0.0331958
0.0333007
0.0333683
0.0333716
0.0333251
0.0332193
0.0330888
0.0329747
0.0329675
0.0332073
0.0339369
0.0354634
0.0381754
0.0424402
0.0483785
0.0553375
0.0623808
0.0683844
0.0672763
0.054941
0.0352548
-0.00261834
-0.045987
-0.0910637
-0.121781
-0.162515
-0.211328
-0.272678
-0.343471
-0.360776
-0.248914
-0.129242
-0.161199
-0.207912
-0.228873
-0.229697
-0.200564
-0.137797
-0.0960823
-0.0668323
-0.0459217
-0.0302169
-0.018138
-0.00862524
-0.000984053
0.00520354
0.010272
0.0155094
0.0204449
0.0245681
0.0280566
0.0310527
0.0336846
0.0360316
0.0381955
0.0402052
0.0421622
0.0440407
0.0330429
0.0331881
0.033317
0.0334081
0.0334708
0.0334837
0.0334722
0.0334404
0.0334415
0.0335401
0.0338539
0.0345584
0.0359006
0.0381788
0.041689
0.0466119
0.0527826
0.0594439
0.0653001
0.0694875
0.0652701
0.051673
0.0299439
-0.00612041
-0.0509703
-0.100584
-0.137537
-0.190549
-0.262337
-0.36246
-0.437764
-0.376657
-0.222441
-0.169669
-0.267083
-0.33245
-0.318675
-0.275836
-0.182893
-0.125999
-0.0874178
-0.0605151
-0.0408232
-0.0260031
-0.0145611
-0.00552118
0.00169507
0.00751543
0.0135244
0.0191125
0.0237116
0.0275378
0.0307805
0.0335739
0.0360407
0.0382545
0.0403111
0.0422336
0.0441192
0.0459334
0.0331862
0.0333189
0.0334394
0.0335258
0.0335955
0.033634
0.0336776
0.0337438
0.0339026
0.0342375
0.0348855
0.0360323
0.0379071
0.0407503
0.0447304
0.0498308
0.0556854
0.0614137
0.0656346
0.066287
0.0604055
0.0446368
0.0208562
-0.0158407
-0.064551
-0.121919
-0.17363
-0.250196
-0.362633
-0.477753
-0.487866
-0.349496
-0.216067
-0.272837
-0.425195
-0.482472
-0.386459
-0.247179
-0.165965
-0.113947
-0.0789621
-0.0539013
-0.0355013
-0.0216015
-0.0108211
-0.00234062
0.00438952
0.0113118
0.0176583
0.0227946
0.0270015
0.0305078
0.0334882
0.0360693
0.0383645
0.0404404
0.0423851
0.0442158
0.0460245
0.0477688
0.0333237
0.0334493
0.0335677
0.0336586
0.0337468
0.0338255
0.0339411
0.0341232
0.0344548
0.0350311
0.0359953
0.0375219
0.0397967
0.0429721
0.0470792
0.0519273
0.0570137
0.0612684
0.0633351
0.0603557
0.0524565
0.0349985
0.00880665
-0.0303351
-0.0876136
-0.158867
-0.237377
-0.35256
-0.483039
-0.559693
-0.46353
-0.32344
-0.289934
-0.455435
-0.622878
-0.57433
-0.341685
-0.223362
-0.148713
-0.102557
-0.0701873
-0.0470434
-0.0299887
-0.0170194
-0.00696658
0.00087645
0.00888333
0.0161049
0.0218483
0.0264716
0.0302669
0.0334395
0.0361515
0.0385171
0.040639
0.0425754
0.0444061
0.0461422
0.0478701
0.0495408
0.0334595
0.0335834
0.0337059
0.0338098
0.0339266
0.0340574
0.034257
0.0345641
0.0350701
0.0358719
0.0371058
0.0389138
0.0414206
0.0446788
0.0485903
0.0528234
0.056746
0.0591823
0.058799
0.0537434
0.0428093
0.0232212
-0.00605202
-0.0500648
-0.123314
-0.215652
-0.330184
-0.465229
-0.575111
-0.546049
-0.419991
-0.334648
-0.471743
-0.724443
-0.763757
-0.488812
-0.302904
-0.197882
-0.133026
-0.0908076
-0.061191
-0.0400144
-0.0242791
-0.0122478
-0.00302416
0.00626867
0.0144959
0.0209151
0.0259909
0.0300887
0.0334636
0.0363019
0.038747
0.0408995
0.0428501
0.0446481
0.0463648
0.0480052
0.0496499
0.0512442
0.0335974
0.0337245
0.0338564
0.0339805
0.0341337
0.0343245
0.0346134
0.0350449
0.0357116
0.0367027
0.0381333
0.0400995
0.0426549
0.0457537
0.0491838
0.0525019
0.0549675
0.055447
0.0527827
0.045267
0.0316337
0.009363
-0.0242548
-0.0763065
-0.174183
-0.290497
-0.428762
-0.543086
-0.571083
-0.475696
-0.406344
-0.489522
-0.769283
-0.939058
-0.783907
-0.645693
-0.408821
-0.264086
-0.175036
-0.116913
-0.0788122
-0.0521013
-0.0327895
-0.0182415
-0.00728142
0.00353149
0.0129013
0.0200619
0.0256151
0.0300236
0.0335961
0.0365582
0.0390701
0.0412563
0.0432023
0.0449865
0.0466494
0.0482536
0.0497987
0.0513591
0.0528757
0.0337401
0.0338746
0.0340198
0.0341694
0.0343639
0.0346174
0.0349937
0.0355377
0.0363362
0.0374622
0.0389978
0.0409866
0.043408
0.0461272
0.0488358
0.0510113
0.0518718
0.05039
0.0454255
0.035489
0.0190403
-0.00650272
-0.0461035
-0.109139
-0.237851
-0.366745
-0.488289
-0.539402
-0.486857
-0.43517
-0.490156
-0.767608
-1.05592
-0.933584
-0.80545
-0.705824
-0.539387
-0.351281
-0.22921
-0.152202
-0.100569
-0.0667809
-0.0428283
-0.0249899
-0.0118055
0.000788413
0.0114345
0.0193862
0.0254259
0.0301351
0.0338909
0.0369577
0.0395245
0.0417256
0.0436654
0.0454147
0.0470398
0.0485724
0.0500671
0.0515184
0.0529944
0.0544326
0.0338895
0.0340341
0.034195
0.0343727
0.0346093
0.0349226
0.0353762
0.0360101
0.0368988
0.0380912
0.0396303
0.0415041
0.0436224
0.0457737
0.0475767
0.0484675
0.0476697
0.0442231
0.0370138
0.0246495
0.00517097
-0.0241883
-0.0712323
-0.147511
-0.30028
-0.409444
-0.469161
-0.453379
-0.403764
-0.471569
-0.728719
-1.0681
-1.07754
-0.91071
-0.746304
-0.705159
-0.616509
-0.457188
-0.301671
-0.196677
-0.129401
-0.0844756
-0.0546099
-0.0325189
-0.0164139
-0.00175717
0.0102725
0.0190323
0.0255358
0.030512
0.0344148
0.0375556
0.0401477
0.0423447
0.0442553
0.0459645
0.047529
0.0490036
0.0504123
0.0518014
0.0531612
0.0545536
0.0559137
0.0340458
0.0342021
0.0343788
0.0345839
0.0348596
0.0352235
0.0357365
0.0364283
0.0373555
0.0385379
0.0399766
0.041606
0.0432741
0.0447092
0.045483
0.04502
0.0425527
0.0371919
0.027787
0.0129873
-0.00971177
-0.0432317
-0.0980547
-0.187086
-0.333739
-0.387371
-0.38003
-0.336462
-0.379859
-0.610978
-0.95331
-1.10082
-1.03283
-0.844991
-0.72411
-0.698577
-0.66768
-0.530469
-0.386439
-0.257206
-0.165043
-0.107364
-0.0684505
-0.0406526
-0.0207461
-0.0037708
0.00968812
0.0192089
0.0261024
0.0312718
0.0352574
0.0384177
0.040993
0.0431496
0.0450073
0.0466507
0.0481471
0.0495402
0.0508742
0.0521657
0.053454
0.0547251
0.0560355
0.0573185
0.0342079
0.0343757
0.0345657
0.0347941
0.035101
0.0355015
0.036049
0.0367595
0.0376675
0.0387615
0.0400006
0.0412715
0.042371
0.0429856
0.0426611
0.0408256
0.0367239
0.0295226
0.0179901
0.000803276
-0.0250921
-0.0625347
-0.122729
-0.208684
-0.325715
-0.309057
-0.261566
-0.262876
-0.425764
-0.74416
-0.975886
-1.05171
-0.948652
-0.799781
-0.7778
-0.762624
-0.705295
-0.60421
-0.441525
-0.325954
-0.214414
-0.134646
-0.0856331
-0.0494203
-0.0241076
-0.00468119
0.0100936
0.0202173
0.0273424
0.0325722
0.0365335
0.0396301
0.042123
0.0441903
0.0459548
0.0475061
0.0489074
0.0502098
0.0514455
0.0526493
0.0538311
0.0550235
0.0562094
0.0574399
0.0586475
0.0343723
0.0345483
0.0347486
0.0349934
0.0353197
0.0357372
0.0362893
0.0369748
0.0378041
0.0387341
0.0396855
0.0405043
0.0409491
0.0406811
0.0392339
0.0360493
0.0303863
0.021446
0.00792057
-0.0114756
-0.0400173
-0.0796042
-0.138046
-0.202725
-0.276555
-0.207547
-0.172763
-0.257404
-0.494642
-0.761426
-0.947285
-0.965236
-0.875182
-0.822857
-0.775398
-0.679029
-0.494081
-0.370193
-0.272278
-0.173483
-0.104074
-0.0585665
-0.0257432
-0.00358231
0.0121235
0.0224858
0.0295528
0.0346206
0.0383915
0.0412995
0.0436172
0.0455243
0.0471437
0.048561
0.0498397
0.0510242
0.0521517
0.0532444
0.0543283
0.0554079
0.0565098
0.0576143
0.0587674
0.0599017
0.0345366
0.0347143
0.0349188
0.0351698
0.0355006
0.0359121
0.0364356
0.0370511
0.0377443
0.0384425
0.0390331
0.0393303
0.0390672
0.0378916
0.0353369
0.0308659
0.0237503
0.0132238
-0.00203667
-0.0231814
-0.0529266
-0.0912487
-0.139218
-0.183704
-0.177903
-0.132368
-0.153917
-0.306931
-0.525419
-0.75841
-0.88284
-0.883104
-0.867223
-0.797053
-0.565506
-0.420106
-0.314105
-0.219364
-0.129408
-0.0644276
-0.023189
0.000755081
0.0166939
0.0266257
0.0331337
0.0376889
0.0410188
0.0435592
0.045571
0.0472225
0.048625
0.0498563
0.0509708
0.05201
0.0530026
0.053974
0.0549374
0.0559118
0.0568967
0.0579135
0.0589406
0.0600193
0.0610824
0.0346939
0.0348668
0.0350667
0.0353116
0.0356294
0.0360098
0.0364708
0.0369729
0.0374783
0.0378881
0.0380627
0.0377942
0.0368006
0.0347265
0.0311172
0.0254569
0.017046
0.00516658
-0.0113705
-0.033402
-0.0622034
-0.0962048
-0.128322
-0.157375
-0.0978267
-0.120172
-0.208863
-0.348229
-0.555349
-0.728129
-0.809746
-0.859353
-0.845998
-0.481758
-0.386535
-0.2584
-0.155296
-0.0705051
-0.0123461
0.0119019
0.0250686
0.0334668
0.0386208
0.042125
0.0446506
0.046571
0.0480995
0.0493673
0.0504604
0.0514362
0.0523364
0.0531904
0.0540217
0.0548462
0.055679
0.0565266
0.0574012
0.0582988
0.0592361
0.0601898
0.0611971
0.0621918
0.0348366
0.0349971
0.0351829
0.0354078
0.0356939
0.0360176
0.0363837
0.0367332
0.0370074
0.0370858
0.0368094
0.0359555
0.0342375
0.0313069
0.0267286
0.0200157
0.0105306
-0.00235086
-0.0195017
-0.0413125
-0.0672503
-0.0947046
-0.112137
-0.128513
-0.0988714
-0.174343
-0.249769
-0.409127
-0.566993
-0.686965
-0.787159
-0.923676
-0.445968
-0.349141
-0.195648
-0.07588
0.00157271
0.0324352
0.0397799
0.0441302
0.0466991
0.0483679
0.0495727
0.0505295
0.0513373
0.0520555
0.0527192
0.0533529
0.0539738
0.0545957
0.0552284
0.0558813
0.0565597
0.0572707
0.0580147
0.0587991
0.0596165
0.0604795
0.0613639
0.0623029
0.063232
0.0349575
0.0350971
0.0352583
0.035449
0.0356846
0.0359276
0.0361695
0.0363338
0.036344
0.0360636
0.0353204
0.0338854
0.0314768
0.0277607
0.0223327
0.0147517
0.00448783
-0.00893834
-0.0259798
-0.046485
-0.0683534
-0.0885644
-0.102821
-0.128319
-0.160111
-0.227446
-0.331628
-0.447731
-0.560743
-0.677771
-0.958814
-0.399276
-0.281614
-0.111253
0.0148664
0.0525526
0.0630115
0.0603749
0.0582341
0.0569425
0.0561252
0.0556584
0.055439
0.0553949
0.0554799
0.0556633
0.0559265
0.056257
0.0566482
0.0570953
0.0575964
0.0581489
0.0587533
0.0594055
0.0601085
0.0608522
0.061646
0.0624651
0.0633392
0.0642055
0.0350491
0.035159
0.0352857
0.0354282
0.035596
0.035737
0.0358306
0.0357851
0.0355102
0.0348594
0.0336525
0.0316641
0.0286242
0.0242219
0.0180994
0.00988561
-0.000810699
-0.014296
-0.0305653
-0.0487847
-0.0665712
-0.0830707
-0.106673
-0.153767
-0.239254
-0.282504
-0.31917
-0.38708
-0.465743
-0.567123
-0.907753
-0.331523
-0.177701
-0.0107027
0.0975767
0.0924229
0.128244
0.0836644
0.0743097
0.0684617
0.0646832
0.0622077
0.0605722
0.0595038
0.0588265
0.0584294
0.0582396
0.0582095
0.0583065
0.0585093
0.0588024
0.0591757
0.0596204
0.0601322
0.0607031
0.0613326
0.0620089
0.0627384
0.0634961
0.0643086
0.0651151
0.0351046
0.0351767
0.0352595
0.0353415
0.0354267
0.0354485
0.0353761
0.0351056
0.0345373
0.0335194
0.0318717
0.0293785
0.0257893
0.0208287
0.0142017
0.00562224
-0.00516235
-0.0182309
-0.033096
-0.048643
-0.064728
-0.0857369
-0.120536
-0.181881
-0.183913
-0.251413
-0.329172
-0.361095
-0.412521
-0.480384
-0.781857
-0.240993
-0.0554696
0.0914643
0.179996
0.112875
0.151168
0.187375
0.0960244
0.0835381
0.0756452
0.0704271
0.0669109
0.0645021
0.062846
0.0617143
0.0609609
0.0604881
0.0602307
0.0601432
0.0601944
0.0603612
0.0606279
0.0609811
0.0614126
0.0619118
0.0624753
0.0630899
0.0637597
0.0644597
0.0652138
0.0659633
0.0351185
0.0351457
0.0351774
0.0351888
0.0351799
0.0350705
0.0348219
0.0343209
0.0334637
0.0320975
0.0300492
0.0271187
0.0230849
0.0177198
0.010797
0.00211468
-0.0084198
-0.0205657
-0.033673
-0.0478568
-0.0665538
-0.0924301
-0.1142
-0.150518
-0.158151
-0.219125
-0.312015
-0.369502
-0.388251
-0.426401
-0.592907
-0.114993
0.0707551
0.190387
0.251447
0.122337
0.157115
0.186328
0.236195
0.102852
0.0893014
0.0805516
0.074607
0.0705034
0.0676195
0.0655792
0.0641358
0.0631284
0.0624474
0.0620183
0.0617878
0.0617188
0.0617835
0.061962
0.0622379
0.0626002
0.0630361
0.0635403
0.0640985
0.0647129
0.0653588
0.0660576
0.0667531
0.0350872
0.0350644
0.0350396
0.0349735
0.0348634
0.0346167
0.0341896
0.0334623
0.0323339
0.0306521
0.0282587
0.0249767
0.0206227
0.0150201
0.00800475
-0.000517839
-0.0104104
-0.0212755
-0.0332977
-0.048646
-0.0691019
-0.0782047
-0.0968162
-0.121624
-0.128378
-0.177117
-0.27484
-0.367422
-0.391381
-0.39785
-0.357064
0.0352986
0.192629
0.275969
0.306765
0.12516
0.154577
0.17865
0.216598
0.272088
0.106022
0.0926633
0.0837789
0.0775876
0.0732149
0.070075
0.0678052
0.0661615
0.0649819
0.0641536
0.0635984
0.0632598
0.0630973
0.0630805
0.0631868
0.0633978
0.0637004
0.0640807
0.0645315
0.0650382
0.0656012
0.0661964
0.066843
0.0674872
0.0350091
0.0349337
0.03485
0.0347031
0.0344894
0.0341058
0.0335067
0.032569
0.0311945
0.0292438
0.0265756
0.0230432
0.0185032
0.0128255
0.00592435
-0.00212211
-0.0110384
-0.0209722
-0.0333693
-0.0488563
-0.0561761
-0.0644958
-0.0798167
-0.0915556
-0.0963217
-0.13375
-0.218585
-0.332665
-0.394074
-0.397337
-0.107033
0.185302
0.298896
0.342607
0.340945
0.124481
0.148764
0.168086
0.197765
0.238311
0.294622
0.106914
0.0943828
0.0857949
0.0796613
0.075236
0.071997
0.0696124
0.0678539
0.0665663
0.0656394
0.0649955
0.0645776
0.064344
0.064263
0.0643107
0.0644675
0.0647189
0.0650501
0.065453
0.0659125
0.0664278
0.0669753
0.0675727
0.0681683
0.0348854
0.0347575
0.0346156
0.0343884
0.034074
0.0335603
0.0328004
0.0316773
0.0300961
0.0279343
0.0250737
0.0213998
0.0168052
0.0112188
0.00468932
-0.00258475
-0.0106904
-0.0206448
-0.0324017
-0.0377611
-0.0447676
-0.050957
-0.060526
-0.0645425
-0.0637977
-0.0937195
-0.160423
-0.26407
-0.38142
-0.415201
0.121088
0.316064
0.38268
0.383302
0.351501
0.122038
0.141942
0.157616
0.180734
0.211202
0.25258
0.302938
0.106439
0.0950121
0.08695
0.0810579
0.076722
0.0734924
0.0710766
0.0692674
0.0679212
0.0669342
0.0662316
0.0657579
0.0654717
0.0653411
0.0653418
0.0654534
0.0656608
0.0659489
0.0663086
0.0667248
0.0671957
0.0676987
0.0682495
0.0687992
0.0347202
0.0345432
0.034347
0.0340441
0.0336369
0.0330054
0.0321064
0.0308295
0.0290895
0.0267842
0.0238201
0.0201115
0.0155982
0.0103133
0.00440967
-0.002164
-0.0101167
-0.0192399
-0.0228413
-0.0282548
-0.0329403
-0.037026
-0.041303
-0.0385906
-0.0313466
-0.0544204
-0.115649
-0.18885
-0.305561
-0.424651
0.303328
0.421342
0.433691
0.394785
0.338682
0.118822
0.135171
0.147968
0.166289
0.189695
0.220571
0.258916
0.297081
0.10519
0.0949353
0.0875033
0.0819548
0.0777964
0.0746493
0.0722612
0.0704484
0.0690813
0.0680641
0.0673267
0.0668161
0.0664924
0.0663243
0.0662874
0.0663616
0.0665314
0.0667815
0.0671021
0.0674785
0.0679082
0.0683693
0.0688763
0.0693824
0.0345199
0.0343004
0.0340572
0.0336882
0.033201
0.0324692
0.0314588
0.0300679
0.0282247
0.0258485
0.0228689
0.0192371
0.0149759
0.0102069
0.00490363
-0.00143701
-0.00856239
-0.0111776
-0.0150503
-0.0185953
-0.0214566
-0.0226491
-0.021679
-0.014129
0.00430267
-0.00564055
-0.0771325
-0.151401
-0.210964
-0.431813
0.452934
0.487001
0.446629
0.37776
0.305002
0.115366
0.128879
0.139442
0.154139
0.172527
0.196329
0.225517
0.257358
0.278212
0.103537
0.0944168
0.0876434
0.082487
0.0785571
0.0755391
0.073219
0.0714366
0.0700765
0.0690518
0.0682982
0.0677659
0.0674169
0.0672211
0.0671548
0.0671981
0.0673355
0.0675518
0.0678371
0.0681769
0.0685682
0.06899
0.0694556
0.0699205
0.0342937
0.0340389
0.0337615
0.0333397
0.0327873
0.031981
0.030893
0.029434
0.0275476
0.0251726
0.0222695
0.0188538
0.0150204
0.0107668
0.00572547
0.000156042
-0.00183651
-0.0047945
-0.00721334
-0.00927198
-0.00986142
-0.0078171
-0.00313448
0.0108123
0.0518713
0.0563322
-0.0277721
-0.132569
-0.171653
-0.44951
0.552316
0.501675
0.423204
0.335197
0.254709
0.111954
0.123211
0.132018
0.14398
0.158694
0.17741
0.200314
0.226054
0.248651
0.246604
0.101711
0.093636
0.0875062
0.0827563
0.0790802
0.0762192
0.0739935
0.0722649
0.0709322
0.0699174
0.0691618
0.0686196
0.068255
0.0680396
0.0679504
0.0679682
0.0680777
0.068264
0.0685172
0.0688232
0.0691786
0.0695634
0.0699898
0.0704157
0.0340561
0.033774
0.0334805
0.0330218
0.0324226
0.0315713
0.0304437
0.028966
0.0270964
0.024798
0.0220844
0.0190282
0.0156372
0.0116496
0.00730024
0.00576102
0.00345199
0.00168145
0.000354493
0.000142035
0.00180032
0.00645205
0.0149415
0.04437
0.110153
0.126779
0.0388632
-0.0830902
-0.155428
-0.465096
0.57382
0.469594
0.367771
0.273116
0.192149
0.108726
0.118181
0.125598
0.135459
0.147432
0.162444
0.180681
0.201658
0.222742
0.23152
0.205805
0.0998493
0.092713
0.0871889
0.0828389
0.0794251
0.0767354
0.0746203
0.0729613
0.0716701
0.0706777
0.069931
0.0693879
0.0690156
0.0687869
0.0686802
0.0686769
0.0687622
0.0689218
0.0691456
0.0694203
0.0697421
0.070092
0.0704815
0.0708704
0.033821
0.0335227
0.0332378
0.0327479
0.032134
0.0312694
0.030143
0.0286962
0.0269057
0.0247757
0.0223669
0.0196904
0.0165598
0.0131805
0.0119795
0.0101782
0.00884277
0.00795228
0.00799204
0.00952795
0.0130748
0.0203293
0.0383674
0.0885082
0.142659
0.117106
0.00056674
-0.107947
-0.448351
0.522209
0.397924
0.288991
0.19702
0.105743
0.113752
0.120056
0.128283
0.138163
0.150398
0.165181
0.182343
0.200832
0.213949
0.21005
0.0980336
0.091727
0.08676
0.0827914
0.0796373
0.0771242
0.0751283
0.0735486
0.0723087
0.0713475
0.0706175
0.0700807
0.0697063
0.0694694
0.0693495
0.0693288
0.0693931
0.0695286
0.0697256
0.069971
0.0702613
0.0705784
0.0709328
0.0712867
0.0336012
0.0332927
0.0330234
0.0325509
0.0319456
0.0311022
0.0300182
0.028654
0.0270152
0.0251479
0.0230657
0.0206381
0.0180387
0.0171046
0.0156947
0.014692
0.0140863
0.0142657
0.0156212
0.0185945
0.0241157
0.0374024
0.0696649
0.116246
0.163172
0.095974
-0.0350038
-0.38965
0.418118
0.298705
0.19478
0.103025
0.109863
0.115266
0.122204
0.13046
0.140574
0.152714
0.166891
0.182768
0.196478
0.203247
0.0963089
0.0907298
0.0862678
0.0826558
0.0797519
0.0774144
0.0755411
0.074046
0.0728633
0.0719393
0.0712318
0.0707062
0.0703344
0.0700932
0.0699634
0.0699282
0.0699741
0.0700878
0.0702599
0.0704781
0.0707388
0.0710247
0.071346
0.0716665
0.0334212
0.0331549
0.032894
0.0324505
0.0318805
0.0310934
0.0300937
0.028871
0.0274594
0.0258765
0.0240292
0.022064
0.0213519
0.0202549
0.0195067
0.0191122
0.0193677
0.0205645
0.0230532
0.0274564
0.0372147
0.0593902
0.0928196
0.134088
0.169592
0.0631178
-0.265554
0.277839
0.181525
0.10057
0.10645
0.111119
0.117026
0.124
0.132462
0.14256
0.154379
0.167892
0.180894
0.191581
0.0946981
0.0897539
0.0857459
0.0824628
0.0797957
0.0776287
0.0758774
0.0744691
0.0733469
0.072464
0.0717827
0.0712718
0.0709059
0.0706634
0.0705263
0.070479
0.0705085
0.0706024
0.0707514
0.0709441
0.0711767
0.0714331
0.0717229
0.0720116
0.033284
0.0330701
0.0328596
0.032463
0.0319604
0.0312638
0.0303968
0.0293742
0.0282115
0.0268495
0.0254053
0.0248851
0.0240471
0.0235028
0.0232699
0.0235732
0.0246396
0.0267336
0.0303385
0.0376248
0.0534401
0.0775862
0.110047
0.143003
0.168473
-0.0883387
0.103639
0.0983626
0.103455
0.107516
0.11259
0.118537
0.125693
0.134184
0.144122
0.155623
0.167385
0.179047
0.0932104
0.0888197
0.0852173
0.0822349
0.0797891
0.0777849
0.0761527
0.0748308
0.0737704
0.0729305
0.0722778
0.0717842
0.0714264
0.0711847
0.0710424
0.0709848
0.0709997
0.0710752
0.0712027
0.0713713
0.0715773
0.0718056
0.0720654
0.0723238
0.0332166
0.0330632
0.0329327
0.0326138
0.0322031
0.0316355
0.0309473
0.0301448
0.0291899
0.0281804
0.0278311
0.027213
0.0268399
0.0267364
0.0270774
0.028036
0.0298294
0.0328045
0.0384311
0.0498257
0.0680267
0.0931019
0.120703
0.146042
0.16327
0.0963847
0.100822
0.104378
0.108769
0.113885
0.119992
0.127202
0.135626
0.145438
0.155866
0.167144
0.0918469
0.0879385
0.0846974
0.0819884
0.0797476
0.0778969
0.0763791
0.0751417
0.0741429
0.0733468
0.0727238
0.0722488
0.0719008
0.0716614
0.0715153
0.0714489
0.0714504
0.0715089
0.0716161
0.0717618
0.0719426
0.072144
0.0723751
0.0726047
0.0332421
0.033163
0.0331241
0.0329143
0.0326267
0.0322239
0.0317324
0.0311257
0.030481
0.0302897
0.029862
0.0296378
0.0296445
0.0300191
0.0308973
0.0324534
0.0349524
0.0393779
0.047806
0.061647
0.0814051
0.103926
0.126416
0.145218
0.156393
0.0946152
0.0985041
0.101635
0.105462
0.109895
0.115152
0.121324
0.12852
0.136927
0.14608
0.156446
0.0906039
0.0871162
0.0841965
0.0817349
0.0796827
0.0779757
0.0765664
0.0754105
0.0744719
0.0737192
0.0731264
0.0726708
0.0723333
0.0720973
0.0719485
0.0718741
0.0718633
0.0719058
0.0719938
0.0721177
0.0722743
0.0724501
0.0726537
0.0728556
0.0333761
0.0334009
0.0334602
0.0333798
0.0332431
0.0330208
0.0327138
0.0323823
0.0323376
0.0320805
0.0319887
0.0320939
0.0325028
0.0333237
0.0346976
0.0368289
0.0403814
0.0467515
0.057474
0.0731092
0.0915085
0.11088
0.128611
0.142204
0.149087
0.0930334
0.0964594
0.0992305
0.102587
0.106455
0.111011
0.116336
0.122525
0.129762
0.137767
0.147061
0.089475
0.086355
0.0837208
0.0814826
0.0796033
0.0780297
0.0767226
0.0756443
0.0747637
0.0740535
0.0734904
0.0730543
0.0727278
0.0724957
0.0723447
0.0722632
0.0722408
0.0722682
0.0723379
0.0724408
0.0725742
0.0727253
0.0729025
0.0730778
0.0336156
0.0337711
0.0339514
0.0340199
0.0340477
0.034002
0.0339408
0.0340385
0.0339345
0.0339656
0.0341609
0.0346076
0.0353912
0.0366274
0.0384745
0.0413849
0.0462994
0.054761
0.0672477
0.0822698
0.0987067
0.114819
0.128479
0.138057
0.142001
0.0916199
0.0946526
0.0971169
0.100077
0.103472
0.107448
0.112071
0.117432
0.12369
0.130685
0.138918
0.0884523
0.0856545
0.0832741
0.0812373
0.0795157
0.0780655
0.0768539
0.0758489
0.0750236
0.0743543
0.0738201
0.0734032
0.0730876
0.0728595
0.0727068
0.0726186
0.0725853
0.0725981
0.07265
0.0727329
0.0728438
0.0729712
0.0731228
0.0732725
0.033989
0.0342828
0.0346045
0.0348324
0.0350269
0.0352049
0.0354383
0.0354797
0.0356239
0.0359063
0.0363937
0.0371578
0.0382921
0.0399211
0.0423534
0.0462282
0.0530145
0.0631053
0.0754061
0.0892572
0.103481
0.116567
0.126882
0.133459
0.135426
0.0903568
0.0930529
0.0952539
0.0978777
0.100874
0.104363
0.108402
0.113069
0.118508
0.124627
0.131881
0.0875279
0.0850128
0.082858
0.0810026
0.0794247
0.0780881
0.0769653
0.076029
0.0752561
0.0746256
0.0741192
0.0737206
0.0734157
0.0731916
0.0730372
0.0729425
0.0728986
0.0728973
0.0729321
0.0729954
0.0730846
0.0731888
0.0733158
0.0734407
0.0345115
0.0349492
0.0354188
0.0358119
0.0362091
0.0365793
0.0367546
0.0370111
0.0373758
0.0379098
0.0386684
0.0397303
0.041193
0.0432684
0.0463914
0.051922
0.0601699
0.0703096
0.0819489
0.0943338
0.106355
0.116781
0.124434
0.128809
0.129468
0.0892278
0.0916343
0.093608
0.0959442
0.0986004
0.101679
0.105228
0.109314
0.114062
0.119425
0.125801
0.0866934
0.0844272
0.0824732
0.0807811
0.0793338
0.0781014
0.0770607
0.0761886
0.0754648
0.0748709
0.0743907
0.0740095
0.0737146
0.0734942
0.073338
0.0732369
0.0731826
0.0731674
0.0731855
0.0732297
0.0732977
0.0733796
0.0734825
0.0735832
0.0351813
0.0357699
0.0363943
0.0369795
0.0374879
0.0377977
0.0381588
0.0386094
0.0391918
0.039959
0.0409719
0.0423102
0.0441186
0.0466945
0.0512715
0.0580939
0.0665152
0.0763133
0.0870056
0.0978216
0.107791
0.11597
0.12155
0.124331
0.124141
0.0882184
0.0903741
0.0921505
0.0942394
0.0966048
0.0993332
0.102465
0.106066
0.110226
0.114938
0.120541
0.085941
0.0838944
0.0821192
0.080574
0.0792453
0.0781083
0.0771434
0.0763307
0.0756526
0.075093
0.0746373
0.0742724
0.0739867
0.0737694
0.0736112
0.0735036
0.0734389
0.0734101
0.0734116
0.0734372
0.0734843
0.0735444
0.0736235
0.0737004
0.0360004
0.0367488
0.037548
0.0381892
0.0386296
0.0391016
0.0396326
0.0402727
0.0410566
0.0420418
0.0432886
0.0448988
0.0470745
0.0509202
0.0566317
0.0636866
0.0719654
0.0811702
0.0907649
0.100036
0.108181
0.114512
0.1185
0.120139
0.11941
0.0873158
0.0892531
0.0908573
0.0927321
0.0948471
0.0972756
0.100051
0.10323
0.106919
0.111048
0.11598
0.0852631
0.0834108
0.081795
0.0803821
0.0791609
0.0781111
0.0772157
0.0764579
0.0758221
0.0752943
0.0748613
0.0745114
0.0742339
0.0740192
0.0738585
0.0737441
0.0736689
0.0736265
0.0736117
0.0736188
0.0736455
0.0736839
0.0737393
0.0737939
0.0369739
0.037899
0.0387072
0.0392753
0.039854
0.0404761
0.0411718
0.0419867
0.0429584
0.0441422
0.0456059
0.0474898
0.0507698
0.0556104
0.0615752
0.068609
0.0765328
0.0849827
0.0934337
0.101262
0.107835
0.112673
0.115454
0.116284
0.115224
0.0865081
0.0882546
0.0897078
0.0913963
0.0932943
0.0954644
0.0979348
0.100754
0.104002
0.107648
0.112012
0.0846528
0.0829728
0.0814993
0.0802055
0.0790817
0.0781113
0.0772796
0.0765723
0.0759755
0.0754769
0.0750647
0.0747283
0.0744581
0.0742451
0.0740815
0.07396
0.0738741
0.073818
0.0737869
0.0737757
0.0737819
0.0737988
0.0738315
0.0738655
0.0381144
0.0390291
0.039752
0.0404414
0.0411494
0.0419157
0.0427631
0.0437401
0.0448809
0.0462405
0.0479111
0.0507526
0.0549059
0.0599992
0.0660145
0.0728518
0.0802661
0.0878818
0.0952142
0.101745
0.106992
0.110642
0.112515
0.112775
0.111526
0.0857853
0.0873641
0.0886844
0.0902098
0.091919
0.0938651
0.0960719
0.0985819
0.101461
0.104714
0.108544
0.0841038
0.0825768
0.0812306
0.0800439
0.0790083
0.0781102
0.0773367
0.0766755
0.0761145
0.0756425
0.0752492
0.0749249
0.0746607
0.0744487
0.0742815
0.0741524
0.0740556
0.0739857
0.0739382
0.0739085
0.0738939
0.0738903
0.0739016
0.0739136
0.0392288
0.0400521
0.0408737
0.0416776
0.0425092
0.0434083
0.0443954
0.045517
0.0468019
0.048321
0.0508199
0.05443
0.0588233
0.0640067
0.0699295
0.0764312
0.0832446
0.0900055
0.0962901
0.101683
0.105831
0.108544
0.109738
0.109603
0.108257
0.085138
0.0865689
0.087772
0.089154
0.0906979
0.0924489
0.0944272
0.0966697
0.0992312
0.102127
0.105518
0.0836101
0.0822194
0.080987
0.0798969
0.078941
0.0781085
0.0773881
0.076769
0.0762405
0.0757927
0.0754163
0.0751025
0.0748432
0.0746312
0.0744597
0.0743225
0.0742144
0.0741304
0.0740662
0.0740177
0.0739832
0.0739603
0.0739476
0.073932
0.0402387
0.0411493
0.0420643
0.0429775
0.0439226
0.0449429
0.0460535
0.0472949
0.0487043
0.0509394
0.054117
0.0579481
0.0624512
0.0676087
0.0733176
0.0793919
0.0855596
0.0914882
0.0968204
0.101235
0.104483
0.106462
0.107153
0.106747
0.10537
0.0845585
0.0858584
0.0869575
0.0882132
0.0896117
0.0911919
0.0929708
0.094981
0.0972681
0.0998498
0.102862
0.0831666
0.0818973
0.080767
0.0797636
0.0788799
0.0781069
0.0774347
0.0768538
0.0763547
0.0759287
0.0755672
0.0752624
0.0750068
0.0747938
0.0746172
0.0744714
0.0743515
0.0742528
0.0741714
0.0741046
0.0740513
0.0740068
0.0739639
0.0413191
0.0423134
0.0433171
0.0443308
0.0453788
0.0465054
0.0477158
0.0490568
0.0510843
0.0539213
0.0572981
0.0612456
0.0657641
0.070792
0.0762009
0.0817921
0.0873065
0.0924523
0.0969383
0.100524
0.103042
0.10445
0.104769
0.104184
0.102814
0.0840397
0.0852233
0.0862298
0.0873736
0.0886435
0.0900736
0.0916779
0.0934851
0.0955342
0.0978412
0.100521
0.0827684
0.0816075
0.0805686
0.0796435
0.0788249
0.0781058
0.0774771
0.0769307
0.0764582
0.0760515
0.0757031
0.0754056
0.0751525
0.0749375
0.0747549
0.0745999
0.0744674
0.0743534
0.0742552
0.074171
0.0740965
0.0740238
0.0424639
0.0435383
0.0446232
0.0457278
0.0468647
0.0480762
0.0493661
0.0512422
0.0538055
0.0568188
0.0603106
0.0642976
0.0687437
0.0735643
0.0786146
0.0836978
0.0885773
0.0930056
0.096752
0.0996431
0.101572
0.102537
0.102586
0.101885
0.100548
0.0835753
0.0846552
0.0855792
0.0866232
0.0877795
0.0890769
0.0905276
0.0921565
0.0939974
0.0960648
0.0984534
0.0824112
0.0813471
0.0803903
0.0795355
0.0787757
0.0781052
0.0775159
0.0770006
0.0765518
0.0761622
0.0758248
0.0755332
0.0752812
0.0750631
0.0748738
0.0747085
0.0745627
0.0744335
0.0743191
0.074215
0.0741131
0.0436676
0.044816
0.0459731
0.0471561
0.0483629
0.0496403
0.0513934
0.0537483
0.0564654
0.059587
0.0631308
0.0670835
0.0713888
0.0759449
0.0806028
0.0851761
0.0894565
0.0932397
0.0963482
0.0986615
0.100118
0.100742
0.100595
0.0998245
0.0985355
0.0831596
0.0841471
0.0849968
0.0859519
0.0870075
0.0881872
0.0895024
0.0909741
0.0926311
0.0944899
0.0966235
0.0820909
0.0811134
0.0802304
0.0794388
0.0787321
0.0781054
0.0775515
0.077064
0.0766361
0.0762613
0.0759333
0.0756459
0.0753937
0.0751715
0.0749743
0.0747977
0.0746385
0.0744947
0.0743616
0.0742312
0.0449232
0.0461383
0.0473562
0.0486008
0.0498596
0.0515408
0.0537236
0.0562103
0.059026
0.0622039
0.0657377
0.0695967
0.073708
0.0779623
0.0822135
0.0862918
0.090019
0.0932308
0.0957944
0.0976301
0.098709
0.099072
0.098784
0.0979771
0.0967447
0.0827871
0.0836922
0.084475
0.085351
0.0863167
0.087392
0.0885871
0.0899201
0.0914151
0.0930886
0.095
0.0818041
0.0809041
0.0800874
0.0793526
0.0786936
0.0781062
0.0775841
0.0771213
0.0767119
0.0763497
0.0760291
0.0757445
0.0754908
0.0752631
0.0750569
0.0748688
0.0746965
0.0745353
0.0743772
0.0462235
0.0474955
0.0487596
0.0500492
0.0516608
0.0537287
0.0560223
0.0585957
0.0614668
0.0646492
0.0681217
0.0718387
0.0757185
0.0796497
0.0834951
0.0871047
0.0903297
0.0930411
0.0951426
0.0965857
0.0973642
0.0975273
0.0971409
0.0963204
0.0951502
0.0824537
0.0832848
0.0840077
0.0848124
0.085698
0.0866802
0.0877687
0.0889787
0.0903311
0.0918407
0.0935581
0.0815476
0.0807169
0.0799598
0.0792761
0.07866
0.0781078
0.0776139
0.077173
0.0767794
0.0764278
0.0761129
0.0758295
0.0755729
0.0753384
0.0751226
0.074923
0.0747349
0.0745502
0.0475604
0.0488769
0.0501723
0.0517747
0.053736
0.0558943
0.0582618
0.0608857
0.0637686
0.0669114
0.0702799
0.0738189
0.0774424
0.0810426
0.0844944
0.0876685
0.0904435
0.0927206
0.0944326
0.0955539
0.096094
0.0961052
0.095652
0.0948341
0.0937287
0.0821555
0.0829204
0.0835894
0.0843296
0.0851434
0.0860425
0.0870361
0.0881368
0.0893629
0.0907276
0.0922734
0.0813183
0.0805497
0.0798462
0.0792083
0.0786306
0.0781099
0.0776411
0.0772192
0.0768393
0.0764962
0.0761852
0.0759014
0.0756403
0.0753983
0.0751728
0.074959
0.074749
0.0489248
0.0502723
0.0518443
0.0537633
0.0557953
0.0580138
0.0604245
0.0630623
0.0659194
0.0689849
0.0722159
0.0755513
0.0789053
0.0821767
0.0852547
0.0880302
0.090406
0.0923088
0.0936938
0.0945523
0.0949036
0.0948004
0.0943038
0.0935
0.0924582
0.0818889
0.0825947
0.0832146
0.0838972
0.0846462
0.0854708
0.0863795
0.0873829
0.0884968
0.0897329
0.0911269
0.0811138
0.0804008
0.0797455
0.0791485
0.0786052
0.0781125
0.0776657
0.0772603
0.0768917
0.0765553
0.0762463
0.0759604
0.075694
0.0754441
0.0752061
0.0749722
0.0503087
0.0519119
0.0537693
0.055741
0.0578185
0.0600708
0.0624937
0.0651132
0.0679116
0.0708696
0.073938
0.0770536
0.0801338
0.0830864
0.0858152
0.0882299
0.0902547
0.0918365
0.0929481
0.0935923
0.0937947
0.0936061
0.0930836
0.0923016
0.091321
0.0816509
0.0823037
0.0828791
0.0835096
0.0842002
0.0849578
0.0857906
0.086707
0.0877212
0.0888427
0.0901026
0.0809318
0.0802684
0.0796564
0.0790961
0.0785834
0.0781154
0.0776878
0.0772964
0.0769371
0.0766052
0.0762966
0.0760075
0.0757349
0.0754744
0.0752183
0.0519307
0.0537978
0.0556865
0.0576898
0.05979
0.0620499
0.0644575
0.06703
0.0697427
0.0725694
0.0754579
0.0783454
0.0811547
0.0838038
0.0862105
0.0883019
0.0900198
0.0913276
0.0922111
0.0926811
0.0927663
0.0925151
0.0919796
0.0912242
0.0903021
0.0814387
0.0820441
0.0825789
0.0831624
0.0838002
0.0844976
0.0852621
0.0861006
0.0870257
0.0880452
0.0891861
0.08077
0.0801511
0.0795778
0.0790503
0.0785648
0.0781184
0.0777074
0.0773278
0.0769755
0.0766463
0.0763366
0.0760434
0.0757621
0.0754856
0.0537921
0.055678
0.0575799
0.0595946
0.0616953
0.0639391
0.0663069
0.0688085
0.0714135
0.0740915
0.0767895
0.0794471
0.0819938
0.0843579
0.0864709
0.0882746
0.0897257
0.0908002
0.0914939
0.0918224
0.091816
0.0915197
0.0909806
0.0902549
0.0893883
0.0812498
0.0818127
0.0823105
0.0828516
0.0834416
0.0840847
0.0847876
0.0855562
0.0864016
0.0873299
0.0883651
0.0806266
0.0800476
0.079509
0.0790105
0.078549
0.0781215
0.0777246
0.0773544
0.0770071
0.076679
0.0763672
0.0760672
0.0757721
0.055649
0.0575372
0.0594351
0.0614419
0.0635231
0.0657295
0.0680363
0.0704473
0.0729279
0.0754456
0.077948
0.0803789
0.0826751
0.084775
0.0866223
0.0881714
0.0893914
0.090268
0.0908039
0.0910178
0.0909403
0.0906124
0.0900766
0.0893822
0.088568
0.0810821
0.081607
0.082071
0.0825736
0.0831203
0.0837142
0.0843617
0.0850673
0.0858412
0.0866879
0.087629
0.0805
0.0799565
0.0794489
0.0789762
0.0785357
0.0781245
0.0777393
0.0773764
0.0770323
0.076704
0.0763874
0.0760759
0.057487
0.0593614
0.0612392
0.0632207
0.0652642
0.0674149
0.0696432
0.071948
0.0742923
0.0766428
0.0789495
0.0811607
0.0832209
0.085078
0.0866865
0.0880117
0.0890321
0.089741
0.090146
0.0902675
0.0901349
0.089786
0.0892585
0.0885962
0.0878311
0.0809336
0.0814244
0.0818576
0.0823253
0.0828325
0.083382
0.0839793
0.0846282
0.0853379
0.0861113
0.0869684
0.0803886
0.0798769
0.0793969
0.078947
0.0785247
0.0781273
0.0777515
0.0773939
0.0770516
0.0767206
0.0763949
0.0592922
0.0611382
0.0629814
0.0649219
0.0669119
0.0689915
0.0711272
0.0733142
0.0755146
0.0776953
0.0798095
0.0818108
0.083651
0.0852868
0.086682
0.0878108
0.0886594
0.0892266
0.0895232
0.0895702
0.0893956
0.0890338
0.0885181
0.0878878
0.0871686
0.0808028
0.081263
0.0816679
0.082104
0.0825753
0.0830844
0.0836362
0.0842339
0.0848856
0.0855933
0.0863753
0.0802912
0.0798078
0.0793522
0.0789222
0.0785157
0.0781298
0.0777613
0.0774074
0.0770644
0.0767267
0.0610524
0.0628569
0.0646527
0.0665387
0.068462
0.0704578
0.0724901
0.0745513
0.0766037
0.0786154
0.0805433
0.0823463
0.0839832
0.0854186
0.0866241
0.0875813
0.0882822
0.0887298
0.0889367
0.088924
0.0887178
0.0883494
0.087848
0.0872492
0.0865729
0.0806881
0.0811208
0.0814998
0.081907
0.0823461
0.0828181
0.0833287
0.08388
0.0844794
0.0851279
0.0858425
0.0802065
0.0797483
0.0793143
0.0789018
0.0785086
0.0781319
0.0777689
0.0774163
0.0770691
0.0627572
0.0645086
0.0662462
0.0680661
0.0699118
0.0718141
0.0737352
0.075666
0.0775694
0.0794155
0.0811652
0.0827827
0.0842331
0.085488
0.0865256
0.0873332
0.0879074
0.0882541
0.0883871
0.0883266
0.0880971
0.087727
0.0872416
0.0866732
0.0860371
0.0805884
0.0809963
0.0813516
0.0817324
0.0821414
0.0825799
0.0830533
0.0835626
0.0841146
0.0847098
0.0853637
0.0801335
0.0796978
0.0792827
0.0788852
0.078503
0.0781336
0.077774
0.0774196
0.0643976
0.0660864
0.0677566
0.069501
0.0712607
0.0730622
0.0748674
0.0766657
0.0784217
0.0801077
0.0816887
0.083134
0.0844144
0.0855074
0.0863966
0.0870741
0.0875399
0.0878017
0.0878737
0.0877756
0.0875294
0.0871612
0.0866927
0.0861539
0.0855552
0.0805023
0.080888
0.0812215
0.0815783
0.0819599
0.0823684
0.0828071
0.0832784
0.0837873
0.0843343
0.0849336
0.0800713
0.0796557
0.0792571
0.0788722
0.078499
0.0781348
0.0777758
0.0659666
0.0675849
0.0691803
0.0708421
0.0725094
0.0742055
0.0758921
0.0775582
0.0791703
0.0807032
0.082126
0.0834125
0.0845389
0.0854871
0.0862458
0.0868104
0.0871834
0.0873739
0.0873959
0.0872681
0.0870106
0.0866471
0.0861962
0.0856855
0.0851221
0.0804291
0.0807945
0.0811083
0.081443
0.0817996
0.0821803
0.0825878
0.0830242
0.083494
0.0839975
0.0845473
0.0800194
0.0796215
0.0792369
0.0788625
0.0784963
0.0781352
0.0674587
0.0690002
0.0705155
0.0720891
0.07366
0.075248
0.0768155
0.0783516
0.0798249
0.0812128
0.0824884
0.0836294
0.0846165
0.085436
0.0860799
0.0865467
0.0868405
0.0869711
0.0869523
0.0868015
0.0865369
0.0861803
0.0857472
0.0852634
0.0847329
0.080368
0.0807149
0.0810105
0.0813251
0.0816587
0.082014
0.0823929
0.0827976
0.0832317
0.0836956
0.0842006
0.079977
0.0795946
0.0792217
0.0788561
0.0784953
0.0688699
0.0703301
0.0717613
0.0732434
0.0747154
0.0761946
0.0776444
0.079054
0.0803947
0.0816465
0.0827857
0.083794
0.0846558
0.085361
0.0859044
0.0862865
0.0865128
0.0865934
0.0865413
0.0863731
0.0861049
0.0857566
0.0853415
0.0848831
0.0843836
0.0803184
0.0806482
0.0809273
0.0812232
0.0815358
0.0818676
0.0822204
0.0825961
0.0829977
0.0834258
0.0838898
0.0799436
0.0795743
0.0792117
0.0788537
0.0701977
0.0715737
0.0729183
0.0743071
0.0756794
0.0770506
0.0783853
0.0796734
0.0808886
0.0820132
0.083027
0.0839148
0.0846643
0.0852682
0.0857237
0.0860327
0.0862016
0.0862404
0.0861616
0.0859803
0.0857113
0.0853725
0.0849752
0.084541
0.0840707
0.0802793
0.0805939
0.0808577
0.0811363
0.0814295
0.0817398
0.0820685
0.0824176
0.0827895
0.083185
0.0836118
0.0799182
0.0795608
0.0792079
0.071441
0.0727311
0.0739883
0.0752831
0.0765565
0.0778217
0.0790451
0.0802174
0.0813145
0.0823212
0.0832201
0.083999
0.0846481
0.0851625
0.0855412
0.0857872
0.0859074
0.0859115
0.0858113
0.0856208
0.0853531
0.0850246
0.0846449
0.0842335
0.0837906
0.0802499
0.0805511
0.0808011
0.0810636
0.0813389
0.0816292
0.0819358
0.0822605
0.0826051
0.0829708
0.0833637
0.0799014
0.0795558
0.0725997
0.0738035
0.0749734
0.0761751
0.0773513
0.0785137
0.0796305
0.0806932
0.08168
0.0825779
0.0833721
0.0840527
0.0846124
0.0850479
0.0853597
0.0855515
0.0856304
0.0856059
0.0854888
0.0852922
0.0850277
0.08471
0.0843475
0.0839576
0.0835407
0.0802307
0.0805185
0.0807566
0.0810044
0.0812629
0.0815347
0.0818209
0.082123
0.0824426
0.0827811
0.0831428
0.0798951
0.0736748
0.074793
0.0758768
0.0769871
0.0780689
0.0791325
0.0801479
0.0811076
0.081992
0.08279
0.0834891
0.0840814
0.0845615
0.0849277
0.0851813
0.0853266
0.0853708
0.0853227
0.0851927
0.0849924
0.0847325
0.0844259
0.0840804
0.0837108
0.0833184
0.0802238
0.0804967
0.080723
0.0809577
0.0812011
0.0814555
0.0817226
0.0820039
0.0823005
0.0826139
0.0829472
0.074668
0.0757022
0.076702
0.0777235
0.0787144
0.0796837
0.0806034
0.081467
0.0822567
0.0829634
0.0835764
0.0840897
0.0844992
0.0848045
0.0850076
0.0851132
0.0851281
0.085061
0.0849212
0.0847194
0.0844652
0.0841702
0.0838412
0.0834909
0.0831216
0.0804885
0.080701
0.0809224
0.0811523
0.0813909
0.0816402
0.081902
0.0821773
0.0824677
0.0827748
0.0755819
0.0765344
0.0774529
0.078389
0.0792929
0.080173
0.081003
0.0817772
0.0824799
0.0831034
0.0836387
0.0840813
0.0844285
0.0846805
0.0848399
0.0849116
0.0849022
0.0848198
0.084673
0.0844715
0.0842239
0.0839405
0.0836276
0.0832957
0.0829481
0.0806932
0.0808993
0.0811153
0.0813398
0.0815729
0.0818165
0.0820719
0.0823409
0.0826239
0.0764194
0.0772933
0.0781337
0.0789882
0.0798097
0.0806057
0.081352
0.0820437
0.0826667
0.0832146
0.0836801
0.0840598
0.0843519
0.0845574
0.0846791
0.0847221
0.0846926
0.0845981
0.0844467
0.0842469
0.0840067
0.083735
0.0834378
0.0831234
0.0827965
0.0808913
0.081091
0.0813011
0.0815196
0.0817465
0.0819834
0.0822323
0.0824932
0.0771841
0.0779826
0.0787487
0.0795257
0.0802696
0.080987
0.0816556
0.0822713
0.0828216
0.0833013
0.0837042
0.084028
0.0842716
0.0844365
0.084526
0.0845447
0.0844987
0.084395
0.0842409
0.0840442
0.083812
0.0835521
0.0832701
0.0829726
0.082665
0.0810824
0.0812755
0.0814791
0.0816911
0.081911
0.0821411
0.0823814
0.0778796
0.0786066
0.0793023
0.0800063
0.0806774
0.0813217
0.0819186
0.0824647
0.0829489
0.083367
0.083714
0.0839882
0.0841893
0.0843191
0.0843809
0.0843794
0.0843201
0.0842096
0.0840546
0.083862
0.0836383
0.0833901
0.083123
0.0828417
0.0825525
0.0812662
0.0814522
0.0816489
0.0818536
0.0820666
0.0822876
0.07851
0.0791694
0.0797989
0.0804345
0.0810377
0.0816143
0.0821453
0.0826278
0.0830522
0.083415
0.0837121
0.0839426
0.0841065
0.084206
0.0842444
0.084226
0.0841563
0.0840411
0.0838865
0.0836993
0.0834842
0.0832479
0.0829952
0.0827297
0.0824579
0.0814422
0.0816208
0.08181
0.0820074
0.0822111
0.0790793
0.0796753
0.0802428
0.0808146
0.0813549
0.0818691
0.0823397
0.0827644
0.0831348
0.0834481
0.0837009
0.0838929
0.0840245
0.0840979
0.0841164
0.0840843
0.0840066
0.0838886
0.0837357
0.0835543
0.0833487
0.0831242
0.0828856
0.0826356
0.0823807
0.0816101
0.0817808
0.0819624
0.0821505
0.0795916
0.0801284
0.0806382
0.0811508
0.0816331
0.0820899
0.0825055
0.0828779
0.0831997
0.0834688
0.0836824
0.0838406
0.0839442
0.0839954
0.0839973
0.0839542
0.0838706
0.0837513
0.0836016
0.0834265
0.0832306
0.0830181
0.0827935
0.0825588
0.0823194
0.0817696
0.0819322
0.0821046
0.080051
0.0805328
0.0809892
0.0814472
0.0818761
0.0822805
0.082646
0.0829713
0.0832495
0.0834792
0.0836584
0.0837871
0.0838664
0.0838988
0.0838871
0.0838354
0.0837477
0.0836288
0.0834831
0.0833151
0.0831291
0.0829288
0.0827181
0.082498
0.0822727
0.0819206
0.0820742
0.0804616
0.0808925
0.0812997
0.0817073
0.0820874
0.0824442
0.0827644
0.0830471
0.0832866
0.0834814
0.0836302
0.0837333
0.0837919
0.0838084
0.0837858
0.0837275
0.0836376
0.0835202
0.0833794
0.0832193
0.0830436
0.0828557
0.0826583
0.0824518
0.0822417
0.0820628
0.0808272
0.0812114
0.0815733
0.0819349
0.0822705
0.082584
0.0828634
0.083108
0.0833128
0.0834769
0.0835992
0.0836801
0.0837212
0.0837247
0.0836933
0.0836304
0.0835398
0.0834251
0.08329
0.0831384
0.0829735
0.0827977
0.0826128
0.0824214
0.0822301
0.0811518
0.0814929
0.0818135
0.0821332
0.0824284
0.0827027
0.0829455
0.0831561
0.0833302
0.0834673
0.0835664
0.0836285
0.0836548
0.0836476
0.0836096
0.0835439
0.0834538
0.0833429
0.0832145
0.083072
0.0829178
0.0827536
0.0825826
0.0824103
0.0814387
0.0817407
0.0820237
0.0823052
0.0825638
0.0828029
0.0830129
0.0831932
0.0833403
0.0834537
0.083533
0.0835789
0.083593
0.0835773
0.0835346
0.0834676
0.0833794
0.0832733
0.0831525
0.0830193
0.0828755
0.0827243
0.0825715
0.0816916
0.0819579
0.0822067
0.0824537
0.0826794
0.0828869
0.0830676
0.0832212
0.0833446
0.0834374
0.0834996
0.083532
0.0835361
0.083514
0.0834682
0.0834013
0.0833163
0.0832161
0.0831031
0.0829791
0.0828474
0.0827136
0.0819136
0.0821476
0.0823656
0.0825814
0.0827776
0.0829569
0.0831116
0.0832416
0.0833442
0.0834193
0.083467
0.0834882
0.0834844
0.0834577
0.0834103
0.0833449
0.0832642
0.0831705
0.0830655
0.0829524
0.082837
0.0821078
0.0823126
0.0825029
0.0826907
0.0828605
0.0830147
0.0831464
0.0832557
0.0833403
0.0834002
0.0834357
0.0834479
0.0834381
0.0834084
0.083361
0.0832984
0.0832227
0.0831357
0.0830405
0.0829426
0.082277
0.0824556
0.0826209
0.0827838
0.0829301
0.0830619
0.0831735
0.0832647
0.0833338
0.0833809
0.0834064
0.0834114
0.0833973
0.0833662
0.0833202
0.0832612
0.083191
0.0831126
0.0830313
0.0824238
0.0825789
0.0827221
0.0828626
0.0829881
0.0831002
0.0831942
0.0832697
0.0833255
0.0833619
0.0833793
0.0833789
0.0833622
0.0833311
0.0832875
0.0832327
0.0831699
0.0831041
0.0825507
0.0826848
0.0828082
0.0829289
0.083036
0.083131
0.0832096
0.0832716
0.0833163
0.0833439
0.0833549
0.0833508
0.0833329
0.083303
0.0832624
0.0832138
0.0831622
0.0826599
0.0827753
0.0828813
0.0829844
0.0830754
0.0831553
0.0832206
0.0832713
0.0833067
0.0833271
0.0833336
0.0833272
0.0833093
0.0832813
0.0832457
0.0832069
0.0827534
0.0828523
0.0829429
0.0830306
0.0831075
0.0831743
0.0832283
0.0832694
0.0832971
0.0833122
0.0833155
0.0833081
0.0832911
0.0832669
0.0832396
0.0828332
0.0829175
0.0829945
0.0830687
0.0831334
0.083189
0.0832334
0.0832664
0.0832882
0.0832994
0.0833008
0.0832933
0.083279
0.0832616
0.0829008
0.0829723
0.0830375
0.0831
0.0831541
0.0832001
0.0832364
0.0832631
0.0832803
0.0832888
0.0832893
0.0832834
0.0832745
0.0829579
0.0830182
0.0830731
0.0831254
0.0831704
0.0832083
0.083238
0.0832597
0.0832736
0.0832805
0.0832816
0.0832797
0.0830058
0.0830563
0.0831023
0.0831458
0.0831831
0.0832143
0.0832387
0.0832565
0.0832682
0.0832748
0.0832785
0.0830457
0.0830878
0.0831261
0.083162
0.0831929
0.0832186
0.0832388
0.0832539
0.0832645
0.0832726
0.0830786
0.0831135
0.0831452
0.0831748
0.0832002
0.0832214
0.0832385
0.083252
0.0832631
0.0831057
0.0831342
0.0831603
0.0831845
0.0832055
0.0832232
0.0832382
0.0832508
0.0831276
0.0831508
0.0831721
0.0831918
0.0832091
0.0832244
0.083238
0.0831451
0.0831637
0.0831809
0.0831969
0.0832115
0.0832252
0.0831588
0.0831734
0.0831872
0.0832003
0.0832129
0.0831692
0.0831805
0.0831914
0.0832019
0.0831767
0.0831851
0.0831931
0.0831817
0.083187
0.0831837
)
;

boundaryField
{
    inlet
    {
        type            zeroGradient;
    }
    outlet
    {
        type            fixedValue;
        value           uniform 0;
    }
    upperWall
    {
        type            symmetryPlane;
    }
    lowerWall
    {
        type            symmetryPlane;
    }
    cylinder
    {
        type            zeroGradient;
    }
    frontAndBack
    {
        type            empty;
    }
}


// ************************************************************************* //
